Car -1 -1 0 325.17767620212635 176.25412105268347 616.8153218489033 369.1375887552502 1.550566 1.5925376 3.6885095 -1.2002478 1.5970385 7.866316 1.8636644 130.95578538764485 
Car -1 -1 0 601.8992256833166 177.88373587386528 719.4615324765967 263.50606856655423 1.4474596 1.5614203 3.6566129 1.1445414 1.5616655 14.406654 1.8676398 140.65892856915326 
Car -1 -1 0 942.5035917572905 197.28278054048607 1242.0 375.0 1.4623852 1.4852291 3.0775506 3.8956656 1.7289392 6.1847677 1.866033 75.57761619562469 
Car -1 -1 0 886.1296113241955 178.83009355029992 955.5346006361337 244.20860540239806 1.6429751 1.6323075 3.1333475 8.632689 1.8248539 20.206251 1.928802 56.25123184882237 
Car -1 -1 0 740.966606431037 168.38169932735698 786.4661855697074 208.10873008439805 1.7109058 1.6974753 4.058576 7.1600103 1.5182991 33.263485 1.870226 29.83524467801093 
Car -1 -1 0 860.8453999607507 173.2201398563723 887.3630936563416 195.24142079400963 1.6160291 1.6608995 4.1134424 20.20968 1.6451766 55.23194 1.8619089 9.565211392955872 
Car -1 -1 0 879.5627723369624 181.76500747803638 933.3838404710746 230.6299738074789 1.4811065 1.5771749 3.5311463 10.034281 1.8076015 24.505554 1.9406639 5.046381995325076 
Car -1 -1 0 771.1430379400065 174.1647995885829 800.2748786950541 202.24825942976264 1.4982393 1.5249265 3.7232294 9.958128 1.575753 40.67393 1.8270829 6.330932682395294 
Car -1 -1 0 591.4365293967741 168.34409730141746 702.7537909321329 208.82448183890048 1.5207815 1.6169589 4.116334 1.4941354 1.3513517 28.498444 0.30630165 10.566645075869568 

