Car -1 -1 0 675.3883383272866 181.75463693738814 740.9879146571712 228.32444809920892 1.4283772 1.5652387 3.4985855 3.2866974 1.7540715 24.609486 1.5105894 65.20562547879943 
Car -1 -1 0 744.3406155346551 175.92890628397416 924.7260563276349 302.42546911154705 1.6049209 1.6274903 3.722657 3.2308102 1.6602076 11.109181 1.5741804 122.82794464707142 
Car -1 -1 0 829.7715040816562 186.35193346140952 1242.0 375.0 1.5218477 1.5889711 3.541263 3.1804132 1.6688318 6.0811114 1.5775896 89.20812190062831 
Car -1 -1 0 0.0 185.5910490620295 304.47644801532783 308.0472105080508 1.415325 1.6380494 4.336746 -6.5315275 1.5999092 9.497657 -0.0653148 126.48451428330138 
Car -1 -1 0 173.3396817214708 179.62627081785175 400.63491787067136 257.57459874814623 1.5131373 1.6628 4.003718 -6.59566 1.6631501 15.073658 -0.03916763 69.25102429777483 
Car -1 -1 0 729.0227545639575 180.76086715005644 825.6708895601902 214.46078359024781 1.4297307 1.5951996 3.9324265 7.358984 1.7888772 31.898094 0.040051132 20.756034778484974 
Car -1 -1 0 307.322132379372 174.98899138432554 463.99794983285284 237.53570142624486 1.6264 1.6264459 3.7584581 -6.0218506 1.6871498 19.67571 0.022451498 24.663280900548784 
Car -1 -1 0 377.5730042445282 171.59904059219056 505.0881360483137 225.05895530108054 1.7497092 1.6353769 3.9241264 -5.6526012 1.7086351 24.52038 0.04488685 26.44356066926291 
Car -1 -1 0 400.1135536462614 171.46122187242585 510.109976847658 215.01982142307804 1.7096211 1.6840962 4.2094173 -6.20485 1.6549561 29.35679 -0.094717674 7.310126487921877 
Car -1 -1 0 719.1036033573948 174.71977610187363 807.5395581986674 210.20986599878555 1.6409816 1.6571825 3.9569187 7.283128 1.7326717 34.46286 0.08621576 6.1512893962245085 
Car -1 -1 0 257.7732759367554 181.13674967294943 456.2339766398549 247.33491679491985 1.4684745 1.6200414 4.177599 -5.884309 1.6764731 17.18019 -0.06267905 8.267810518732912 
Car -1 -1 0 484.5335701136262 175.0456456786 551.6316323587192 200.01818420049972 1.6338589 1.6787014 4.269586 -6.0711503 1.7828033 48.19542 -0.00049944606 4.823131736772856 
Car -1 -1 0 343.6545265819574 181.66249405443568 492.8733584584275 232.2038479417899 1.4708686 1.60184 4.146211 -5.802323 1.7521422 22.170824 0.03324825 8.051568417886452 

