Car -1 -1 0 787.2513697006058 185.23134755483167 1098.0453762787195 302.4993208169261 1.4710915 1.5979915 3.6723962 4.563206 1.6620066 10.18963 -0.078073084 117.28622138861456 
Car -1 -1 0 452.6179464202609 177.5621385709011 490.9256647861891 203.5324080447994 1.6666996 1.6434191 3.8032007 -9.417491 2.0007648 49.126713 1.1233283 19.69835261140128 
Car -1 -1 0 0.0 183.4257265727502 285.7467386326533 286.12094248000653 1.4680747 1.6092274 3.8994994 -7.4376864 1.6489265 11.423749 -0.059793904 137.83988658561728 
Car -1 -1 0 734.740979672444 187.20645531880163 985.8314557446196 280.23085693769576 1.4564271 1.553192 3.774007 4.192338 1.7203481 12.414114 -0.041346535 34.53678659480429 
Car -1 -1 0 36.949613073675295 179.35987717009516 290.62118872914215 271.4107966546158 1.5955439 1.6322707 3.7787766 -8.308809 1.7295432 13.761662 -0.15590806 26.25125424308171 
Car -1 -1 0 1010.082743027995 182.59706052336736 1080.4695408195726 208.15322239926007 1.4888959 1.7127283 3.8834853 27.481472 2.1330597 45.65282 1.4137774 32.34234282919328 
Car -1 -1 0 1109.032419611448 189.2929806105448 1168.0209047155386 227.5538938212484 1.3682806 1.5841135 3.9305043 21.674885 2.0861392 29.513052 2.2973638 17.73209204064874 
Car -1 -1 0 123.78332641560388 172.82840817765424 330.38622436271646 255.1117227096987 1.735245 1.6665151 3.8093987 -8.50861 1.7347052 16.360533 -0.17044953 35.5570642043049 
Car -1 -1 0 190.4494488727411 167.40603499471072 362.99716239091043 240.42834421485006 1.7851408 1.6128329 3.814973 -8.53598 1.6519569 18.80759 -0.19953737 6.457667250448284 

