Car -1 -1 0 363.4091103555542 191.8801321424382 448.77619955780494 246.66976559381254 1.4700475 1.533141 3.5319757 -6.2143297 2.1080747 22.40117 1.6105592 78.88483503570228 
Car -1 -1 0 659.120781581282 175.34374787865872 721.527089837587 224.0877664579808 1.6054548 1.639456 3.876422 2.8216076 1.7017798 25.940983 1.5240521 71.53704377638299 
Car -1 -1 0 463.79002372317035 182.9257577843371 509.3617220535831 217.72404934185042 1.5854216 1.6445242 4.204748 -6.106113 2.1205149 36.216557 1.5520948 32.40899561511629 
Car -1 -1 0 413.9604393001843 189.6816037216488 481.4716579601053 232.74378208777281 1.4534187 1.5965214 3.8778389 -6.160451 2.1491523 27.862148 1.6113319 48.4523986944434 
Car -1 -1 0 0.0 204.7510387139819 96.1567345814819 246.72250308852983 1.462671 1.6058921 3.7658558 -23.411837 2.8710418 29.951242 1.5392908 21.07846595846516 
Car -1 -1 0 40.47643591544431 201.61557490170236 145.23549099756502 246.16707889378054 1.5390633 1.5959414 3.6761675 -20.73341 2.77388 29.138924 1.5716428 30.776917413848448 
Car -1 -1 0 532.0894713825933 182.04380760133122 556.6585241767891 198.76624710708526 1.4860475 1.5959033 4.025141 -6.154666 2.3848577 68.488754 1.6694069 2.095498127793246 
Car -1 -1 0 627.5728749757602 175.14831517228728 645.5485660024184 189.5864269757836 1.4515134 1.6220161 3.7165172 2.7844949 1.6960355 75.018196 1.5410825 2.406238152679239 
Car -1 -1 0 109.19266780993217 201.67790186209012 203.70845773747183 244.34041916919668 1.4522393 1.6225739 3.8562357 -18.220407 2.6987352 29.221176 1.4981983 2.043514577098301 
Car -1 -1 0 513.2603235646056 181.3136110371344 535.5007957546679 203.30979983475777 1.4859165 1.5440536 4.294629 -6.1825066 2.129292 52.660286 1.4691538 0.5760674715676215 

