Car -1 -1 0 678.5026631463405 183.84098837558136 750.2979510641931 240.79590953136366 1.4211144 1.571383 3.4608872 2.879848 1.7584937 20.415724 1.5839899 86.92909867797184 
Car -1 -1 0 777.335292628865 177.27799422306686 1152.0896787199022 375.0 1.6432201 1.581898 3.4552107 2.812993 1.694545 6.6013784 1.5142465 148.40413140163676 
Car -1 -1 0 730.1397692788671 175.43372298170934 855.4948589291382 225.8110068543976 1.7097497 1.7093911 4.0675335 6.411264 1.8047633 25.582401 0.0688325 62.33297200091154 
Car -1 -1 0 220.77561440097313 186.7797032642752 432.3114598308009 258.1760340951064 1.4506035 1.593428 4.0145464 -6.095705 1.7721477 15.823355 0.020121532 80.69665527118008 
Car -1 -1 0 0.0 187.75735775946 275.4814766763695 344.838900206016 1.5173192 1.6179882 3.965172 -6.0934777 1.7042462 8.099942 0.07226226 64.80951839050847 
Car -1 -1 0 287.68088530464576 184.24378784160103 466.31746687456314 247.58923351217908 1.4810525 1.5767194 3.9425085 -5.709171 1.7782974 17.999529 0.02162633 69.1347602750594 
Car -1 -1 0 636.1002175523589 178.90992852219642 660.3604418140103 200.47964296963673 1.5215573 1.7047063 4.2974195 2.8730388 1.9954056 54.28691 1.5967358 6.426170256022265 
Car -1 -1 0 340.461390726834 181.48181857383736 486.4046514940144 231.1058983306291 1.4809916 1.6109247 4.1549993 -6.136901 1.7652749 22.819998 0.07278216 37.34655559670407 
Car -1 -1 0 351.27818930714704 179.63945312692266 474.5747209459977 227.08285427538482 1.6013806 1.6320205 3.9119503 -6.8612056 1.8485961 25.442133 -0.015270384 7.396507746434092 
Car -1 -1 0 0.0 164.82039228797063 287.7708691209825 300.7260507324755 1.7840492 1.6619647 3.8656425 -6.932005 1.678591 10.3799515 -0.040333677 26.05459207901704 
Car -1 -1 0 80.7853502285788 186.31032719827957 344.57825803659506 275.3095355056159 1.4812038 1.5917058 3.9058113 -7.0586796 1.7416499 13.115392 -0.02784379 17.381440962076816 
Car -1 -1 0 315.4184109549057 180.7469480004202 465.5063741443659 239.43338716016837 1.5699072 1.5583816 3.7685614 -6.1565905 1.8042345 20.487053 0.08376138 10.275881947576773 
Car -1 -1 0 424.75795069808976 180.31497147115965 512.7271341899249 219.48383954832678 1.4601785 1.6188718 3.8664153 -5.8155026 1.7857594 29.55938 0.7701631 2.760683112130552 
Car -1 -1 0 380.5146095262749 181.12941340472773 499.62828566972513 220.95647801636918 1.4615748 1.6090956 4.179062 -6.4492626 1.7894382 27.7141 0.032734137 3.793181712960825 
Car -1 -1 0 679.5438848361509 180.66195078207784 757.9494838672342 209.6647458410968 1.50681 1.611622 3.9683182 5.817581 1.9347603 38.735485 0.0029712804 2.517319421291636 
Car -1 -1 0 437.8319333159648 172.33149308930803 521.6440181219747 207.5920847791185 1.7811949 1.5830588 4.0477448 -6.655921 1.7548002 37.252686 -0.006209865 0.7785493914598222 

