Car -1 -1 0 664.5826961942664 184.01166301452832 768.0703898522446 258.18393297653165 1.4261786 1.5364536 3.9820263 2.306312 1.7132139 16.524273 1.5044252 54.700844184960566 
Car -1 -1 0 48.89733334426334 193.59255957796432 440.4978986551362 375.0 1.4678926 1.6302991 4.069316 -2.6625814 1.7112856 6.383916 1.5044359 101.85262719815675 
Car -1 -1 0 749.134897309172 149.6260299091601 1136.4060789288371 375.0 1.8339515 1.6079274 3.7633214 2.4561698 1.6893079 6.3977575 1.5411693 119.95764715148673 
Car -1 -1 0 448.7006920700291 183.94788446477259 535.1576219686444 245.30635175708215 1.4636962 1.6954353 4.070825 -3.1382277 1.8025413 19.994678 1.5805073 81.46999096499886 
Car -1 -1 0 529.9812433476507 178.05826207875273 563.9938251060614 206.87038531573162 1.5459223 1.6316838 3.878051 -3.5408788 1.8582497 41.359226 1.5658903 19.029589312113256 
Car -1 -1 0 706.1920701889962 182.26510538113982 875.9427748232184 304.5185896417581 1.5319101 1.6044914 4.048411 2.6290083 1.7070535 11.391448 1.5550455 41.21732666680188 
Car -1 -1 0 626.1189559681011 174.0670140466431 655.0880235568629 201.11890742245893 1.6797132 1.6521466 4.102888 1.9834242 1.7622814 47.0506 1.5557725 10.265205733596323 
Car -1 -1 0 557.1034493630784 177.59156257780154 577.8604432237865 196.69739111460527 1.4990699 1.6586696 4.297204 -3.5028872 1.9067844 59.898903 1.5076394 1.852863574754833 
Car -1 -1 0 508.68922971414804 179.03467118853925 533.9238743018553 198.7933116952058 1.4899555 1.5425276 4.249816 -7.041587 2.003978 57.875477 1.5614055 9.430364435237541 

