Car -1 -1 0 384.45906580030646 191.63496733679716 463.496703476789 244.27914841118857 1.4526169 1.5567851 3.6810017 -5.833902 2.1012344 23.072826 1.5780902 56.583509958345424 
Car -1 -1 0 315.52228882390034 194.6652032479778 427.8057254842052 263.6964468949334 1.4423385 1.5845404 3.8282592 -5.8530617 2.0506098 18.20486 1.5666423 79.81220208379877 
Car -1 -1 0 166.03575192847026 199.31696892589846 364.4723062531566 306.30286084216414 1.4657154 1.6310725 3.904624 -5.8476777 2.0075998 12.814889 1.5804594 99.52696102245869 
Car -1 -1 0 807.5881046574244 160.0107616052622 948.0911652898459 204.54796886157519 1.4841677 1.6740948 4.230131 9.190464 1.0561767 24.92535 -0.020710321 59.76529287300377 
Car -1 -1 0 430.40301242380326 190.2097669955172 491.98726754853993 230.30624929329298 1.3992939 1.6305593 4.1246443 -5.8808727 2.1471522 29.028446 1.5705168 29.448375318943473 
Car -1 -1 0 472.42468070547346 186.7543920576731 521.0907165859134 220.08301589633226 1.5141016 1.5650177 3.953084 -5.6424417 2.2564769 36.50409 1.6478798 17.319622583700145 
Car -1 -1 0 656.5731531552165 175.88747157079118 696.5520004307058 211.38646336944655 1.6757555 1.6108637 3.9266286 3.3231688 1.8369478 36.36936 1.5602694 19.409756152628155 
Car -1 -1 0 807.2469700397264 156.69173631402762 922.3746319610304 201.2827223020831 1.641032 1.6214942 3.794746 9.637429 1.0462302 27.414331 -0.02631448 12.84893778647709 
Car -1 -1 0 663.8713432786013 176.69758966308527 713.92939850681 214.9716728362481 1.519425 1.6099774 3.8716192 3.3423045 1.6949894 30.99776 1.5394413 15.503638403671493 
Car -1 -1 0 778.6295583467122 168.10525196917865 882.5757522829647 204.49142183246627 1.4481142 1.5930407 3.8965065 9.179913 1.2591211 30.01908 -0.27943462 5.383498422821708 
Car -1 -1 0 1081.349619606918 141.85131905089312 1191.7285493973518 178.3078978969235 1.5897206 1.5698456 3.8044403 23.510433 0.23782176 32.270237 -0.011613885 8.975220831316392 
Car -1 -1 0 1113.471938784602 142.0866439600704 1239.6463597266886 179.20448459980034 1.4892224 1.5835322 3.961352 23.306389 0.25479063 29.746145 -0.0026386946 7.7158143708484594 
Car -1 -1 0 649.7921036016094 178.32076357605007 679.6738597763963 204.33977397655244 1.5729644 1.5103743 3.5970368 3.4970944 1.9369262 46.2126 1.533546 2.242717896405833 
Car -1 -1 0 736.7885974100575 172.45760111131514 787.5520425567728 204.78894297153886 1.4216964 1.5521867 3.6093097 7.0315027 1.4042655 33.542984 1.557224 2.956422953222546 

