Car -1 -1 0 261.83733793902803 185.3502653334479 391.5176175528354 267.18462859346226 1.4939504 1.683474 4.125144 -6.070154 1.8078078 15.975097 1.4531367 68.87173911967602 
Car -1 -1 0 744.2877520007256 175.3984770098365 1028.6353370320398 356.2392012806392 1.5273497 1.5817851 3.2698188 2.7075946 1.5610485 7.8490033 1.4687302 99.59388437880321 
Car -1 -1 0 579.1234653325671 174.5603064423256 637.3326334101532 219.6042825417729 1.5521122 1.5950363 3.548514 -0.11466771 1.6201558 26.889305 1.3999212 80.87863927083853 
Car -1 -1 0 557.9590420765064 174.39469259977184 594.1605484054817 204.7027416342485 1.473212 1.5585935 3.6221027 -1.7678802 1.5566187 37.163284 1.438797 28.573367418390376 
Car -1 -1 0 405.9827300752349 181.31747688967556 450.7182588283821 217.31049788525362 1.4607137 1.5634345 3.699369 -8.011149 1.8604792 32.138607 1.4269122 24.586217353099425 
Car -1 -1 0 150.73976531155333 194.00666293271783 337.0853649010515 319.1879953769393 1.417146 1.5418481 3.639705 -5.200745 1.7891401 10.75545 1.3785295 30.872706490158777 
Car -1 -1 0 646.173807210999 165.15969808843218 775.767413294425 258.20689783746536 1.6668599 1.6070628 3.6332424 1.9390891 1.529023 14.852747 1.3994573 98.15185846947224 
Car -1 -1 0 422.6494347639074 176.6335816593622 460.1450891588797 205.9613578189516 1.5625458 1.596951 3.8628383 -9.494478 1.7876021 40.961502 1.4687427 4.538924859238597 
Car -1 -1 0 536.2728842996015 175.47216182501157 566.8064654912665 197.9779443222281 1.5623765 1.6294335 3.7834544 -4.2639165 1.7605935 52.594658 1.32851 4.326224195676097 

