Car -1 -1 0 3.576659219946232 187.1266405805566 244.23115401535614 292.05601199325156 1.5749681 1.662226 3.9903345 -8.315825 1.614508 12.868507 1.5580759 128.48078886091488 
Car -1 -1 0 266.4659593319107 193.9116303133323 436.62073982783244 296.49221793592613 1.4148104 1.590716 3.9141877 -4.1143417 1.586638 12.227039 1.544648 109.44576416471438 
Car -1 -1 0 263.78883856748087 187.85178432792486 361.94433468884733 240.48297086642452 1.3895628 1.5574751 3.5553641 -8.4641485 1.4731331 20.975178 1.5209436 22.476153290213784 
Car -1 -1 0 431.7209612954186 186.2086553305319 505.7471210224672 234.13062126303788 1.4285777 1.5857406 3.5301304 -4.3988843 1.4632452 23.300808 1.6129198 68.5646746556679 
Car -1 -1 0 381.98704140007106 183.3093601689294 437.45183333281835 220.42573939293285 1.5444305 1.5986036 3.5317972 -8.640969 1.4651068 31.707623 1.5318577 33.37603592478344 
Car -1 -1 0 578.2456558125203 180.06437664660643 609.2657732823548 208.45675704441115 1.4858549 1.6237326 3.6941621 -0.73712295 1.2162714 39.4815 1.5524073 17.27092117962729 
Car -1 -1 0 479.6422038025483 183.37029297147575 521.7880877155266 216.44439187814214 1.4449778 1.5432266 3.925163 -4.888924 1.3643537 33.401104 1.5263486 19.798728903508216 
Car -1 -1 0 506.5578091246445 181.99767622587655 540.9073070732799 207.49477777220764 1.450839 1.5851748 3.7701616 -4.9235654 1.2677268 42.79434 1.5769333 10.244583929879013 
Car -1 -1 0 361.9098612847586 181.00186440505266 416.59047550037025 207.9371594914392 1.4791682 1.5789961 3.8066874 -12.504661 1.2477629 41.468376 1.7051783 6.585660867259168 
Car -1 -1 0 248.1330772911584 172.468428735814 340.76530700201926 225.75342483586797 1.971463 1.8614378 4.4739037 -12.408191 1.4998336 28.855328 1.5466628 4.389085665972373 

