Car -1 -1 0 329.4712088052763 182.96820260465282 477.8433929826034 278.01662613135153 1.4840994 1.6149287 3.7024186 -3.5147321 1.4490067 13.084773 1.5824008 102.27115176957439 
Car -1 -1 0 82.34515540048996 175.5164907363724 288.8925349660349 274.50243237529986 1.6077304 1.6356914 3.9471154 -7.724247 1.4501958 13.656389 1.5619385 117.60014861481629 
Car -1 -1 0 581.8097619692287 176.8201680759519 619.9048701563148 212.34255067580227 1.512691 1.6231388 3.2621665 -0.30190656 1.1551744 32.258766 1.550931 23.095118831321866 
Car -1 -1 0 279.3687988311197 184.65171747753934 389.2688493412721 239.74610715001057 1.4204437 1.5899054 3.7292538 -7.613969 1.4059031 20.427237 1.6090834 33.555456731268166 
Car -1 -1 0 480.59711686842286 179.6376939343254 542.5789778308335 225.52169041109042 1.4905651 1.6436684 4.206736 -3.2949793 1.3093607 25.457443 1.5687586 57.56744003661493 
Car -1 -1 0 0.0 187.3903776606933 147.35021847989734 264.4562767301013 1.4157505 1.6387765 4.171243 -12.087774 1.4688586 15.440241 1.6084981 32.45971466990603 
Car -1 -1 0 446.38883946528557 179.15971788078247 486.6335291841501 207.0202016258962 1.4553143 1.6176805 3.5497906 -7.65065 1.1389754 39.350945 1.5373703 20.46291838256821 
Car -1 -1 0 182.6444696688976 181.36727731626422 292.0643897530374 230.96814790954085 1.4459893 1.5922232 3.547199 -11.566875 1.3337982 22.742958 1.587318 7.28202257803247 
Car -1 -1 0 386.5663265713538 183.30690371577896 450.13211613226593 221.15793323324527 1.407143 1.5280992 3.7480376 -7.431013 1.336182 28.601818 1.5757191 3.770822712231666 
Car -1 -1 0 361.03840409138496 174.627363781138 399.69148181917785 202.90952002931974 1.4803965 1.5239389 3.7756104 -12.446934 0.9261625 39.615845 1.4038783 1.1551518823779805 

