Car -1 -1 0 687.2472505600192 186.87366851899407 797.3221675431107 260.899293175898 1.4272432 1.5650383 3.4193544 2.8865287 1.7797943 16.364992 1.4704883 108.32384482409864 
Car -1 -1 0 647.7414423950113 181.49394305086673 708.7712737174709 225.71969533024165 1.4201615 1.6091244 4.14477 2.3997738 1.7580459 26.106035 1.5188935 48.746865722769286 
Car -1 -1 0 83.28349031993893 193.70144531918626 369.9447220214174 286.5762421337617 1.4269197 1.6101999 4.0231 -6.3541923 1.8050225 12.269336 0.0058942023 130.72610166815875 
Car -1 -1 0 395.4751215248166 183.68076174392044 511.2227386797478 221.60902451728487 1.4845092 1.6757187 4.382097 -6.416522 1.9483111 29.871561 0.093145646 29.290284330030374 
Car -1 -1 0 273.8814136552068 187.8258201119798 442.9945268597428 246.64290288944122 1.4603485 1.6114658 3.9480405 -6.62057 1.8786156 19.26372 0.04507105 42.581301682096345 
Car -1 -1 0 173.34649118857425 189.81349710236174 390.7810114859042 268.9264864087908 1.4728308 1.5340276 3.698987 -6.504546 1.8341889 14.574648 0.017495079 35.85963443879809 
Car -1 -1 0 342.01714620077666 184.6385332101291 466.94170113368233 232.04673434153307 1.4947572 1.5493509 3.711725 -6.8064775 1.904074 24.135712 0.08293203 13.637776594899163 
Car -1 -1 0 304.92056344932365 184.95837069698936 452.05195319785037 237.09157943267957 1.4752231 1.59289 3.9282165 -6.857587 1.8536618 21.689781 -0.037146382 16.67275711833283 
Car -1 -1 0 229.18152876001471 190.05400961055494 414.37870744353916 256.4235878649597 1.4332008 1.5483489 3.7404337 -6.6791105 1.8588502 16.952599 0.07013514 23.921825502658493 
Car -1 -1 0 643.1314251257825 179.6309597415996 681.692483407872 211.16047821244427 1.4884832 1.5392632 4.1191673 2.6592484 1.8560071 37.044807 1.5358672 6.899252246480302 
Car -1 -1 0 454.9530209906539 178.18008928766253 528.3103515504149 209.37855797829653 1.661411 1.6237912 3.674868 -6.5076075 1.9647949 39.957203 0.18917662 3.4527111700565194 
Car -1 -1 0 628.5624997403825 176.9211445828529 652.3463711002094 197.754446902128 1.5458665 1.581981 3.7611666 2.3751903 1.8733006 56.18571 1.5410695 2.0469038818003757 

