Car -1 -1 0 698.006976596662 181.03794414656272 846.1783258867044 279.5682100510506 1.4735947 1.6339475 4.266815 2.7826715 1.649095 13.311601 1.5348302 92.85829175553204 
Car -1 -1 0 673.0693714172052 177.92505202046752 738.9680084206415 224.80642981774776 1.4068501 1.5563278 4.0172305 3.1341186 1.590652 24.122023 1.5417591 50.01620268183544 
Car -1 -1 0 259.6232610658562 185.9162331945289 460.4191616211065 250.86767795891242 1.4291859 1.6202549 4.2160625 -5.8413305 1.7567179 17.170008 0.053825766 97.494762414089 
Car -1 -1 0 46.46670298720261 180.35521482546775 341.87073134920666 291.50177169078484 1.6035136 1.6155598 3.8946116 -6.530504 1.7341462 11.555713 0.10627084 55.38360660668318 
Car -1 -1 0 0.0 189.91478156930347 278.1907919918452 322.7479345041729 1.487139 1.6042389 3.8590822 -6.48407 1.7222979 9.117968 0.013148053 56.27309893356001 
Car -1 -1 0 293.28343207271286 179.77473076340712 456.4680047123429 238.6228885189763 1.5340469 1.6210568 3.9553616 -6.3531647 1.7319427 19.816463 -0.0025938065 15.463735397466104 
Car -1 -1 0 646.9908132054051 172.35162249957142 682.4361475716468 200.4617082489432 1.614368 1.6383427 3.8773243 3.2723737 1.5855161 43.41781 1.5172167 8.788624460248567 
Car -1 -1 0 330.9533811282865 167.71391854308806 469.684581978411 228.2968833579179 1.7882094 1.6553426 3.769421 -6.3629665 1.6364911 22.193266 0.036475148 4.239810573262262 
Car -1 -1 0 454.98930188439624 175.81876057590165 532.4562534451031 204.77037011635903 1.497862 1.5742685 3.8182406 -6.1341405 1.6595147 38.42928 0.066577524 1.906337273034927 

