Car -1 -1 0 696.5523401039269 189.8330249170193 798.7997878499244 261.10996771087406 1.3713615 1.5380732 3.4642718 2.9643009 1.4839959 15.795899 1.5607508 99.62951657355225 
Car -1 -1 0 374.2365530073457 181.25995781767995 490.1184532790397 265.68077336673116 1.5928881 1.5948954 3.380651 -3.581248 1.5182495 15.265322 1.5852032 101.53689057391901 
Car -1 -1 0 157.73384400034462 187.98741189944627 314.0371357971889 263.6525884799181 1.4341556 1.5541149 3.482077 -7.816974 1.5006484 15.499146 1.577293 104.88398971545269 
Car -1 -1 0 452.42661531231664 180.9005134218419 522.2017433519313 232.3220794743527 1.5251234 1.6083513 4.107345 -3.7989028 1.3971384 23.379358 1.5645545 58.28787431600933 
Car -1 -1 0 643.1149443153486 181.47815977751327 686.2825095047315 213.09318389711044 1.4596785 1.5990995 3.799214 2.7548687 1.2871149 35.132065 1.5136247 22.213309762106178 
Car -1 -1 0 335.4632950890479 181.25641880572564 410.42568579537016 225.93823614974167 1.482599 1.6254979 3.8738143 -8.314578 1.3512251 25.832376 1.514132 24.561185656540733 
Car -1 -1 0 491.410204657789 182.8732130815294 534.7363326284598 214.92847758570497 1.4483032 1.5703205 3.6475894 -4.4370117 1.3424664 34.30725 1.5765681 23.95257536616768 
Car -1 -1 0 587.3467382542879 178.95601898040897 610.8116069034511 201.097760202659 1.5149907 1.5588205 3.7023969 -0.6060604 1.0866885 51.06718 1.5301523 11.918347586597804 
Car -1 -1 0 439.2693753024059 173.37841561459896 476.30360143815403 200.0830068965946 1.5373654 1.6250927 3.7978425 -8.954179 0.855901 43.322533 1.5189574 7.108674902302798 
Car -1 -1 0 573.3483485069706 180.74746868346412 601.9610270707891 199.88635948943642 1.4942675 1.5997292 4.0030766 -1.5458192 1.1454108 58.22805 1.730827 1.7470188896028938 

