Car -1 -1 0 425.07145419646463 183.20587952432732 507.49833228880095 241.003310831402 1.458698 1.5844607 3.573209 -3.804043 1.407974 19.929245 1.5708871 85.14909123561856 
Car -1 -1 0 308.69432382153184 176.7939039625138 400.09466981786187 233.22403763510042 1.6689892 1.6156964 3.8719182 -8.036434 1.4199045 23.203522 1.5626333 79.2559907192407 
Car -1 -1 0 0.0 171.0776609736293 406.88461674733765 375.0 1.6079196 1.6673867 4.293704 -3.1180325 1.527533 6.25803 1.5410023 69.54257611289313 
Car -1 -1 0 570.2724568177167 178.79377336984828 611.9705035148752 218.36369735385648 1.5725859 1.6572815 3.3376474 -0.6505066 1.3173661 30.2434 1.5637016 20.10868573368461 
Car -1 -1 0 386.68533998802525 185.17903779635805 437.9247349464731 222.3634386650181 1.4508356 1.5832539 3.6495943 -8.054147 1.4494052 29.959547 1.4413571 20.785047592302718 
Car -1 -1 0 498.0908486256446 179.79201302101902 544.9605395847889 216.91559309093827 1.5602885 1.6441119 4.0175323 -3.7748551 1.3323333 32.226612 1.5651271 36.786170322825804 
Car -1 -1 0 12.080185581478968 179.13545224075312 183.9603067116391 242.1556268596889 1.3801503 1.5845315 3.7366924 -12.254292 1.2469921 17.617062 1.563576 9.349282299126331 
Car -1 -1 0 0.0 188.57347790794367 198.66896375475858 303.75400822586516 1.4355841 1.5349641 3.5535643 -7.9175353 1.4946756 10.857467 1.5487722 10.77430565591951 
Car -1 -1 0 139.3844019572512 187.747117227265 293.3953991798324 258.15264012201226 1.3943559 1.5235763 3.5981574 -8.597382 1.4576467 16.16964 1.565241 8.254864491831393 
Car -1 -1 0 192.06236567535527 185.4697192255392 294.73278602752 230.43942847633195 1.4247011 1.5840054 4.016444 -12.417343 1.4341881 24.822319 1.5488596 0.5801945268451826 

