Car -1 -1 0 665.6287573590664 168.8531529688183 853.5295265850281 237.14536381901883 1.4693757 1.661481 3.9158812 3.4050627 1.3832934 16.679104 -0.17250519 149.93943838732352 
Car -1 -1 0 621.1839958339077 164.06721558496162 723.274088060211 206.3658568479619 1.54423 1.624983 3.5892754 2.339947 1.2234437 27.394234 -0.13850619 55.032150909597405 
Car -1 -1 0 111.4274661864707 170.69289105517333 327.93108117189837 244.55716884617866 1.6234779 1.672013 4.167789 -9.014366 1.5759784 16.999214 -0.15121868 86.54854627011464 
Car -1 -1 0 0.0 181.84464872576964 236.61014249275456 292.21347493343086 1.5137898 1.6352541 3.9096808 -8.142232 1.6660312 11.144662 -0.1350422 40.534304149279635 
Car -1 -1 0 171.12224163186988 176.8747666711219 355.025417852534 236.01501838829 1.5013642 1.6414446 4.183519 -9.2443495 1.6162008 19.535444 -0.12358592 27.999907749625372 
Car -1 -1 0 287.6574373385726 169.4944170800932 407.7477368594584 211.07013428201992 1.5200343 1.6287081 4.0249586 -9.865872 1.3972057 27.424667 -0.117570415 36.6426211074159 
Car -1 -1 0 427.39497123763994 167.43861167975413 457.56404183668604 185.3649431138993 1.559273 1.7004443 3.8903284 -15.050769 1.0882299 64.87784 1.0834458 5.126809642383683 
Car -1 -1 0 219.01210767732476 175.7816575004412 372.8916926589728 225.20684977756082 1.4679515 1.5927008 4.0801473 -9.641131 1.5623074 22.3933 -0.03202133 10.351214048618878 
Car -1 -1 0 587.2490902371544 167.10565539038913 683.8370394940096 204.29101003543286 1.4618948 1.6380849 3.780107 1.0534306 1.2359058 30.16055 0.6483707 0.8695901829824056 

