Car -1 -1 0 675.9268784388611 181.55983523489516 734.7322253320422 224.88594256164544 1.4438643 1.5815811 3.463732 3.4497595 1.7849972 26.51298 1.5336334 67.76449037819907 
Car -1 -1 0 790.6400044002121 188.824461264098 1076.0727804590551 366.4263229902354 1.4313133 1.5831182 3.633545 3.2171526 1.648414 7.976473 1.5905273 68.77319728266268 
Car -1 -1 0 23.345716693634273 184.79305198620955 358.74608354705845 282.74875983339456 1.4078501 1.6353375 4.3546734 -6.4397817 1.6116925 11.450577 -0.023526017 141.28608337787864 
Car -1 -1 0 729.1537097285349 176.99526197157815 875.0041067423956 280.7927678222999 1.5808821 1.6462493 3.8399732 3.2925634 1.6669564 13.069981 1.5792611 104.1504465501712 
Car -1 -1 0 231.36007228656942 179.96512739746916 430.32261279178897 248.22952025108754 1.5119715 1.6641959 4.0541286 -6.4575644 1.6882882 17.025715 -0.016013745 65.48508600027543 
Car -1 -1 0 721.8960213507586 180.49667152864922 819.4607585766447 212.51227998887452 1.4445572 1.6037779 4.2001457 7.49697 1.8115528 33.80345 -0.02026863 16.51332209379509 
Car -1 -1 0 337.9428288731253 175.8734790787604 480.8701409090879 231.1145600940265 1.5781908 1.6310536 3.8083348 -5.8987856 1.6718788 21.546738 0.013454318 21.77995484945468 
Car -1 -1 0 396.9752532042206 172.68744188133323 513.1257669086715 220.91372224764726 1.7091876 1.6316233 3.8872082 -5.5997696 1.7032845 26.437878 0.025893353 15.097778162522753 
Car -1 -1 0 293.79329672822985 180.9702611446041 473.5755985284645 241.26470223976878 1.4930379 1.62994 4.2639704 -5.8492174 1.7179751 19.058361 -0.058691345 18.300805535926358 
Car -1 -1 0 493.19233521245417 175.27944791913896 559.0593601358399 199.22989621485453 1.6284168 1.6944063 4.338338 -5.769109 1.800286 50.188698 0.04322914 3.831667774223606 
Car -1 -1 0 477.97275919576515 173.86803712726456 519.2727358160585 211.40188446493357 1.57738 1.6173931 3.544745 -4.907678 1.6253064 32.26229 1.4777087 1.5873416783631646 
Car -1 -1 0 717.6784323835235 175.53244538312924 804.5216414451935 209.09297988010627 1.635082 1.6966646 4.1128297 7.572294 1.7738472 36.349915 0.090976596 2.209742511723837 
Car -1 -1 0 514.2674327309436 174.31391534464623 570.405215487295 197.7650221625551 1.7552624 1.7221435 4.209367 -5.136416 1.8690777 55.194237 -0.0951554 0.8410402895509921 
Car -1 -1 0 367.9001324586494 181.62119312724238 503.7606042981124 227.90895570126048 1.4695947 1.6041479 4.1349525 -5.714927 1.7716994 24.04132 0.009573394 1.4124384561731511 

