Car -1 -1 0 960.517386664217 151.74467058399904 1133.6272453281408 256.8738494370725 1.6740742 1.6151009 4.0288143 8.00988 1.3379297 13.633926 1.7969182 141.12356944690714 
Car -1 -1 0 928.3987127783354 160.48611763329606 1021.862249311349 228.47835682865377 1.6369252 1.6208923 4.024979 9.756966 1.3391662 19.53408 1.875521 68.27588724167646 
Car -1 -1 0 0.0 215.09171196451715 315.4381647065867 375.0 1.4987938 1.604003 3.5352938 -5.601754 2.1007175 8.888333 0.37536377 128.92817669203995 
Car -1 -1 0 708.5091965002298 172.5213770750616 792.67558859589 250.16248876629137 1.5442096 1.6514452 3.9581833 3.319637 1.537594 16.473507 1.8238509 78.07854144669898 
Car -1 -1 0 772.3674566497037 172.47600357072963 813.1920425877413 212.18134388703567 1.5283611 1.534924 3.3735442 7.554496 1.5138109 29.60514 1.844013 20.466263198796646 
Car -1 -1 0 902.8724624703171 155.05473962107737 961.0851856219234 208.0550185784358 2.0175653 1.5731518 3.9560792 13.132983 1.3399994 29.580957 1.8322381 41.367881361291644 
Car -1 -1 0 894.394420294768 158.69387372250327 928.8167737616251 197.25779204475123 2.0074565 1.6667765 4.202492 16.637114 1.2703466 39.820274 1.9563761 9.153558971969419 
Car -1 -1 0 731.1610615651102 167.13282232547402 794.3810108835827 230.76821946772435 1.6737113 1.6426898 3.7924645 4.488985 1.5232352 21.010271 1.798485 4.163513777941973 
Car -1 -1 0 545.1877661603827 179.0032846610948 584.6057653368856 198.28059308331802 1.4738168 1.692554 4.036052 -3.592986 1.9931179 58.746246 1.9329959 0.8198145054241566 
Car -1 -1 0 774.6328962077753 172.7441217555153 817.0974032566717 206.67490998365398 1.4888552 1.5469328 3.476422 8.705194 1.4840337 33.55981 1.9313998 0.3016906678676605 

