Car -1 -1 0 692.4412118479847 180.3232423042282 833.9671346928001 273.6116411074643 1.4329733 1.6327903 4.2452936 2.6853294 1.5957421 13.575488 1.5381218 104.94110775245393 
Car -1 -1 0 45.89437937467688 192.66770006923204 361.94392495547044 300.08620490449107 1.4219202 1.5699024 3.8939745 -5.9231877 1.7432075 10.792908 0.06360823 78.21840494582104 
Car -1 -1 0 659.9515450122467 174.6851973477643 708.3895238426644 213.6204512154303 1.4426007 1.5699136 3.6285355 2.9090981 1.520111 28.722975 1.5756671 36.88348913098845 
Car -1 -1 0 218.144750253706 183.64546293655974 409.3056080273066 256.7952358281936 1.5026808 1.5822829 3.608211 -6.493454 1.7567065 16.042427 0.08544528 65.57059314033678 
Car -1 -1 0 370.4196138214634 179.2198365716084 498.86885419623235 223.79649663841315 1.4780798 1.6329379 4.0666046 -6.0935307 1.7111826 25.32896 0.1399741 27.58304379716638 
Car -1 -1 0 403.61926444400854 176.51791417657688 506.6971453697997 210.2618156165823 1.4491332 1.609577 4.2703047 -6.7995024 1.6165301 32.072983 -0.04149391 17.450496520525622 
Car -1 -1 0 441.9626970416895 174.9752693585591 519.3983996861881 205.83823442172766 1.571943 1.6423596 3.7705717 -6.6914406 1.6853342 37.718254 -0.015966937 6.788864851717797 
Car -1 -1 0 110.38705184219802 190.1533709185788 365.4891295692201 277.56867629737764 1.4439073 1.5432142 3.9226694 -6.6895647 1.7824486 13.201088 0.076424986 7.644050459692376 
Car -1 -1 0 520.9046614671204 176.3819598257894 554.7189709391771 200.57685489612592 1.4572973 1.6202095 3.8988605 -4.530946 1.6919823 46.01735 1.6110162 5.610499083123457 
Car -1 -1 0 653.3479015402563 172.87925656171092 693.9985372519026 207.7951599471613 1.5485182 1.5751246 3.5305343 2.9511793 1.549762 33.77117 1.566724 5.973205604455177 
Car -1 -1 0 454.095717803015 176.3326940408604 534.9726521636946 204.79935694007148 1.5216086 1.6247413 4.2001777 -6.269269 1.7167447 39.624954 -0.017734876 1.7078674343370144 

