Car -1 -1 0 662.8379995827314 178.79349578949422 717.1999340385072 223.06374377524938 1.4940442 1.5270376 3.955615 2.9226232 1.7316315 26.873402 1.5557964 92.24156676320301 
Car -1 -1 0 709.5687432944435 183.16281258190392 877.21414851382 305.03591171107786 1.4991622 1.5562675 3.7869742 2.6109815 1.6850672 11.105078 1.5532501 75.52064283406922 
Car -1 -1 0 765.1177724755503 170.56676263345764 1242.0 375.0 1.6646082 1.6451797 3.821597 2.4442606 1.6528463 5.622383 1.5721976 126.24792736852706 
Car -1 -1 0 231.65603492837357 177.96690679455742 490.47974220044625 367.44084069718815 1.6075523 1.6804024 4.425064 -2.520503 1.6836066 8.487879 1.5299699 104.47514595180792 
Car -1 -1 0 394.67425612673605 183.52516872492927 539.6097433845318 282.68973085837376 1.488351 1.6446849 4.3341804 -2.4544415 1.7208712 13.513414 1.6251868 95.9607713780519 
Car -1 -1 0 553.9916769114938 178.21907187016663 584.6406017453693 209.20242253407034 1.6291485 1.6424749 4.2336636 -2.2641902 1.9488481 40.840794 1.5211202 18.767206857261122 
Car -1 -1 0 648.1275228839638 177.86411926281772 689.4977923735727 210.35166696166644 1.6582067 1.6288588 4.0124235 3.190892 1.9470401 39.531013 1.4895831 30.103551629185986 
Car -1 -1 0 637.1842390487544 175.63453006729839 663.4202101903312 201.33383264909 1.9146513 1.6724821 3.899694 3.1367137 2.1387305 56.166344 1.5310823 1.9896734116510355 
Car -1 -1 0 444.0597784006023 185.997002584117 529.7192706330314 252.669997624922 1.4561889 1.5754989 3.6110697 -3.0007968 1.8221781 18.282482 1.5651345 0.5540852597777077 

