Car -1 -1 0 394.95917810804866 184.8300736570914 484.24806963883066 239.52138033244123 1.3673277 1.5814631 3.5428302 -4.4962234 1.3576868 19.754822 1.5854734 88.93936777685128 
Car -1 -1 0 160.3818909351432 190.07559639181935 391.9529644272902 310.46746485152 1.4030532 1.588561 3.9883356 -4.531415 1.4878428 10.540445 1.5617309 102.66223551387458 
Car -1 -1 0 57.545535477524716 179.7606122360163 213.6296762287532 244.38154849371534 1.5172256 1.6329505 3.701479 -12.087332 1.3891464 18.730392 1.5729282 77.20896883719723 
Car -1 -1 0 436.4916801685675 178.41864637787148 498.3486628156611 219.65073912183286 1.4862406 1.6066599 3.7989082 -5.3284607 1.241236 27.822243 1.5848517 37.45585685178254 
Car -1 -1 0 338.0045107363734 181.0768955178172 404.46206104610184 221.13098063505927 1.4425232 1.5322495 3.4303477 -8.988899 1.2934668 27.630043 1.5358624 37.52296905854035 
Car -1 -1 0 574.8062139054653 176.20075219342644 611.284360421318 208.33101621165136 1.4863715 1.6462886 3.8256085 -0.644215 1.069333 35.181255 1.5876505 14.702208140855383 
Car -1 -1 0 185.85871683442886 187.19318770391143 323.142665821758 250.8651942394137 1.3985631 1.5921948 3.7040813 -8.537187 1.4525316 17.761833 1.5648466 13.194377301100426 
Car -1 -1 0 419.4272594960425 172.55333293665296 465.0769602023987 202.55806920913363 1.5219694 1.5956287 3.9371958 -8.758171 0.87967974 38.444626 1.5547409 4.6221941513199125 
Car -1 -1 0 335.22457520149794 178.4707171296439 390.2355593302023 208.86341446714607 1.4680858 1.538512 3.7254643 -12.371094 1.1422769 36.58761 1.5690663 1.2675221208308494 

