Car -1 -1 0 232.80460557684083 185.50527520646025 426.87311143685133 251.33242438858343 1.4850926 1.6204846 4.0775843 -6.6810017 1.8071494 17.491451 0.032645218 82.43592167734475 
Car -1 -1 0 658.2950084383585 174.10779508923167 737.0928575847103 237.8473582297688 1.8051729 1.7355105 4.4252586 2.6639583 1.8486688 22.77731 1.5198948 96.17226660585222 
Car -1 -1 0 289.68328269068985 186.52202311981262 462.2931356102239 243.366155165843 1.4658277 1.6116221 4.2167754 -6.314441 1.8563452 19.805569 -0.0019562375 17.080620202428697 
Car -1 -1 0 645.5638016117589 180.76936166728328 686.2405527220783 216.20091428689014 1.5262566 1.5815754 3.6465585 2.5827408 1.9163703 33.730354 1.5607706 8.816688774358125 
Car -1 -1 0 336.04573216363906 186.90990753037303 472.82456917970813 237.33469587718096 1.4651253 1.5664334 3.762095 -6.2527814 1.9144199 22.243076 0.02004052 14.993563051880733 
Car -1 -1 0 437.0309569527359 178.43952153337239 522.6553415926518 211.61002035135476 1.6151466 1.6637217 3.981463 -6.488817 1.9034951 36.34354 0.037208106 3.3270324886811555 
Car -1 -1 0 814.083901369727 194.76118842735477 1180.402466277829 375.0 1.4804137 1.4884256 2.913142 3.5614974 1.7465163 7.135188 1.1874721 3.3957053564095747 
Car -1 -1 0 386.26759140614536 181.71507992720228 485.4046265364682 225.75205389859755 1.5764203 1.5574223 3.348974 -6.438395 1.9177053 26.97394 -0.022470575 4.2025010609098725 
Car -1 -1 0 636.8456227134125 180.2321037336564 662.4794910405764 205.20958931035227 1.4792348 1.5566502 3.6979542 2.5287278 1.9661186 45.72975 1.6196954 0.6574992470047497 
Car -1 -1 0 102.52982319484934 186.29116213197102 372.0221619024597 288.0186026294683 1.4905906 1.5239552 3.5496964 -5.8459477 1.7228949 11.63425 -0.044306677 0.8745979818662147 
Car -1 -1 0 515.7015403746245 177.84361880463388 543.2885521780092 201.67745035779367 1.5605996 1.6461867 4.0750813 -5.529177 1.921983 50.185963 1.5252049 1.510357351066924 
Car -1 -1 0 402.3907949234422 176.43685759777864 503.70273755036493 219.17205066642015 1.8076718 1.6725746 4.0881047 -6.782496 1.9687552 31.554535 -0.024183488 1.6151070462605148 
Car -1 -1 0 380.16333175203397 173.7063912816272 492.7902818920763 220.79216766528404 1.8533163 1.6682998 4.196307 -6.9644103 1.8890082 29.32254 -0.026896253 1.037762190265659 

