Car -1 -1 0 4.133699689470257 193.95038077168203 287.86542815442556 334.0802774115789 1.5783832 1.695796 4.195467 -6.580089 1.9589968 10.892427 1.5368433 118.28205412488644 
Car -1 -1 0 456.64787873307614 187.66326914673144 524.4628025797982 234.81314718746873 1.4040091 1.7682638 4.422078 -4.039604 1.9657497 25.130527 1.5382648 86.89507432286302 
Car -1 -1 0 334.1214608306611 193.4517178265279 424.5373502006674 248.72183224955 1.4267626 1.569191 3.6261945 -6.8400803 2.1006641 21.79252 1.5722611 75.96334381539663 
Car -1 -1 0 629.9958883519208 179.9978714282009 659.3980504131431 206.68498774282668 1.4934866 1.5919137 3.8783767 2.0720425 1.9420286 43.361115 1.5744368 18.34909010056516 
Car -1 -1 0 504.84544522292936 185.61949930361462 540.8953515184702 218.0632434689056 1.462901 1.5346572 3.5283926 -4.2504797 2.1272972 35.752457 1.5200081 21.537024231087663 
Car -1 -1 0 713.3019726192672 173.02674440836822 805.9666491996711 204.52746702691428 1.5483265 1.7143841 4.277188 7.5607367 1.5573323 36.547012 -0.10184794 21.919442147329665 
Car -1 -1 0 713.5923621026777 169.6628008309495 790.6854845575224 199.52092681083394 1.5929196 1.5935892 3.8741357 7.728845 1.4226701 39.319973 -0.015234853 3.8483685165342334 
Car -1 -1 0 872.4706213146458 158.27721022697148 936.8095837771004 180.9443463457475 1.612289 1.6651926 4.0735397 21.448963 0.57545733 52.498013 -0.17570667 3.1716171088601497 
Car -1 -1 0 442.1865931410374 186.34790424083226 489.7293566285729 219.4050332168367 1.5142797 1.5647327 3.6731339 -7.19092 2.2303915 36.431206 1.602291 0.2558632791042328 

