Car -1 -1 0 778.9621063646781 197.23024486714493 1096.9132092139312 375.0 1.4404724 1.5543581 3.448121 2.9492135 1.746262 7.3012567 1.535898 99.05548862700134 
Car -1 -1 0 791.4847633601929 183.83611621031199 987.6519352128431 257.1958283248661 1.6062007 1.6903841 4.054942 6.5217204 1.8838012 17.177227 0.10937515 54.84972582802902 
Car -1 -1 0 402.22425657765035 180.45112223122769 503.3783500179255 219.24170267057036 1.5866306 1.7150021 3.928246 -6.6171618 1.919385 30.729246 0.008498577 47.64830711510768 
Car -1 -1 0 67.7953205776984 182.0688639043723 352.0547245251289 291.35637027748083 1.6298223 1.6830792 3.7580853 -6.4172554 1.7953813 11.947627 -0.09495306 118.32024332984625 
Car -1 -1 0 818.7202247845723 193.83889485145698 1053.1040017078537 270.66066371804635 1.4066806 1.5623295 4.024099 6.45259 1.856684 14.584935 0.053599447 56.15413845443484 
Car -1 -1 0 719.3198244462809 176.42102338050114 865.1721563894218 230.83848946269472 1.8056703 1.7291203 4.603975 6.267543 1.9343686 25.051857 -0.05121969 60.103508030742944 
Car -1 -1 0 431.7565855424252 174.32203636321623 522.8517799719594 211.78052759937663 1.8007628 1.7446818 4.301298 -6.4996076 1.875788 35.822136 -0.08546494 30.75101935750483 
Car -1 -1 0 316.27274628012196 184.58844335756066 450.7487856514158 233.20111868972523 1.4968965 1.5847497 3.912526 -7.290105 1.8940597 23.533684 -0.049103104 4.179587848436386 
Car -1 -1 0 484.6910791325602 180.9432908408974 541.7793502277599 202.0041088465108 1.5052748 1.602979 3.9228606 -7.1975436 2.1254916 53.966255 0.30594498 0.5153566216248945 

