Car -1 -1 0 725.7505295148517 177.08833355508528 819.8336226121075 216.89193443116184 1.4160166 1.5401736 3.5315332 6.2583795 1.5914482 27.984447 1.0267569 78.3808972366654 
Car -1 -1 0 623.6063158468914 176.0391677472777 664.28479502 204.24720418331867 1.4867675 1.5517814 3.4508495 1.8753302 1.6726598 40.277267 1.3981862 47.471458162999355 
Car -1 -1 0 0.0 182.150399912352 349.7581461486169 311.3612704237097 1.534374 1.6374171 4.0913568 -5.7909985 1.6691779 9.5790825 0.0319761 64.60337310009358 
Car -1 -1 0 57.10659977909284 185.1306363320112 346.02821021155023 280.68156243297096 1.4556149 1.5817969 3.910631 -6.6334467 1.6740869 12.021307 -0.014417023 26.571881175099964 
Car -1 -1 0 419.56849959499874 174.60335207675615 505.817088078084 206.76272973734166 1.5536486 1.6568139 3.945502 -7.2345057 1.642452 35.78869 -0.0055007357 16.748193410323555 
Car -1 -1 0 267.85406898108 174.88787093929224 423.37896771732835 234.7253142702752 1.5166929 1.604244 3.5433774 -6.938034 1.5731657 19.190243 0.023838669 43.177496544750355 
Car -1 -1 0 608.4781428711415 174.3444241444592 637.9034376389154 196.89792293936733 1.4864166 1.5913655 4.1610103 0.9034872 1.5940881 49.98142 1.479835 2.9939043680049986 
Car -1 -1 0 298.8364224871475 175.78181996899357 448.5922152010972 231.23515906575398 1.5480605 1.613806 3.8654094 -6.8073993 1.6372057 21.101755 -0.031508353 12.53745744539966 
Car -1 -1 0 651.0531451428124 165.16910278293662 691.6073938391986 180.0299592150638 1.4629288 1.6045849 3.9899406 6.1758957 0.7064136 72.0342 0.1038439 0.28630807995796204 
Car -1 -1 0 658.548354737932 171.83950304118085 692.0678240893964 192.71806612222034 1.4902833 1.5761873 4.2595196 4.848381 1.4178696 53.71819 1.4370815 0.2857273519039154 

