Car -1 -1 0 688.3547940077502 177.08706893793988 804.7703067704266 259.0590646443694 1.470782 1.6070879 4.168142 2.7304595 1.5726104 15.259849 1.5542575 94.75671810433423 
Car -1 -1 0 275.1442579020493 189.32323743899528 483.8377659218743 331.4476778801663 1.4573097 1.6371522 3.7727413 -2.8287444 1.7226014 9.729954 1.5628608 100.2056489657004 
Car -1 -1 0 394.021180770733 180.4874273825959 514.9626925905836 263.7733902099716 1.4624994 1.5967772 4.2545004 -3.088148 1.6458454 15.19598 1.5800208 57.559365778299885 
Car -1 -1 0 510.5219529166194 178.1460491651023 557.7430971014508 219.83734600830252 1.4774492 1.6119788 3.886764 -2.8677115 1.6977208 28.052547 1.5223632 49.00859614987711 
Car -1 -1 0 673.5905208366561 177.26260078236473 751.6602071952223 233.7244908475146 1.4310185 1.5701776 3.941072 2.8353562 1.5689702 20.588024 1.5451868 33.51065189246194 
Car -1 -1 0 654.7125958024152 175.67491811598194 714.0524585213635 219.99556768260143 1.4522039 1.5528772 3.6884289 2.5976815 1.560291 25.764076 1.5179875 40.67577122767633 
Car -1 -1 0 634.00642866538 172.54973917832996 657.2946325782315 195.5877355167084 1.4956082 1.510986 3.5615506 2.4067774 1.4758556 48.647984 1.6061039 12.00224252239883 
Car -1 -1 0 541.9835875759983 175.62956553747787 573.8233430995145 204.45387310231857 1.4541564 1.5514543 3.7920384 -2.7275038 1.6103684 38.689735 1.539615 7.713856686282499 
Car -1 -1 0 651.7198393630082 165.92090411783914 699.3390770154538 212.2154950445754 1.8276455 1.5978374 3.6901813 2.7141023 1.5539365 30.345339 1.5516586 5.068073009979828 

