Car -1 -1 0 324.7484617922089 185.75838966958247 458.2732299734771 267.394349019768 1.4880506 1.6446259 3.9963078 -4.5926886 1.806732 15.8039465 1.5916371 83.97014600024393 
Car -1 -1 0 725.3509356427661 178.97386174485504 846.4353947030045 256.2236455584519 1.4472039 1.6283176 4.1033607 3.7151809 1.5995648 15.903619 1.5605754 74.02696479620629 
Car -1 -1 0 120.65646254338016 192.665254885047 374.0817170981714 334.7088501910798 1.4964657 1.6623697 3.875798 -4.7269883 1.8274391 10.100424 1.5511839 112.85882268878945 
Car -1 -1 0 403.84828669747253 184.3680178999608 495.41243122201644 240.86092639399317 1.4141117 1.6536758 4.36254 -4.550319 1.7866263 21.149855 1.5867242 59.452496278047136 
Car -1 -1 0 781.1346670091215 181.25257295365165 977.7753073893039 305.5461787426728 1.4896502 1.5968556 3.659914 3.7652683 1.6360388 10.736393 1.5837374 88.20980496897826 
Car -1 -1 0 509.505130193402 177.86559635117925 552.1584483766751 209.21069005249876 1.5073885 1.5532589 3.5219917 -3.99744 1.7776592 37.095726 1.6487988 31.73258100354695 
Car -1 -1 0 704.4047752514891 178.62153695439068 782.2336103054324 235.093011531681 1.4740978 1.6063594 3.7803855 3.8127527 1.6580715 21.118885 1.5791521 25.603540630431876 
Car -1 -1 0 695.8151117380055 177.2587723202552 750.9030042081802 222.7831296894649 1.5406398 1.58808 3.657294 4.129977 1.7145805 26.63538 1.6088984 19.20622605078896 
Car -1 -1 0 1056.414572321335 173.70609580580685 1174.1408071079852 217.09523588219446 1.4651752 1.4958776 3.4860265 18.289286 1.4983864 26.280087 1.4047773 6.675829936909097 
Car -1 -1 0 527.0880062014485 177.36022687062456 566.227950669828 205.02895271639275 1.5015845 1.576789 3.747461 -3.5900664 1.7743851 41.736145 1.6736252 7.092225917723087 
Car -1 -1 0 569.3350741785216 176.2439341342273 613.9726793383296 190.36806556549277 1.4578398 1.6458377 4.55285 -1.8648134 1.8193489 75.949554 0.07750312 6.921739734588322 
Car -1 -1 0 685.7373036735378 176.96305126236828 735.4821606953078 213.0902971720549 1.4870458 1.5516527 3.8645735 4.4301186 1.6810051 32.101692 1.5374881 3.0650521650566627 
Car -1 -1 0 1001.2486213124328 159.25828133590466 1143.3107137840564 222.1604378493767 1.5111368 1.5308923 3.300908 12.035653 1.1845185 19.015738 1.5278461 2.1598935770770433 
Car -1 -1 0 1084.6165010514508 167.58658944618153 1241.7666713828362 229.23940768506768 1.5835366 1.6547974 3.207291 15.396585 1.4482445 20.266468 1.3750281 0.25230008363723755 

