Car -1 -1 0 89.94283134411705 192.7128964631506 284.4521908544305 293.56553412814924 1.3974059 1.5603051 3.7853332 -6.883691 1.545796 12.241925 1.424425 88.78772228064032 
Car -1 -1 0 254.20957799133222 186.5011929098417 351.04354352268695 241.816620833696 1.4231836 1.6051384 4.35094 -8.691985 1.4645879 20.877228 1.4090271 77.1803950911851 
Car -1 -1 0 441.86543389801403 179.4865523549898 497.0467899253335 229.704733815053 1.5521176 1.6858809 3.2770429 -4.5367117 1.3750441 23.969261 1.411946 53.10114313639286 
Car -1 -1 0 539.5953362270591 178.65319866553546 614.5959102607183 241.60485775831555 1.5646982 1.6312594 3.720014 -0.9193192 1.4015837 19.835094 1.4081552 92.70586149827447 
Car -1 -1 0 348.51663530168616 183.88773291820436 399.81141650865294 217.7352502031799 1.4330604 1.622802 4.115277 -10.490164 1.3768361 32.598526 1.4055394 24.897047828845352 
Car -1 -1 0 380.5089320455051 180.08195948655725 413.6703992357083 207.38585704340835 1.4896448 1.5971003 3.7887344 -12.0976715 1.2095585 41.272232 1.224799 6.663438138198705 
Car -1 -1 0 225.89633987036657 170.59112351139208 300.3122393445127 218.23421074016517 1.9089911 1.7342355 4.303053 -14.751581 1.3230051 31.06271 1.4166193 21.29642315448071 
Car -1 -1 0 142.0208088364059 185.98086639560455 257.74516170955025 239.03605039902692 1.4588654 1.6780337 4.0772567 -12.271283 1.4845103 21.960358 1.4369266 11.209525151526051 
Car -1 -1 0 504.65067012242713 181.03489390990433 528.0062264760192 199.7729766099831 1.4788082 1.6293328 4.1034718 -7.475437 1.1488594 58.901672 1.3785139 3.4322305387211522 
Car -1 -1 0 340.471509951332 181.62748218914797 372.396447540388 203.5574308674383 1.6046653 1.6235169 3.7737095 -18.997757 1.3421072 54.587814 1.4198829 3.245002969764975 

