Car -1 -1 0 558.4268069467289 179.577085406352 611.3014023390224 228.06926776830002 1.5281193 1.6672775 3.2337546 -0.7525452 1.3504314 24.294514 1.5404541 34.393227327550626 
Car -1 -1 0 456.3184950823112 182.33554535641932 533.3805642524783 236.4087550518739 1.4650464 1.6755878 4.0144753 -3.24991 1.3870122 21.483772 1.5708253 58.94839132612677 
Car -1 -1 0 394.3002176831406 182.39775719230818 449.9529071790809 216.15733456902305 1.4394512 1.6116732 3.80175 -8.3101845 1.319299 32.5676 1.5505536 52.9366958981181 
Car -1 -1 0 33.71532367099014 176.86451659253905 423.15082996033277 375.0 1.614995 1.651072 4.0522485 -3.1372175 1.5572766 6.9953384 1.5718993 114.84852314718151 
Car -1 -1 0 0.0 188.00739663687912 172.2184075231121 254.49540989744722 1.3742139 1.6010041 3.7795346 -12.122434 1.4475318 16.949492 1.5175424 34.00144056114695 
Car -1 -1 0 357.9477011897743 180.458088337591 409.3655765235182 207.6982714620892 1.4798402 1.661461 4.1421185 -12.714191 1.22138 41.125175 1.5686129 16.192061740242846 
Car -1 -1 0 228.26723098087632 181.14117411043955 317.99852871168065 222.3864431756607 1.437549 1.5568633 3.793108 -12.412318 1.2955369 26.96289 1.5859344 8.599995068474653 
Car -1 -1 0 264.1172288102152 182.95882557805092 382.7242670997372 255.16565446950608 1.8022091 1.6661261 3.9682124 -7.709078 1.7458799 19.940296 1.5882958 9.850889129835485 
Car -1 -1 0 450.5395651934625 180.05708648463093 481.64396330461364 205.24423617068393 1.5235827 1.5953888 3.7658954 -8.87674 1.2115358 45.439106 1.4675013 3.0904178323454143 
Car -1 -1 0 501.02555726011593 181.3148037987608 542.5625232210849 212.76907910670678 1.4445057 1.5660272 3.6059933 -4.084546 1.2653611 34.81973 1.5759335 4.672270316517926 

