Car -1 -1 0 695.0923047548274 184.00095063471838 809.4454098367992 263.6833558324545 1.3645692 1.5822977 3.9943419 2.7915015 1.6258669 14.9147 1.5731196 91.51436497733961 
Car -1 -1 0 671.3461262420466 178.0913903606181 734.4065349309902 225.23865683916577 1.4119437 1.5713046 4.05853 3.0270715 1.6015527 24.090675 1.5683925 53.709673935796914 
Car -1 -1 0 553.0243060282363 176.69859477357943 586.8562886835072 204.92120173113372 1.4388967 1.5636268 3.4740345 -2.1021779 1.656147 39.018665 1.5931078 32.59550104632816 
Car -1 -1 0 0.0 177.50452321458317 317.6221223837755 323.545904176012 1.5750151 1.642274 4.178099 -5.9480834 1.6369183 8.721126 0.029932462 111.1516436696709 
Car -1 -1 0 231.83368596444967 166.67816342492668 444.91444112556866 248.58810745503644 1.7252903 1.6480532 4.142483 -5.9521637 1.595207 16.120918 0.04825827 58.49014111020914 
Car -1 -1 0 375.62833063992514 180.78533097359255 501.5435987209074 226.51887536173183 1.4482462 1.5641819 3.8042574 -5.6891146 1.7254554 24.208885 0.12308252 16.634820054235018 
Car -1 -1 0 644.5388518119044 172.02031511067077 681.7195870741721 200.6593915674416 1.6149828 1.6646916 4.0900865 3.1248443 1.5679704 42.77975 1.5103346 25.542069192065927 
Car -1 -1 0 486.3520584144786 175.27587043238125 549.6383423428621 199.1279359171461 1.4857937 1.6410575 3.9056993 -5.805174 1.6435513 46.067772 -0.058013868 13.186981566950715 
Car -1 -1 0 332.7242941263691 182.67294791195903 493.65807789466413 234.28326439022936 1.434999 1.611979 4.3282523 -5.7745156 1.7408224 21.460306 0.09753378 14.086465423356426 
Car -1 -1 0 405.21218482203534 173.47615815296473 513.8423012991313 211.48346051968946 1.545438 1.7043741 4.297126 -6.242188 1.572516 30.387749 -0.077325866 9.514106266721145 

