Car -1 -1 0 669.8442202682334 177.12807184821733 757.4821408644217 243.34177444952687 1.4917948 1.5754702 4.13447 2.5606394 1.6143806 18.61 1.5480314 98.53043347895574 
Car -1 -1 0 796.0643454140081 188.52755548884838 1147.4231690912502 375.0 1.4566691 1.5408391 3.4415512 2.897348 1.637996 6.6132364 1.588592 128.55832193918602 
Car -1 -1 0 736.9389760942581 182.8695808808528 899.3763586801382 302.1632194949634 1.5016978 1.4805448 3.3506398 3.0073695 1.6784825 11.05084 1.5575092 109.31032184140771 
Car -1 -1 0 439.8371234476969 179.61539265973497 503.1691918305053 225.74421017548715 1.4461999 1.6994106 4.0256987 -4.7484674 1.7025434 25.290976 1.5047048 70.96000931177164 
Car -1 -1 0 186.6091670844397 177.78664424483554 352.41555968807796 230.81908523499516 1.4318964 1.5608056 4.017549 -9.611537 1.5785885 20.5539 0.06229594 43.6382110360568 
Car -1 -1 0 472.5651085658974 171.5700018638043 521.6288196284067 215.6303145235166 1.7635882 1.5750567 3.6915498 -4.728064 1.7121938 30.739933 1.5534317 39.94789043987797 
Car -1 -1 0 660.2836603393442 174.14937968799728 718.6034716652499 223.9260987791352 1.5850521 1.5428718 3.5997667 2.683135 1.6329889 24.885939 1.5502485 31.863574131081005 
Car -1 -1 0 648.0260388715457 175.53196529626825 691.026627664432 210.5209789953419 1.5051475 1.552099 3.8521402 2.7097127 1.6359186 33.285786 1.5406309 10.966196112629662 
Car -1 -1 0 495.72082494525125 172.1412063925462 537.6750976401609 209.4297169013062 1.7726355 1.6249416 4.1958423 -4.624443 1.7387502 36.40825 1.5588045 4.6059737801191805 

