Car -1 -1 0 122.49587817953098 183.12780526815897 378.3097698644662 268.9018477681564 1.4730408 1.6086427 4.0298963 -6.6159244 1.6788907 13.534649 0.059319317 86.99893802037953 
Car -1 -1 0 668.2250265975739 172.76306695386697 765.2737942501028 250.28030636085143 1.7857223 1.7236345 4.399488 2.6551971 1.7836274 18.85312 1.5320835 97.98843885510988 
Car -1 -1 0 204.9833745622959 185.09794242983716 427.1546737652197 257.0237100814187 1.4707493 1.6215799 4.2466664 -6.3591223 1.7556137 15.918484 0.027388368 34.75280749142161 
Car -1 -1 0 270.07243828779144 185.1716991299285 443.9905805424913 245.603834320815 1.4211404 1.5617675 3.8686461 -6.339104 1.75022 18.3177 0.09394875 26.153476982131394 
Car -1 -1 0 651.9797418681286 180.21358211836989 698.8703231703598 219.27293361098648 1.4748602 1.578237 3.6407998 2.6575303 1.7970135 29.758484 1.564113 26.19431305396414 
Car -1 -1 0 331.9899743949467 177.18974215129384 464.6166883269951 232.15077335989744 1.6623373 1.6245081 3.8246655 -6.637946 1.8065081 22.987204 -0.10332793 28.594766404999227 
Car -1 -1 0 635.493533344928 177.78046728227883 671.5266195603245 205.0964546540599 1.4852278 1.5901265 3.7578578 2.504683 1.7842572 41.86266 1.4951246 10.841990368481785 
Car -1 -1 0 302.51188928731426 181.80878633875304 451.0903391721208 236.61126529289407 1.4948831 1.5987194 3.7731848 -6.6743026 1.7657678 20.904915 0.06587175 7.835531119271414 
Car -1 -1 0 415.3190569026236 175.5616339606481 510.63134497371067 212.76546808283172 1.6150024 1.667011 3.891893 -6.547352 1.7404611 32.448742 0.07868703 9.5185660336711 
Car -1 -1 0 358.5690953166867 180.45155476001773 487.809347510353 226.10053279441794 1.5218577 1.6247667 4.15704 -6.452904 1.7982582 25.308842 -0.062612325 2.1025670891678727 
Car -1 -1 0 504.32142167759616 175.25930734999503 536.6057693767995 201.7384778430913 1.6094604 1.6639951 3.991944 -5.664324 1.7703121 46.23728 1.5476822 2.280684637148847 
Car -1 -1 0 659.7138826360666 183.38439167661954 721.5630873428288 232.40857095008926 1.4683416 1.5675411 3.5552347 2.6427627 1.8476226 24.186592 1.53907 0.2797515094280243 

