Car -1 -1 0 874.5009107762052 187.70300739236697 1231.207102800529 311.1901600578098 1.4678115 1.5777609 3.8675003 5.7798495 1.6854326 9.682749 -0.053851034 98.513045282121 
Car -1 -1 0 628.7441038402193 180.6240979557204 686.697589346022 221.40451363194623 1.42244 1.6093279 4.3068156 1.8010643 1.7503148 28.229599 1.4805907 58.30267066252739 
Car -1 -1 0 795.9373018568438 190.23222095446718 1068.3052515205904 281.3837421666054 1.4276701 1.5976459 4.0968585 5.535745 1.7556294 12.644351 -0.086299226 78.0110721583533 
Car -1 -1 0 346.35257065376436 182.0099099480122 473.94378225675155 225.96417277828476 1.4353461 1.5992464 3.9795065 -6.783807 1.7618506 24.833178 -0.049574 25.437169243021245 
Car -1 -1 0 780.1127340161704 171.20202332088058 990.1503728140693 260.4049591958985 1.742409 1.6356715 3.7467682 5.639647 1.7101407 15.031239 -0.06477112 41.60969893977142 
Car -1 -1 0 312.75935350534314 179.00177939721755 454.0938990778126 230.65130206569347 1.5283358 1.610183 3.8732052 -6.9298115 1.725796 22.359884 0.005204279 27.46133618727868 
Car -1 -1 0 0.0 161.43714877353025 315.7632247525089 292.43893855324234 1.8503705 1.678836 4.3092914 -7.0132833 1.68911 11.092842 -0.028880099 45.29540620882127 
Car -1 -1 0 429.25888430203537 177.5957506018949 508.33575632357815 205.90497137841817 1.4995826 1.6324279 3.9620652 -7.663419 1.765184 39.475815 0.06334031 1.2416763305664062 
Car -1 -1 0 655.9035949148388 158.64142533748836 691.9474094543124 194.28073463591647 2.509075 1.8419502 4.7644143 4.6931105 1.5084825 53.25117 1.483336 0.32606241106987 
Car -1 -1 0 612.4716939972614 175.31291493991426 639.86278253957 199.8481607501471 1.573374 1.5575176 3.6411486 1.08278 1.7450156 48.50469 1.5145699 0.3236633837223053 

