Car -1 -1 0 96.93960659942042 185.13303180849758 376.2204699495382 336.17804143124386 1.4809225 1.5779682 3.5174222 -4.205792 1.480112 8.816572 1.5834328 95.77870315379172 
Car -1 -1 0 318.8335159196517 179.330014147032 403.94391553867877 223.34752226307683 1.4584093 1.6346469 4.1531887 -8.7322645 1.263402 25.896643 1.573946 34.68793802821738 
Car -1 -1 0 459.14865100035234 179.76867209551668 511.8180784031655 217.91264698432178 1.3864038 1.528308 3.536118 -4.6607404 1.1884229 27.914402 1.5460443 48.16843209674536 
Car -1 -1 0 369.14586999794267 183.32350891119737 470.6351371245693 244.01580440625497 1.4040664 1.5780015 4.157575 -4.72875 1.3602922 18.712973 1.5656395 104.76406054885103 
Car -1 -1 0 576.1653648544294 174.57240646547092 610.1838794329553 205.7115253334652 1.5103915 1.650065 3.5271711 -0.6820658 0.99414253 36.632423 1.5695926 20.378787900751423 
Car -1 -1 0 167.23250132095222 177.63599512575823 310.52329941492525 249.57241812776513 1.5025401 1.5983508 3.594229 -8.44417 1.3442224 16.834902 1.5410135 24.510641547863564 
Car -1 -1 0 230.4563720388644 179.37696416954182 320.54485233136245 223.27522741540764 1.5267606 1.6425674 3.788788 -12.293578 1.3236922 26.901083 1.5643921 14.655130145789505 
Car -1 -1 0 472.52138707458846 177.5554560266114 518.2925967178559 210.30577763212133 1.5570278 1.6449652 3.757001 -5.549819 1.1928418 36.070213 1.5901892 1.9000958296805275 
Car -1 -1 0 451.9775691110137 171.94762922238394 487.24308789019364 200.48599017955272 1.7958415 1.6435215 4.0239344 -8.99678 0.96091795 47.267807 1.5454433 2.7153366807169386 

