Car -1 -1 0 357.3355989052973 183.1779842578545 487.7752018697429 266.9474691410183 1.4696527 1.6151353 3.714456 -3.552796 1.433903 14.483044 1.58875 108.50289124160662 
Car -1 -1 0 154.7509275204882 176.14607577796133 322.86572937850315 262.1034181810521 1.6275375 1.6098859 3.865916 -7.7474384 1.455811 15.55629 1.5864136 106.3870151373236 
Car -1 -1 0 1.8608504056306363 186.8902507269792 179.3556570863732 253.03324793754925 1.3993673 1.5587634 3.6414347 -12.094421 1.4435754 17.139713 1.5936164 41.713014316814636 
Car -1 -1 0 580.2284957991425 178.3481753339267 619.1912974875967 215.00536729192677 1.5400804 1.637307 3.2588012 -0.330751 1.2515548 31.838945 1.5606639 29.25137328495924 
Car -1 -1 0 312.7112971635573 186.17608026622318 399.52628604564296 235.46524412540455 1.4019489 1.559098 3.6457477 -7.70207 1.4343145 22.372433 1.5294634 34.155649504595296 
Car -1 -1 0 451.671961075263 179.55428436565128 489.93396462848074 205.44128115815812 1.4111911 1.5577793 3.617343 -7.732398 1.1025676 41.010017 1.5524564 10.557923600081578 
Car -1 -1 0 485.8546142051844 180.42562756966328 545.633192926291 223.70061296350337 1.4905435 1.6519828 4.1283784 -3.328518 1.3255565 26.835445 1.5847366 44.412348183658985 
Car -1 -1 0 494.2706385727943 178.6827893346527 521.1716662159913 196.67041165111814 1.4669611 1.6354357 4.029509 -8.355959 0.9341768 60.65649 1.5911283 0.6339462737974245 
Car -1 -1 0 397.8825611304796 183.55992538387574 455.91208640723596 219.310859268059 1.421476 1.5252619 3.6366034 -7.5524583 1.3556416 30.404371 1.5760411 0.3759874999523163 
Car -1 -1 0 372.94325444852416 175.1513298696362 411.3500665299034 202.07434106825886 1.4838626 1.552411 3.8755708 -12.403969 0.92916465 41.644806 1.4349899 0.5378885544783406 

