Car -1 -1 0 755.7713640191172 192.23986829854812 985.9743963956464 351.34061004215863 1.4294953 1.543314 3.4371028 2.8504038 1.707816 8.631468 1.5826373 71.77529062266403 
Car -1 -1 0 706.6973712455838 183.41256305267825 826.7341922899782 223.4768925257383 1.413653 1.5984178 4.0962987 5.838931 1.8240817 27.023174 -0.11255219 32.065732454109316 
Car -1 -1 0 635.9530141891532 179.3127168173431 669.5858502035012 206.1932491392497 1.4703375 1.6672463 4.132073 2.5001535 1.8698063 42.546856 1.5537322 20.7984362679784 
Car -1 -1 0 326.7788013890398 178.04117984091877 468.97061668201513 231.30249459715867 1.6115055 1.6739264 4.093848 -6.6545005 1.7840834 23.014935 -0.07637085 42.78258415395938 
Car -1 -1 0 264.41925059706585 180.20097731066346 440.8735611201373 243.36421989299168 1.5250919 1.6387798 3.939555 -6.5020294 1.7227037 18.517908 0.03577431 20.392370721241104 
Car -1 -1 0 43.70650824419546 185.21571222802632 368.38596801383477 293.8034117323473 1.4998496 1.6166644 4.1594386 -6.070607 1.7066045 11.124489 0.0659049 90.07024559592934 
Car -1 -1 0 727.8001139162893 184.68683031262714 863.4281739306153 229.6607035977865 1.4135795 1.5945175 4.099113 6.1680045 1.8253902 24.148338 -0.08222794 36.668338055381724 
Car -1 -1 0 201.64518543319116 184.0401517356532 422.1677963431251 256.2659485038899 1.4870778 1.6377604 4.2059507 -6.459631 1.7479964 15.975329 -0.017066099 37.63957374230693 
Car -1 -1 0 826.9477780461891 173.8693206320901 1077.0617853179538 268.2803876292132 1.6703857 1.6316532 3.9840796 6.3574505 1.6910769 13.745398 0.07294189 60.97257941370291 
Car -1 -1 0 0.0 179.9045572715935 285.7556642554592 329.19068817810984 1.5817995 1.5797004 3.7567925 -6.1158724 1.6758631 8.68042 0.08465125 58.566170465046206 
Car -1 -1 0 123.25285219648083 180.7282857203445 364.9864688443249 267.30899159484176 1.5267277 1.5990796 3.7715046 -6.7926435 1.6848366 13.679133 -0.0048820386 31.87749908044463 
Car -1 -1 0 765.4790895979779 181.6343720498008 931.4009929194594 241.9119443318581 1.4982245 1.5805675 3.8552704 6.197385 1.7396511 19.00796 0.02151567 20.532457174775644 
Car -1 -1 0 708.3083512600399 174.85346414544986 811.8052587469462 219.36824868071878 1.7389088 1.6666317 3.7964852 6.045331 1.8225465 29.226856 -0.06517239 9.640232652506462 
Car -1 -1 0 459.1106305732503 180.75893339552857 536.6766069714366 208.55857486988364 1.4684565 1.6044738 3.973651 -6.0601854 1.9095458 39.425217 0.017083086 8.950464795227631 
Car -1 -1 0 446.91398366922294 177.75201409309742 527.4122563125229 209.30557659012732 1.5614702 1.638971 3.799707 -6.214555 1.8178968 36.879524 0.04027217 15.264881828966425 
Car -1 -1 0 348.6142586046929 166.69388106404423 481.28551506110745 221.46069877316427 1.8689129 1.6724222 4.260044 -6.8011494 1.6586993 25.523079 -0.03044706 6.704161571807254 
Car -1 -1 0 798.3395952795429 179.67099635530786 1002.7773769815407 252.32504636089763 1.5327523 1.5827287 3.9624035 6.425955 1.6941448 16.232002 0.029998336 4.429044861700537 
Car -1 -1 0 626.0927211759566 175.49010697361592 647.6413979370926 195.27081818756068 1.5102831 1.5870284 3.9530733 2.210799 1.7283498 57.659424 1.642695 0.5441872991213921 

