Car -1 -1 0 675.8288987998294 176.0339717461558 755.6187236244631 236.1460700623454 1.524306 1.5415863 3.4055748 2.8851154 1.6211613 20.229002 1.5083753 76.21353653879311 
Car -1 -1 0 465.8682029536923 171.44989355705323 529.4809478437023 217.1215829625584 1.4989007 1.697454 4.250455 -3.9096456 1.4528191 25.821907 1.5508442 78.4059246933644 
Car -1 -1 0 776.8223763317402 192.53154839519445 1077.0409735804708 370.6435983323056 1.4227502 1.6107109 4.203529 3.22785 1.7073337 8.331746 1.5687828 119.5443525324149 
Car -1 -1 0 719.0786431748148 182.49757222830922 850.8365145846685 278.2938082378929 1.525882 1.5523691 3.2924027 3.135776 1.7287886 13.505957 1.5311948 90.42353341030812 
Car -1 -1 0 229.10653619866306 175.48159469841423 445.631997571593 328.93699970353293 1.6163049 1.5831361 3.7360616 -3.3224258 1.6580346 9.561863 1.5322745 92.9668756231806 
Car -1 -1 0 651.8955921066206 174.20680944085697 712.3773998885538 221.74364521021317 1.5072416 1.5449014 3.645889 2.4241223 1.557304 24.84248 1.5211824 41.04033905764468 
Car -1 -1 0 642.4188028645027 172.41384237016888 690.2965962559409 209.33436458675567 1.4552855 1.5867726 4.2689962 2.3382921 1.4379358 30.595089 1.5447382 16.48132004874936 
Car -1 -1 0 607.2614132353499 168.80319013589332 635.2607046295709 186.24043706789126 1.491267 1.6219239 3.8277626 1.0011183 1.1448336 63.752125 1.3505273 1.637330517496689 
Car -1 -1 0 491.84063447707723 171.43819087102094 534.6156992108515 207.8984710515998 1.4975984 1.5386256 3.6044688 -4.1473618 1.4394442 31.47186 1.5260406 0.3043808937072754 

