Car -1 -1 0 700.2428873705805 189.79762464987715 816.5479489459987 271.62204562707905 1.4268268 1.5686879 3.4721525 2.9753108 1.8227038 15.0869055 1.5232856 96.80312953483602 
Car -1 -1 0 775.2766407295385 188.76435615005124 910.1411474932934 237.51404733664126 1.4084296 1.5890701 3.696992 7.1365747 1.9212868 22.348854 0.06299302 49.14499735848024 
Car -1 -1 0 280.3930961393297 179.27904949037506 447.9854398497352 242.37767956123508 1.6059277 1.6853765 4.051886 -6.556358 1.7902957 19.642452 -0.11115716 38.86145621703569 
Car -1 -1 0 106.65384843313376 186.13433347583467 391.37656807098614 281.83430691507476 1.507386 1.6171975 4.091929 -6.046584 1.751503 12.429782 -0.0121593475 55.26735987000641 
Car -1 -1 0 439.3960260016773 178.28663191110272 525.350055936249 209.85020251953847 1.6339636 1.7226231 4.2865067 -6.737643 1.9304742 38.515656 -0.0019891707 34.00595118361865 
Car -1 -1 0 0.0 182.6155799220004 319.6486346657097 305.34879728077226 1.5288393 1.6109788 3.8257604 -6.2522173 1.6759757 10.001371 -0.03629608 55.1664581595182 
Car -1 -1 0 695.3194856771378 178.85787129913072 800.4146872460075 216.86714858061248 1.6629512 1.6917077 4.4216895 6.2348304 1.943814 32.81002 -0.04467264 29.378652019234753 
Car -1 -1 0 736.7441792204654 180.62197066618998 860.599861174459 229.97060713374893 1.6225337 1.6424065 3.9232485 6.469648 1.9021864 25.002842 0.078796834 10.894727999395041 
Car -1 -1 0 207.73854033199063 173.81491603052112 424.58643287143866 263.774942905801 1.7415655 1.6171448 3.79702 -5.9004354 1.7624073 14.818073 -0.01227719 67.98652328970456 
Car -1 -1 0 472.1544129635458 175.14038932642214 539.9287927321661 204.62904177243786 1.7263134 1.6791294 3.96607 -6.2085896 1.8674903 43.47951 -0.12117769 11.988628862466237 

