Car -1 -1 0 386.5769228030571 185.6372464797842 468.37722521424945 238.34074847530147 1.4663498 1.5643573 3.6922622 -5.662744 1.9042557 22.849201 1.5997111 62.249000442436405 
Car -1 -1 0 303.30999613512506 188.8444933557221 433.6973215693544 263.26553018583303 1.5002501 1.625177 3.9764385 -5.655702 1.9320873 17.452482 1.6306657 70.62573861885717 
Car -1 -1 0 429.4423469464923 184.15729516296634 490.67335183445675 226.54281306539997 1.4606069 1.5401244 3.5827663 -5.6502156 1.9217889 27.633324 1.5900922 23.545724723503493 
Car -1 -1 0 465.548429823635 182.27565900992298 512.6532605465502 215.5089891469277 1.4090044 1.5663209 4.0736513 -5.5753317 1.8770018 33.79567 1.5603123 17.88055165064938 
Car -1 -1 0 1129.414092552598 134.97496152778427 1242.0 176.27360646964792 1.5825758 1.7079284 4.207856 23.3068 0.13104014 28.647888 -0.069671616 28.064524161257463 
Car -1 -1 0 726.4264155703952 166.93350276184032 772.5157984465234 195.91812448133027 1.4597814 1.591419 3.913546 7.36823 1.1616013 38.317238 1.5435636 12.864257610775265 
Car -1 -1 0 787.6432822007401 155.71428190392612 905.5145057750647 195.33821511950163 1.5659058 1.7400843 4.256744 9.674574 0.88855785 29.609375 -0.10819635 12.218060580670535 
Car -1 -1 0 762.6086654824938 158.48060382845932 856.1436552191565 192.47501174861227 1.5665377 1.6609495 3.9861164 9.517062 0.9041796 34.463036 -0.20173255 8.075210056496829 
Car -1 -1 0 494.60325107504167 179.126681320922 537.0662318550831 207.83024088625467 1.5209098 1.5841134 4.0339985 -5.296716 1.8972831 41.216736 1.6558304 3.0916293168507507 
Car -1 -1 0 662.90523381187 170.32956190800437 705.6256802589845 205.26255707873312 1.6259419 1.6295915 4.0353208 3.628045 1.5084428 35.614037 1.5548956 2.301567055056096 
Car -1 -1 0 1054.1611943689813 141.65238927150924 1164.7122952844445 173.31295943838717 1.4651396 1.6270821 4.1584983 23.677639 0.021238845 34.260605 -0.027488332 4.480776956733847 
Car -1 -1 0 1081.998816442482 138.65221034962065 1203.299914425771 174.2959956154354 1.5151837 1.6471089 4.0974293 23.219114 0.061297707 31.518185 -0.011125914 0.2769751250743866 

