Car -1 -1 0 658.9893380909689 180.33976964015545 759.612561220313 250.43892469637282 1.4410231 1.646483 4.363328 2.2733133 1.645853 17.524765 1.5231814 87.49835092844978 
Car -1 -1 0 637.6498992624755 176.13765625339832 678.64127481405 211.59012740032787 1.4951758 1.5925469 3.6060543 2.1421366 1.6516256 32.571266 1.5664922 27.827945697965916 
Car -1 -1 0 171.1665080726369 189.40669630275113 405.3366462159846 266.98420485963106 1.4218384 1.582123 3.9884958 -6.309943 1.7725137 14.43647 0.029527016 58.1947660504469 
Car -1 -1 0 52.53908902750639 188.74439308212823 349.1333028216714 284.2065210548347 1.4277799 1.5761428 3.9935484 -6.565859 1.7069883 11.869472 0.010299388 75.12401832138788 
Car -1 -1 0 276.4623180232228 180.87853632575033 428.8114206788799 240.9088681161002 1.5346528 1.5728202 3.5725534 -6.919984 1.7632248 19.62331 0.08141883 45.94311982057661 
Car -1 -1 0 405.72787162672023 177.94969020336583 498.51767096292593 208.4852276365579 1.4575593 1.6319773 4.295682 -7.7326126 1.7166158 35.72177 -0.067998014 10.904948991975402 
Car -1 -1 0 377.11328804669694 179.40385152403434 491.70476021994637 219.6669456355301 1.5350204 1.6627891 4.137844 -6.953123 1.8061523 28.853388 0.09040309 11.715583015305436 
Car -1 -1 0 632.1726538512756 174.55533152643397 668.5440785635914 206.1103993200477 1.5576776 1.5838947 3.6480842 2.0843873 1.6508439 37.664555 1.5400841 4.120978699299259 
Car -1 -1 0 431.830049333356 176.4333042269473 504.5466710798554 206.24713047890776 1.6456171 1.6378226 3.9053242 -7.9923606 1.8540981 41.04454 -0.08533131 0.8800232410430908 
Car -1 -1 0 799.9570410843168 168.23276148485516 885.1211800609062 197.61889239046394 1.5725735 1.5497744 4.14921 12.681041 1.3252717 39.410522 -0.011189222 1.2060365947066678 
Car -1 -1 0 497.5178482848014 177.96003038306236 526.5152304484798 202.532644916076 1.4372993 1.5566393 3.6097205 -6.023166 1.7676687 44.82992 1.5007323 0.3493713438510895 
Car -1 -1 0 526.7762538547782 178.09263368083748 556.1078090754637 197.45788135516221 1.5047146 1.6711798 3.8701754 -5.6302137 1.9503925 59.29129 1.2787325 0.6093368424321924 

