Car -1 -1 0 274.8787431444679 189.80575970712113 409.2866181900578 273.30686497727754 1.5466859 1.604434 3.7402773 -5.756193 1.9665505 15.998314 1.5673665 103.8520079961683 
Car -1 -1 0 748.1852019425232 179.7190533193143 958.852463556351 315.45054122636566 1.4677038 1.5887557 3.6785712 3.0595315 1.5789081 9.838588 1.5579722 89.1219018998974 
Car -1 -1 0 704.3729688755419 178.74732842962203 825.6905730847703 259.46998266705657 1.4731357 1.5496764 3.4199626 3.1377654 1.6117604 15.19935 1.4804901 92.5161044272852 
Car -1 -1 0 367.8448293088443 188.97456930222734 452.7452455827854 245.59551267231998 1.438185 1.5314364 3.5419397 -5.727009 1.9496624 21.116116 1.5628216 58.14166087905471 
Car -1 -1 0 691.8458026594329 179.65278972822566 775.0525405995168 234.91949486415967 1.4109046 1.6168612 3.7485723 3.464289 1.6247921 20.794113 1.5306616 16.197476310695983 
Car -1 -1 0 341.80194497439066 187.30940677048122 381.11096058234637 208.39664983955427 1.4764023 1.554376 3.7137086 -18.952694 2.6175246 55.0481 0.85436064 11.02153106805027 
Car -1 -1 0 384.58203228130805 179.85789403772634 456.7234373439567 205.68584905594787 1.574898 1.6053996 4.0996695 -11.879237 2.025918 45.493504 0.083254896 3.8398010934145974 
Car -1 -1 0 371.4668980733117 183.4961590688601 403.8134635179167 204.14389949451902 1.7319663 1.6987654 4.32938 -19.933523 2.7225294 64.97052 1.5402464 0.2596086859703064 
Car -1 -1 0 73.73970535758012 189.88539972211808 204.34675474260456 240.77941609595888 1.4334061 1.5467454 3.9686208 -15.279055 2.040583 23.699615 1.6253425 0.2519441545009613 

