Car -1 -1 0 129.31372727760422 193.05760455812216 381.8071053408779 322.58322858702815 1.4259665 1.6748626 4.3236837 -4.912875 1.7886713 10.786455 1.5646636 139.11306816481454 
Car -1 -1 0 449.261076501609 178.077550781676 512.9662727952539 223.3599879896836 1.5376037 1.5860927 3.4345512 -4.6720624 1.7433176 26.660486 1.6213164 46.29160436400372 
Car -1 -1 0 726.9907375605651 179.61914919896788 833.2659557279932 256.6013795002894 1.5049202 1.631386 3.754085 3.7231781 1.675988 16.342487 1.6035777 59.572589815580166 
Car -1 -1 0 760.4501133286943 182.25381206962467 959.380913994923 308.89379697284323 1.5099195 1.6563257 3.8800576 3.4916043 1.6763984 10.835236 1.575414 69.07965851506015 
Car -1 -1 0 698.6480657224063 179.325004747888 780.5874436101092 232.96295870584802 1.438091 1.6254637 4.0491133 3.8328497 1.6528304 21.892216 1.535576 49.89117645490358 
Car -1 -1 0 478.85954017060743 178.51488743585847 532.1788507698501 215.26894043985715 1.4665256 1.5510168 3.7560973 -4.4467044 1.727234 31.306324 1.6345549 25.296355636067393 
Car -1 -1 0 693.33573055386 178.96555178821694 748.9991063635929 221.070105449602 1.4666942 1.5395777 3.5789835 4.177292 1.7144111 27.450691 1.5634402 15.027594958982295 
Car -1 -1 0 0.0 178.9420844691977 153.980437720082 227.09758183993108 1.431262 1.5704657 4.1962414 -16.861925 1.6315622 22.7208 0.11363267 7.679853417557184 
Car -1 -1 0 1080.4757119150454 162.551944201391 1242.0 233.54812180019894 1.4788928 1.6453836 4.017638 13.581828 1.2642947 17.161362 1.373043 14.004430354836432 

