Car -1 -1 0 659.87568108594 178.1625923085725 723.354009716773 224.42724440919272 1.3981733 1.6220983 4.1546907 2.680747 1.5928441 24.372103 1.5582645 52.47667068196999 
Car -1 -1 0 382.5075129558396 173.95475243541725 508.31841290209223 217.16748566021894 1.4833994 1.6347992 4.136199 -5.7696924 1.5239644 25.702164 -0.034424476 41.98652247296249 
Car -1 -1 0 236.75155685933728 176.79050089355752 447.21726852111385 246.70116795411462 1.4977477 1.6417997 4.179755 -5.96054 1.5919371 16.409355 -0.016385684 68.13908192859574 
Car -1 -1 0 25.131441460568162 179.64729293245722 356.8526248228567 286.3918676724815 1.4633443 1.6078866 4.053537 -6.100722 1.5730658 10.825386 0.012140529 55.629427448961216 
Car -1 -1 0 290.9745901549373 175.7780108402983 455.96740908462397 228.64530601544794 1.4654257 1.6084741 4.274332 -6.7962284 1.5542781 21.013342 0.051016677 15.803526454996078 
Car -1 -1 0 448.1910194624701 173.01703420621067 536.3007856799361 200.86646491792038 1.4443527 1.6623969 4.3550563 -6.2213335 1.4532877 38.48886 0.10529395 11.340998411942234 
Car -1 -1 0 721.1593521564606 173.69865053340348 814.289284510672 211.83392935443666 1.4934113 1.604329 3.5306506 6.3543663 1.5288248 29.27561 0.10113993 9.19577505185497 
Car -1 -1 0 688.6088003936064 169.01037941311478 726.968508551384 195.78758929208158 1.4985414 1.6615409 3.8116255 5.7085905 1.2834394 42.301052 1.5515962 1.4169783145459878 
Car -1 -1 0 716.0713297920105 158.08225105260365 753.4504078141626 183.85263473986473 1.6300484 1.5932634 3.8488832 8.212236 0.69569397 47.60702 1.5122535 3.0860385757413344 
Car -1 -1 0 316.63200918043685 167.98226968270532 446.08000016104097 220.4338161309703 1.6373372 1.5822666 3.7341807 -7.3280516 1.4852602 23.425865 -0.060298394 4.783746636205057 
Car -1 -1 0 266.09362388644286 174.77089245446976 419.7845647496472 238.87990668228127 1.6090969 1.541187 3.5023544 -6.938334 1.6619375 19.025797 -0.05399342 0.2783917188644409 

