Car -1 -1 0 755.8833897074239 188.7081637509105 909.8794542613296 288.833688548764 1.3820126 1.5909903 4.0610647 3.7022626 1.7057269 12.67214 1.610349 104.72331851250173 
Car -1 -1 0 477.6644358904992 182.8574040482448 538.2768806981512 228.6915470419339 1.6344931 1.6160936 3.6814733 -3.9318628 2.0552964 28.455475 1.6467593 67.09385036023404 
Car -1 -1 0 723.2857818576852 181.96007500176532 812.2112293271862 249.22679061535837 1.4660609 1.6321778 4.2699013 3.9224415 1.7272294 18.506168 1.6426609 82.50227207276785 
Car -1 -1 0 508.15391024132913 183.0819795572614 557.1575786943856 218.02577778363647 1.4740025 1.5551764 3.9204657 -3.5210552 1.9794385 33.637104 1.6557432 14.097751198907787 
Car -1 -1 0 998.4060871325116 172.9108358057599 1205.8468058823253 241.26975377035748 1.4900627 1.6598713 4.0458293 11.936054 1.4916027 17.64107 0.6731434 50.36095195071805 
Car -1 -1 0 689.636860004474 177.35502803813236 718.9853807227099 203.82452611770412 1.6139073 1.664893 3.7947936 6.0812383 1.9168575 46.6113 1.6439897 10.39445569859529 
Car -1 -1 0 239.66831618447645 185.22781601092947 344.50933548669065 220.8414779450645 1.5674021 1.6589419 4.0979867 -14.561958 2.1524777 33.240654 -0.022857826 4.852407281476769 
Car -1 -1 0 544.5117558003026 180.3672799678083 581.5836079373292 209.18802393161033 1.5983567 1.6123103 3.9898734 -2.7323828 2.0691247 43.149925 1.6623628 0.7336007039403196 
Car -1 -1 0 601.1968864695616 182.08440893793517 619.7202926014972 198.2927089590259 1.469526 1.7000729 4.198552 0.06047167 2.391418 69.946815 1.5491627 0.25113749504089355 

