Car -1 -1 0 664.7704973998069 177.10432647495114 733.985174113096 227.17890645069133 1.388939 1.6029931 4.3065434 2.7024634 1.5344102 22.537586 1.5652187 76.93790038943004 
Car -1 -1 0 361.6552503268547 175.48073071570263 501.95278248895755 221.55215519611048 1.4560987 1.6499647 4.262525 -5.782181 1.5462465 23.8364 -0.04804516 54.55556379578184 
Car -1 -1 0 728.2360696281628 171.1582385909547 826.7651332969913 213.05016686580163 1.5364426 1.6292554 3.4492917 6.3170595 1.4742482 27.421476 0.085004844 38.41048676641644 
Car -1 -1 0 189.09654494745374 174.57348074778932 429.68121170599215 254.74033232677823 1.5159552 1.6459455 4.154027 -5.8987417 1.5525256 14.512962 -0.0048092613 88.21375162927765 
Car -1 -1 0 0.0 178.33648337225708 309.7177862289103 309.9943339140067 1.4667981 1.6009717 3.989152 -6.0486407 1.5413207 8.958566 0.024546966 42.08798488935329 
Car -1 -1 0 259.27894790497237 173.93333426832012 440.1513821977063 232.75598248546268 1.4827746 1.6071538 4.2150803 -6.797041 1.5127203 19.120026 0.045615766 20.72399315609018 
Car -1 -1 0 442.83721401705276 170.6749946209165 531.7608445967304 199.9043384456066 1.4373071 1.6207983 4.2383165 -6.1067595 1.3301578 36.359715 -0.032690078 16.102361013178054 
Car -1 -1 0 290.58163927249336 167.58504587048913 433.53870437227494 224.1520062555794 1.6030872 1.6134204 3.7457225 -7.2544565 1.4537668 21.43364 -0.09768373 14.019671624588081 
Car -1 -1 0 664.7312983938217 169.83031730400754 721.1599145474056 191.98189254993395 1.5471008 1.6700196 3.8141053 5.8877554 1.3359218 51.22936 0.000535984 6.262953000126139 
Car -1 -1 0 716.9541854235898 172.96342528050155 814.67813308214 207.40991830784685 1.467644 1.6021833 3.9084578 6.802186 1.4725755 31.633587 -0.043738678 5.531334389812777 
Car -1 -1 0 214.18836092937684 173.78332860364006 398.6856491200122 245.4771261005919 1.5910438 1.583255 3.6664376 -6.9930334 1.6139579 16.912994 -0.04746821 7.321627395262671 
Car -1 -1 0 542.6964326176542 172.11847191216313 562.2824825816343 190.17004347226035 1.4633965 1.5376036 3.9614666 -4.814316 1.4037688 60.543404 1.4663107 2.016326738973718 
Car -1 -1 0 691.5304508656407 170.41818059721197 766.5777685735478 198.50114310798017 1.4989896 1.5826199 3.7717967 6.506486 1.3689722 39.479244 -0.094421156 0.28688478469848633 
Car -1 -1 0 734.2216872733976 181.7625189858268 874.3666897275937 267.5753882631306 1.483289 1.5934215 3.6962092 3.8171463 1.6893766 14.780337 1.4818746 0.7591879377405762 
Car -1 -1 0 403.89587233726655 163.3364158139616 521.3099635212643 212.1694259406921 1.7192963 1.6724572 3.9530542 -5.2809176 1.3842043 26.277895 -0.019309232 0.2541089653968811 

