Car -1 -1 0 0.0 206.8104936531229 269.3081894380875 361.9900978543582 1.4562453 1.487426 3.5142531 -5.941422 1.9778445 9.314354 1.5544481 128.26108069459474 
Car -1 -1 0 698.1672001698969 179.11437061856796 802.8566137083964 248.02817770953894 1.4103887 1.6484324 4.0378556 3.207907 1.5769517 17.16656 1.5563284 74.78637575063851 
Car -1 -1 0 374.66130027468904 189.7898774029089 467.8058540625494 243.70919692368363 1.4482961 1.6698804 4.284736 -5.8483872 2.037558 22.926994 1.6161039 89.32140184719229 
Car -1 -1 0 237.02255536576178 195.43794686808252 394.302239676329 281.60334822015466 1.4444407 1.6280828 4.2281103 -6.010065 1.9902422 15.321445 1.567846 101.75517718873863 
Car -1 -1 0 679.5845412499124 174.45588184104102 748.3499426409767 230.74031490911432 1.6006333 1.6492214 4.0200176 3.1824021 1.6554358 22.659706 1.5895666 49.06910119594112 
Car -1 -1 0 1039.704817274017 131.81057913946609 1242.0 241.8668000962657 1.5706947 1.6236421 3.9533405 9.127046 0.98493326 11.226889 -0.060205095 79.94157831606091 
Car -1 -1 0 996.6418069841781 137.74667601650927 1242.0 227.99731979388662 1.5996559 1.5856375 3.6359642 9.560635 0.9773928 13.657921 -0.042284105 50.17274449632482 
Car -1 -1 0 915.1690395494078 153.99790152913383 1121.957316283745 223.79054131322212 1.4712683 1.593394 3.8084755 9.084965 1.073771 16.182407 -0.09403831 60.82256612387378 
Car -1 -1 0 836.3081163075892 159.788770703791 1026.9711145813085 217.44280091073117 1.4410914 1.6437403 4.295059 8.368158 1.1145194 18.959177 -0.048006758 51.234470597601685 
Car -1 -1 0 659.2647273011612 176.48592565709515 709.8951446665552 214.56638573717493 1.5951831 1.5818963 3.8517323 3.323471 1.7692218 32.589676 1.4862051 27.398749476771577 
Car -1 -1 0 474.7390631867653 184.36905374655723 523.1039009195358 216.33375997826928 1.5160294 1.5702045 4.0420666 -5.732505 2.1527057 37.809055 1.6640204 11.780475701531527 
Car -1 -1 0 430.136125193863 187.85872100533737 489.52121425699414 230.09710568075403 1.5009794 1.573995 3.6181695 -5.892412 2.1367102 28.751717 1.5834749 17.979238154190206 
Car -1 -1 0 518.395972972746 180.66396253656436 543.0235768562067 202.39622054552277 1.4915621 1.5411544 3.875065 -5.7478538 2.0855145 52.90496 1.5284009 2.1068266188121263 
Car -1 -1 0 643.126785846464 177.1639081820259 672.7437650818388 202.27305561700277 1.5462301 1.5710357 3.5172262 3.1041918 1.8366116 46.829506 1.5366697 5.191951235049918 

