Car -1 -1 0 347.7507045511477 185.0303255277476 430.2406080309904 229.29584547684468 1.3879561 1.61702 3.8464627 -7.317062 1.3821437 24.468714 1.577752 59.94866145501405 
Car -1 -1 0 125.69437390828445 187.7632436606807 311.42988334890697 271.77693278336994 1.4528286 1.5832404 3.5462735 -7.5521555 1.5102718 14.375634 1.6550082 44.7158613921552 
Car -1 -1 0 163.49937516632508 186.5230690996761 429.5304526859529 341.4944448371028 1.479162 1.6144322 3.6615005 -3.4370804 1.4983903 8.73251 1.5826191 102.19224029913127 
Car -1 -1 0 583.9650598974257 178.2503322823358 620.3033237610559 211.9476945440964 1.5120504 1.631173 3.4437807 -0.25233242 1.1995041 33.98994 1.5559484 25.181993650547973 
Car -1 -1 0 1.6877793098465168 186.7799387547415 193.58411616635482 257.6997137163368 1.4180696 1.5737023 3.889689 -11.381563 1.4580634 16.419815 1.5899478 47.52992786218516 
Car -1 -1 0 453.9137975766844 182.3729201448141 532.8914729567749 237.43899076022018 1.4563986 1.6413003 3.9716666 -3.2165847 1.3812122 21.006588 1.5810435 56.82032678245639 
Car -1 -1 0 422.9745604711902 181.01402204724738 471.71782153126367 213.07162533857039 1.4467527 1.602521 3.7818818 -7.574973 1.2571319 34.35804 1.5379643 17.256780996047777 
Car -1 -1 0 312.6928122524753 183.44993258239361 377.8587332052252 216.46236016123254 1.4666927 1.5968117 3.9801772 -12.274275 1.3882424 33.93461 1.5794368 10.135995281424684 
Car -1 -1 0 498.36018727121154 181.25521141191638 537.7019620360113 211.22893227206123 1.4284863 1.6472971 3.9138274 -4.441451 1.2397376 36.247288 1.5310757 1.814670849537824 
Car -1 -1 0 140.9980890458794 184.20360357908598 263.60415262108427 235.817473284617 1.435195 1.5300907 3.754831 -12.170937 1.4070523 21.889126 1.6019588 1.7860820923882554 

