Car -1 -1 0 420.8822719652575 183.7648984717409 507.96175384092174 244.57381169792603 1.5878118 1.6494584 3.8208046 -4.2102165 1.9422734 21.490404 1.6220517 90.29880933650746 
Car -1 -1 0 774.9821224009023 184.71679042005601 959.0902139735377 306.0558026741411 1.4983655 1.6133027 4.182328 3.8160207 1.721691 11.454827 1.6204727 126.22975987165367 
Car -1 -1 0 470.7552755227894 180.43463474766483 534.4533413786772 229.8684852818358 1.6458995 1.6294284 3.9876056 -3.866036 1.9472958 26.665558 1.6068377 41.23402766109219 
Car -1 -1 0 693.8000287349769 176.43367528362455 731.2498184492049 205.90290278577504 1.5182562 1.7030671 4.2267547 5.6318097 1.726713 39.857998 1.6294515 36.81885235315272 
Car -1 -1 0 522.1862600105028 182.1699115119388 565.0282227664532 214.71574304542762 1.4871266 1.6211451 3.9954736 -3.2471356 1.9802319 36.161896 1.6130643 14.122950717925987 
Car -1 -1 0 130.43841446599308 185.65583836491422 270.48522173214707 229.24876413068665 1.4913117 1.6143701 4.1286235 -14.74967 1.972396 26.175274 -0.065031424 15.107823921959614 
Car -1 -1 0 593.555476794683 181.16790628306 614.1083693181521 198.74685438087633 1.4338031 1.6133995 4.2574205 -0.4705531 2.185093 63.046272 1.6060705 1.759600897030211 
Car -1 -1 0 501.0431311153461 184.61869680566858 550.6975609583485 222.2177319231699 1.4862638 1.5426637 3.8285067 -3.6121497 2.0349374 31.697384 1.6249459 2.397682328490043 
Car -1 -1 0 582.4078427302269 173.99353974965396 602.9213067894143 187.98733092190986 1.5153698 1.5933543 4.1438837 -1.861165 1.6461767 80.656334 1.7228973 0.834284731050721 

