Car -1 -1 0 666.2783918619435 184.92784824257217 725.5694962224127 230.78541970583868 1.3952134 1.590297 3.5400982 2.878996 1.8375174 24.659302 1.5671188 76.9500319706679 
Car -1 -1 0 713.7310251979411 185.85454081853456 864.8757121832874 290.92501602306646 1.4973058 1.657908 3.9363153 2.970008 1.7625682 12.746685 1.5617888 89.6323388689101 
Car -1 -1 0 335.0191770694213 181.89199046792254 480.55788329270194 231.23789166904197 1.4955114 1.6698244 4.2039213 -6.448656 1.8001871 23.285538 0.09866817 56.8209550699529 
Car -1 -1 0 779.8305212621701 197.941955131628 1116.5818794404804 375.0 1.4415864 1.6098305 3.642584 2.9679174 1.7565074 7.22184 1.5529162 82.51005611084213 
Car -1 -1 0 211.379127026864 179.79647931088815 422.64467337923344 259.42966788142957 1.6022065 1.6530571 3.8814793 -6.1901264 1.7602383 15.547272 0.026216311 53.483339568574046 
Car -1 -1 0 649.5083608853199 178.68100910382586 687.5153027330218 214.0268555193221 1.619236 1.6425105 3.8077497 2.858776 1.9223163 35.6086 1.5918957 15.756865685515935 
Car -1 -1 0 636.315404395666 179.39536669259707 663.432597423457 203.9913714015855 1.6379163 1.6366866 3.7326825 2.8109417 2.116713 50.931576 1.5517836 6.301570669062008 
Car -1 -1 0 0.0 165.7653438264913 312.2094681200673 333.75184621228095 1.800078 1.6810364 4.2360644 -6.0172634 1.7241187 8.625051 0.025063017 48.581653391344574 
Car -1 -1 0 117.95845109358551 184.6198299483935 383.99508042003504 278.47658231678685 1.5388798 1.6382997 3.9976883 -6.320897 1.7656369 12.983709 0.052106615 10.599691422766112 
Car -1 -1 0 388.0023776742793 171.3599214107417 504.5530257718576 222.11670787362743 1.9149225 1.7228953 4.1296453 -6.3158283 1.8585546 28.18125 0.04798314 13.94742710685448 
Car -1 -1 0 439.6171398470765 180.23264719544113 527.7583311470344 211.90555883233674 1.5170889 1.6677964 4.105261 -6.1987314 1.8924948 35.83835 -0.018431557 2.449933626074585 
Car -1 -1 0 343.8200064732309 164.826343336964 380.46499790313396 187.75072620101355 1.6179976 1.6585286 3.9291327 -18.107647 1.0514072 52.957485 1.4802239 0.28187698125839233 

