Car -1 -1 0 159.49292553940091 197.3553140516609 362.2476222165855 300.32094813188104 1.4310882 1.6062412 4.0597854 -6.029989 1.9443326 13.060285 1.6023519 116.44558942786834 
Car -1 -1 0 730.9665611480443 179.29505322933343 928.2563493284711 306.13727235728163 1.5307647 1.6726265 3.9173708 3.0588017 1.6457434 10.894727 1.5375698 104.35598277456369 
Car -1 -1 0 355.3380322759712 177.18070326315953 453.75694554034123 243.35026207887515 1.732362 1.7477702 4.2821712 -5.912401 1.8731551 21.325594 1.5561852 86.82700443369228 
Car -1 -1 0 550.2494570601267 179.01969111452982 576.3910320614254 201.24755218558258 1.4694835 1.694427 3.8999722 -3.217669 1.9201598 50.76771 1.5432872 16.99514665897292 
Car -1 -1 0 516.7203786294158 180.2820350549525 547.685800257246 201.38005047378064 1.4683745 1.676718 3.873169 -5.705372 2.0405083 53.594025 1.6280935 11.631235698246169 
Car -1 -1 0 417.4851932029498 182.40101731932643 486.7884385265264 225.9030231548764 1.5037894 1.6348482 4.159148 -6.00583 1.9018911 27.977863 1.6094328 11.284485752161876 
Car -1 -1 0 888.4901586488006 156.73190293357163 1008.2127116776895 196.59780318602307 1.5232654 1.625464 4.192271 13.4982195 0.9072442 29.000427 0.31989405 8.768254873874794 
Car -1 -1 0 471.6175973928469 182.08544690392327 514.6336811004264 211.73689309806838 1.433681 1.5896343 4.105444 -6.107621 1.949095 38.226982 1.5777898 4.249996310395854 
Car -1 -1 0 639.017828145245 174.96550608828377 660.7835568213716 194.38450964565214 1.551743 1.6636446 3.6111636 3.3772724 1.7326479 59.941746 1.6662663 2.8566680935086093 
Car -1 -1 0 829.2527497594466 164.05772028319572 910.1878341039003 191.16335917913355 1.4555311 1.5889039 3.9241717 14.270919 0.9831842 39.73297 0.10060908 1.097084287447471 
Car -1 -1 0 857.8898128165808 159.57405659696246 917.0475786476344 181.5080864413102 1.6540518 1.613926 3.9080584 21.254307 0.65260696 55.263695 -0.023325732 1.1272983525652829 

