Car -1 -1 0 31.800099835808673 194.01363430381386 391.26126885359764 375.0 1.4599558 1.6046537 3.8028522 -3.5678859 1.5732443 7.3488474 1.5629572 99.56726583429666 
Car -1 -1 0 698.0179238812507 192.07464458306578 798.5151584798051 263.8966293341796 1.3776915 1.5204687 3.3866062 2.9854069 1.5447903 15.813311 1.5624677 85.50893461153896 
Car -1 -1 0 408.2766627107473 184.6061502942644 503.63781467197083 255.55947872575987 1.573258 1.5804713 3.2704802 -3.5937643 1.5597425 17.5918 1.5931649 99.27205200884477 
Car -1 -1 0 467.80075134825455 184.33859743097278 528.2807128999422 228.20180150877775 1.4680734 1.5821515 4.033575 -3.874658 1.4387174 26.076584 1.5706124 35.25663581937603 
Car -1 -1 0 648.1483320782193 184.8766989010265 690.3679193483681 217.4507879862422 1.444311 1.5516151 4.0272064 2.8687522 1.42928 33.905014 1.5470316 35.541087626813336 
Car -1 -1 0 361.4305059630543 186.78410554215975 429.4497672727712 225.9871168280198 1.4215593 1.617548 3.6183712 -8.1705885 1.4866785 28.029284 1.5608969 34.07730185824991 
Car -1 -1 0 209.10138215675644 188.95625676088065 347.8850580509082 256.00912525400344 1.4425149 1.5703721 3.8911934 -7.8808346 1.5445149 17.642834 1.5887811 30.88950907290503 
Car -1 -1 0 588.3259239442837 183.66401498874993 611.8203554376028 204.77034896945958 1.4916294 1.5937212 3.8288016 -0.55313146 1.3819686 52.7508 1.526622 12.381824788490462 
Car -1 -1 0 499.09240031146084 184.70818124453208 538.7883739278697 215.32972585754584 1.4944233 1.5706501 3.6777954 -4.482538 1.4696549 36.925014 1.5756446 18.363685004737512 
Car -1 -1 0 619.6053812957833 184.45271281525322 640.8120329573364 200.86375034142748 1.4672225 1.7327647 4.0566616 2.0936956 1.399008 66.31722 1.5472353 3.091735112924174 
Car -1 -1 0 527.5471184666219 184.23484946072526 554.125746138167 205.62621411146068 1.3973851 1.5151361 3.5751815 -4.5394344 1.3333114 48.850292 1.3980166 0.956398676670443 

