Car -1 -1 0 0.0 200.95424908363853 287.4360869621643 351.3258881549619 1.4541016 1.6159288 4.022628 -6.109085 1.913645 9.768216 1.5967551 135.83168529834256 
Car -1 -1 0 772.0443865821525 180.0012360203733 1106.0557939602386 375.0 1.5497599 1.6655549 3.8629181 3.0314963 1.644456 7.604543 1.5410656 97.75364111347297 
Car -1 -1 0 297.5468835634566 179.0188729974929 426.5042224556076 254.8626778119848 1.6301339 1.7410812 4.2824655 -5.9837446 1.8022304 17.999397 1.5726194 96.5635928246889 
Car -1 -1 0 538.3026408579068 178.42937070293306 571.4780788713113 203.1561594091168 1.4518312 1.7264484 4.078512 -3.3886085 1.8180106 45.33932 1.5832951 12.431184886206449 
Car -1 -1 0 506.96822327897445 178.83016624408404 538.1320233521932 202.5280478308949 1.5512836 1.6170028 3.6425726 -5.9916077 1.9807576 50.007984 1.6011342 19.44082945268432 
Car -1 -1 0 386.1792857942417 181.44757936754146 462.8411685200114 231.8201640352783 1.5267618 1.575319 3.955074 -6.1853094 1.8424691 24.526442 1.5753735 22.66962991647611 
Car -1 -1 0 455.77217632131146 182.64029339576436 503.5485681911961 214.1934213201688 1.4144595 1.5986207 3.7333336 -6.3112407 1.9200896 35.396526 1.592145 15.110798237370176 
Car -1 -1 0 966.3282994438465 154.226390384114 1106.7686595285886 199.00051897434565 1.4602246 1.6049644 4.0589905 14.7036495 0.8527198 25.105446 0.42892385 25.498006662162574 
Car -1 -1 0 635.5494057729228 175.53964881187855 658.63821775166 196.51689506563847 1.5811632 1.665093 3.7565222 2.9850876 1.799945 56.831764 1.6633523 6.3977028046496915 

