Car -1 -1 0 677.4638342840028 169.5061171880241 772.6586250217432 242.51687407073962 1.5988394 1.5881271 3.5369873 2.7049372 1.5255251 17.608343 1.5184516 109.26394701002975 
Car -1 -1 0 743.4386800929182 183.02173496128714 1020.4363201398714 357.2742532380119 1.4895204 1.6231658 4.0614347 2.8076944 1.6376321 8.458851 1.5440797 105.76880025939096 
Car -1 -1 0 651.4176437937189 173.50900249144078 694.7338162251466 207.44138503894357 1.3884242 1.5436426 3.5224013 2.7078795 1.4184964 31.359413 1.5622462 44.44981014264156 
Car -1 -1 0 375.17698462844345 172.66748481916812 496.140415506152 213.70041971167217 1.4702392 1.6041696 4.0805755 -6.3607135 1.463556 26.666525 0.0055110054 25.34584311081081 
Car -1 -1 0 233.72744958899096 175.4293905651057 440.20753400951634 247.70738117461914 1.5128322 1.6323066 4.067748 -6.068086 1.5747526 16.263813 0.13592312 43.34850113855694 
Car -1 -1 0 416.60016347915405 171.06400526468684 516.4602965423835 210.56368115743825 1.5302432 1.5542011 3.672204 -5.6421995 1.4608974 28.736847 -0.003763901 21.76109703707168 
Car -1 -1 0 279.3023359437012 173.74749007509072 453.3636609228801 234.2235417327789 1.4959232 1.5902586 4.015211 -6.2897477 1.5205188 18.869705 0.10051347 25.083004100099192 
Car -1 -1 0 493.4794346804748 168.59577870325836 527.9797917990038 196.98954746572116 1.4822657 1.5650837 3.9395375 -5.3865247 1.2599697 39.676823 1.5159075 3.1295323780278923 
Car -1 -1 0 296.93176859657683 160.53324991286024 449.6033790038697 223.98098123407198 1.7842498 1.6788076 3.9429448 -6.841983 1.4377708 21.179808 -0.025313575 0.756663259899284 
Car -1 -1 0 473.3731572563521 164.00191187621942 537.0434310329592 189.91818864188832 1.6776949 1.6170303 4.10433 -6.896951 1.1046531 47.79616 -0.14016427 0.26069942116737366 

