Car -1 -1 0 667.9872432119532 181.348465137987 731.2231828595479 232.7194738563052 1.4294466 1.5485905 3.9490483 2.7482374 1.7202705 22.718515 1.5841564 97.99607178351755 
Car -1 -1 0 0.0 205.742797645277 354.59224186831193 375.0 1.4097264 1.558353 3.4103541 -3.8076313 1.7983618 6.810564 1.5843692 109.42480147124593 
Car -1 -1 0 251.18627765363794 194.7788149103136 386.55412427173894 273.2547749079546 1.447831 1.5818001 3.5384266 -6.30971 1.9900606 16.07315 1.573608 58.9018934887468 
Car -1 -1 0 777.2262214682643 166.2677105265683 919.577836342023 211.94181614700392 1.5177696 1.6897874 4.3528385 8.179993 1.2989043 24.930367 -0.050353684 64.66926675260095 
Car -1 -1 0 872.3311464509889 168.6215578315361 1116.543008698434 239.85496599466768 1.4563589 1.6750116 4.3882318 8.179612 1.369827 15.597549 -0.0037797473 113.18190486298006 
Car -1 -1 0 377.0819429864666 191.41138460261297 452.7167692233018 241.41127963049394 1.4099324 1.5470549 3.9123735 -6.3156433 2.0728028 23.794386 1.5401485 46.1639044629751 
Car -1 -1 0 1024.480390249142 153.4686576053848 1128.1216988475167 185.87804356053957 1.5057552 1.5872152 3.8806968 22.185326 0.60510296 34.392967 0.039697073 16.027050026017555 
Car -1 -1 0 1065.7516563304616 151.9127470541848 1176.1576612638084 188.7994444365335 1.554616 1.6158425 3.747406 22.17533 0.6720319 31.359041 -0.076813556 23.011642203177278 
Car -1 -1 0 466.7209008526771 183.0701154567825 512.9412659317976 215.1774953060849 1.5594875 1.5560808 3.9873729 -6.307351 2.131868 38.385094 1.6368061 8.053966145529673 
Car -1 -1 0 1123.2560422931833 148.56435740503622 1242.0 188.6049396861664 1.5025733 1.6464659 4.078118 22.549526 0.5910737 28.080372 -0.09030252 10.534248429921016 
Car -1 -1 0 829.8722029875761 154.8554057525464 1015.7297738013433 226.64819107554186 1.7807212 1.6829646 4.1018267 8.0367365 1.3342907 18.756464 -0.008906117 13.082186519732335 

