Car -1 -1 0 554.6313049949747 179.27666008531463 639.2427482722998 247.41419426623955 1.5797403 1.6420069 3.7293134 -0.36607128 1.4420462 18.642105 1.4027095 108.65905698944255 
Car -1 -1 0 181.3757100394566 190.92243851711376 332.56349654546364 273.18639271305994 1.3891929 1.5893828 3.9091766 -6.833013 1.5202575 14.466269 1.4364393 88.73626976739112 
Car -1 -1 0 458.9009496519487 180.12275214119128 510.89955629873316 226.7703022752591 1.5233383 1.6835597 3.3888245 -4.2774963 1.3570213 25.280811 1.413064 43.99642607455846 
Car -1 -1 0 292.32674483619667 184.59937370002373 376.6221030931369 235.05266474112966 1.4498147 1.6104634 4.4192843 -8.575745 1.4321041 22.96079 1.4234834 70.22950423671004 
Car -1 -1 0 368.6437957842149 183.41378938397403 417.42434226167296 215.09481051459076 1.4363859 1.635885 4.256073 -10.295731 1.3546891 34.811974 1.4338841 22.14703467245784 
Car -1 -1 0 182.3323670186652 184.38254209207997 273.0613739105764 233.5536280785747 1.4605719 1.5865006 3.5870986 -12.158453 1.4358239 23.258863 1.3919574 13.040902594850198 
Car -1 -1 0 356.135738115433 179.88431055417345 383.98266873612874 200.01778665971497 1.5300992 1.552155 3.6659513 -18.62321 1.1249256 56.568882 1.401716 7.059178802634713 
Car -1 -1 0 252.54616744248895 170.56858668190256 319.61767475621014 214.56543701750806 1.8743811 1.7643421 3.9697971 -14.516126 1.2503757 32.714813 1.4289722 1.167466111192417 
Car -1 -1 0 454.9746929499685 182.3862727133314 491.22356436849554 214.66985686335724 1.4483157 1.5995725 3.4742608 -6.4024506 1.3213812 34.115616 1.3598586 0.28974050283432007 

