Car -1 -1 0 689.7836920668234 169.72767016377242 895.0927495934142 241.94580369647716 1.44856 1.6514139 3.960444 3.8639412 1.3858516 15.555693 -0.13407625 140.10287184142777 
Car -1 -1 0 637.0464223289673 165.9483531441534 741.2870159802899 209.4838775058309 1.5229821 1.6127928 3.4902031 2.8556862 1.2814051 26.262108 -0.1269812 55.842519410416834 
Car -1 -1 0 105.4343433454158 171.2291849875191 332.1171117964738 250.66711530331716 1.6655252 1.6685998 4.1459064 -8.596708 1.6314586 16.177126 -0.10608043 95.87631167307477 
Car -1 -1 0 177.66468182269182 177.72988765332948 363.78789491783897 240.03661673126538 1.4992566 1.6183057 4.0496254 -8.602118 1.632381 18.615774 -0.14016065 26.645058288098422 
Car -1 -1 0 0.0 180.96216669055 225.99913342514256 302.4901857043064 1.5539942 1.6262885 3.804325 -7.831688 1.6809216 10.325466 -0.08389586 43.59463242205904 
Car -1 -1 0 294.13076222944756 171.94475442321826 419.3893242428145 213.97228458949434 1.4905696 1.6252121 4.104344 -9.23971 1.4583217 26.629276 -0.113015264 45.51429916014626 
Car -1 -1 0 621.4501505938565 167.70173969835258 721.6341345023927 206.5948890628724 1.4857566 1.6215987 3.6980164 2.41731 1.2889351 28.601147 -0.12655646 15.874419262911106 
Car -1 -1 0 444.90327122480306 166.51808799758143 475.15467978249734 186.27665309478584 1.7023458 1.7028388 3.9258604 -13.354938 1.15646 64.30267 1.1109085 7.2410544274431805 
Car -1 -1 0 221.9284751623099 178.44936997875917 382.5821498562882 229.79498342734476 1.448945 1.5768478 4.094809 -9.026058 1.621793 21.420029 -0.039763257 12.468134872849788 
Car -1 -1 0 870.7254199426694 162.8982578049467 915.3849335143283 186.88164309476178 1.4877226 1.6708043 4.2041597 18.481777 0.8701539 46.944794 2.207632 4.889057483530222 
Car -1 -1 0 320.3796724033495 166.27031762736743 419.2559641989243 205.04359280801316 1.631871 1.6322317 3.878827 -10.382561 1.35478 31.476505 -0.15669543 1.3555295951510762 

