Car -1 -1 0 660.2923804494314 178.0727522304898 712.037980948606 219.84875680540594 1.3980315 1.5242875 3.565163 2.736473 1.6017244 26.377268 1.5740657 65.89678618943815 
Car -1 -1 0 701.9958099842174 172.9483954938974 850.9402920368253 280.8617791231033 1.6156343 1.6053585 3.5618808 2.7427056 1.6175251 12.629517 1.5138144 113.95564650611094 
Car -1 -1 0 317.89965819225404 180.60199475178888 472.20297314881975 230.2890676690304 1.4214401 1.5988535 4.1638937 -6.3658834 1.6630876 21.698215 0.0028685718 49.65572991823041 
Car -1 -1 0 703.7186724629682 172.97929365619623 805.09849417696 211.2621878260864 1.6193722 1.6838044 4.132123 6.2515836 1.625001 31.47139 0.04997282 21.940351087170225 
Car -1 -1 0 60.17599423902208 181.45939931076728 369.7395433764591 288.8507532153217 1.5167434 1.5995021 4.0120573 -6.0222034 1.6622965 11.2721195 0.06691341 76.91111872760719 
Car -1 -1 0 156.63287144483374 179.93380607908173 402.3151444770686 264.10267173675936 1.4950671 1.6149095 4.029472 -6.256017 1.6409628 13.922335 0.070116386 46.584324714783186 
Car -1 -1 0 369.31704030461003 176.57295054277563 495.58009296177073 223.91087220058952 1.5018349 1.5517354 3.7775226 -5.787471 1.6289256 23.838879 0.022859277 17.989096645749267 
Car -1 -1 0 400.0446422809627 177.56903080737968 508.5061337495338 215.59739502887376 1.4516348 1.5625768 3.9436069 -6.173519 1.6470977 28.857857 0.14267275 3.2690742964135526 
Car -1 -1 0 251.50666046712394 175.672619710332 419.9685378414113 235.26306349124664 1.4952701 1.5826104 3.8320727 -7.116092 1.5726076 18.98961 0.008741603 3.6310747314242557 
Car -1 -1 0 628.7573376997752 173.48205651740685 648.8863352036395 192.06750867574283 1.4954741 1.6055874 3.7390587 2.4099739 1.5494058 60.072643 1.5928271 1.291616852934313 
Car -1 -1 0 375.46262411991097 173.57630379735667 487.41377301221274 219.91939007232168 1.6319358 1.5593224 3.665503 -6.4670854 1.6593002 26.386732 0.09429804 2.641879777786183 
Car -1 -1 0 193.62435195154487 163.57895497728677 400.63285936134906 249.61513265615028 1.8262353 1.6773434 3.9367943 -6.8998466 1.6293597 16.241444 -0.04471492 1.082264268527954 

