Car -1 -1 0 763.8155523505909 173.12147324845918 1232.2253987000227 375.0 1.6688008 1.6388439 4.0807934 2.619968 1.6718206 6.0784187 1.53561 132.03369143808834 
Car -1 -1 0 649.7873313954791 178.42869097153496 684.8101898211766 207.0756888038975 1.4701419 1.6025267 4.125295 3.1424873 1.7943196 39.895256 1.5698355 21.9468057144497 
Car -1 -1 0 154.10109430046546 188.781577770397 400.1936877465842 268.7562149493993 1.4469963 1.6407216 4.1252794 -6.450769 1.7817066 14.283879 0.028539766 63.76852579439241 
Car -1 -1 0 0.0 191.75438476828606 304.0497908414445 318.5312737776716 1.448802 1.5655268 3.8691103 -6.2700763 1.7214856 9.46821 -0.083676815 77.19230833609477 
Car -1 -1 0 219.0998559008258 184.49283357964572 405.2147736675703 254.7468487644447 1.5151856 1.5763249 3.6465693 -6.769227 1.7971851 16.658417 0.019664124 14.635068795664193 
Car -1 -1 0 376.39526154146 183.26138630974782 503.53268158038645 229.91652910599737 1.4735537 1.5653461 3.8458285 -5.6169424 1.835064 24.133556 0.07779461 21.275186840946617 
Car -1 -1 0 325.2290126404995 182.14398558445052 461.677512254863 235.1112423860922 1.4938922 1.5622561 3.6648853 -6.5202165 1.7904544 21.892094 0.2072102 6.016741247920424 
Car -1 -1 0 408.93057872596944 179.9638440149024 510.8283508912202 218.53389122775747 1.4969904 1.5505173 3.803908 -6.1308537 1.8011005 29.655872 0.2408481 4.688483283701505 
Car -1 -1 0 522.7231103739739 172.5793801060598 549.8165026457792 196.87079840803807 1.777355 1.6421435 3.930831 -5.5255737 1.7572613 54.762135 1.5747532 1.7333007777255942 
Car -1 -1 0 444.6994186324389 179.25435285175703 535.6626920762474 212.37359361327336 1.508195 1.6383113 3.975877 -5.6207056 1.820456 34.219925 0.08373083 0.8759119524109304 
Car -1 -1 0 390.77350770074264 182.25654420839038 512.1661389595649 224.00032601037873 1.4641157 1.5833135 4.112121 -5.825121 1.8266793 26.79609 0.117142275 1.18927399312794 

