Car -1 -1 0 719.6681802277358 182.9363537542806 798.663109248479 243.74349368727684 1.4389383 1.5873955 4.18828 4.014922 1.747386 19.929693 1.6402854 74.35336007854796 
Car -1 -1 0 827.5428276116519 180.0720532024081 1207.3384320589998 375.0 1.5643525 1.6628442 3.7537286 3.6216385 1.6560266 7.27421 1.5549474 93.6308639097128 
Car -1 -1 0 761.4849986072281 185.2947903610413 906.2120663279487 281.0889770594223 1.4905014 1.6158953 4.164448 4.1039844 1.7662218 13.882752 1.6046941 75.57051758535276 
Car -1 -1 0 705.8942607721881 180.63817655734942 766.2182464519057 227.214336570306 1.4792814 1.5159955 3.2802515 4.33325 1.767864 25.107422 1.5681318 34.07301515285004 
Car -1 -1 0 555.3480326236472 175.14751564838267 592.072078672133 205.39101863535134 1.4866086 1.606527 4.195905 -1.8306447 1.6138421 37.908005 1.5987663 26.41010990161426 
Car -1 -1 0 690.420439699317 178.22105969585908 737.7900879359001 216.59071477889233 1.577886 1.528295 3.3589826 4.559542 1.8273835 31.844458 1.5464994 22.083480016923044 
Car -1 -1 0 679.8964155565405 176.42785999006253 720.2844310361412 209.44005149645807 1.5684457 1.5829538 3.590488 4.5253353 1.7579728 36.46721 1.5684958 12.72707518137666 
Car -1 -1 0 494.40750818818236 178.8037735378787 568.2800413979959 236.72024977908723 1.5531237 1.5852458 3.7351613 -2.2549646 1.747505 21.657795 1.63579 7.567628916078641 
Car -1 -1 0 444.56686678412257 161.11928600831422 551.1229818551284 261.35190627146085 1.9378412 1.6911213 4.3921432 -2.33832 1.7109687 16.148666 1.5741099 54.73308639611798 

