Car -1 -1 0 656.3198036504933 179.77469328289817 713.7312251159254 223.34534934324776 1.4161725 1.6050237 4.2785463 2.6639204 1.6888372 26.280762 1.561386 62.89091227155424 
Car -1 -1 0 393.00501830225124 179.3908285047347 513.6855024092371 219.34577928081228 1.4600182 1.6300898 4.293003 -5.893122 1.718011 27.57018 -0.04329773 46.422966142636646 
Car -1 -1 0 114.77242269464708 181.59030947063607 390.50417985983063 272.915566464681 1.4745142 1.6243029 4.0683126 -6.143056 1.6390435 12.703813 0.035966523 51.31762113944063 
Car -1 -1 0 275.6459464008537 180.72216344985083 461.94212880388164 242.65631627290477 1.4801362 1.6276134 4.1796474 -6.0063076 1.6889337 18.302881 0.014771087 51.87012871893125 
Car -1 -1 0 0.0 178.67016689014778 323.0244327623276 296.60262656622746 1.5304155 1.6147316 4.150697 -6.4688945 1.6196415 10.256371 0.002605703 104.36593664872268 
Car -1 -1 0 697.4044820098443 177.6720521728082 786.4296134203092 207.89838144401074 1.4412509 1.6308389 4.056151 6.4881306 1.6851392 35.6099 -0.049181283 5.33914286855432 
Car -1 -1 0 320.5427126654441 179.92463490293267 466.02231301228795 229.07667645058098 1.4741795 1.582797 4.103076 -6.7465563 1.7055581 22.749962 0.034434732 10.866799712134696 
Car -1 -1 0 480.56873623052155 175.05744330481193 544.7049796160038 200.98125609658288 1.559255 1.6184014 3.858285 -5.9611244 1.6985247 44.588417 -0.110393554 4.307609081550955 
Car -1 -1 0 340.74437490728553 173.55622327884757 457.93219350792054 223.48004913154986 1.671221 1.6065891 3.7045562 -7.25577 1.6967037 25.182814 -0.10948657 4.5199740534482835 
Car -1 -1 0 653.8615640005065 173.2459597146412 708.0454277988881 193.17090352445396 1.4943591 1.5831808 3.8809075 5.434502 1.5248532 55.1447 -0.10511161 0.3035360276699066 
Car -1 -1 0 682.0491208661484 174.9782736540976 750.9282732236221 200.80556720538382 1.5043669 1.59619 3.8036628 6.3676867 1.6343241 43.16499 -0.09603425 0.2586076557636261 

