Car -1 -1 0 690.1718199485578 182.33511481361583 798.0650627745086 259.8050702617446 1.4332203 1.6088059 3.7535026 2.7874584 1.664242 15.695795 1.5596833 107.703460284781 
Car -1 -1 0 656.4022254386418 174.52569602488202 710.6682411604291 222.49854193608914 1.6286256 1.6331742 3.9425333 2.6540148 1.694867 26.612259 1.5802836 54.315139320686214 
Car -1 -1 0 150.1296207670188 177.83565879950854 398.2094183188743 260.50722969165764 1.5036681 1.6496913 4.1395283 -6.47753 1.6082323 14.1917515 0.06285052 125.01285135870297 
Car -1 -1 0 0.0 179.77092004739782 248.5631864169083 310.3977860744487 1.4983405 1.5973953 3.7760434 -6.934113 1.5968374 9.325756 0.08105637 22.41137957357977 
Car -1 -1 0 637.1536678162133 175.02079082407002 671.7386164245942 204.10716810537562 1.6043351 1.619474 3.5706334 2.5643287 1.7356116 41.892384 1.5221967 22.068932554862965 
Car -1 -1 0 649.5659999641834 175.3243527432806 692.2377776132554 214.08479336801412 1.6212153 1.584978 4.0104475 2.698759 1.7391582 32.441936 1.5726826 9.92066634259094 
Car -1 -1 0 383.7349925195037 174.4124707852698 498.1475989839973 219.2003423326318 1.5996964 1.6593829 3.8914468 -6.1787667 1.6594517 26.750229 -0.044403765 19.964932917237732 
Car -1 -1 0 276.17131423869836 167.98861441015825 452.1410548224525 239.23217846654927 1.7994523 1.7225869 4.074765 -6.411709 1.6765635 19.140667 0.027130963 53.697131427163164 
Car -1 -1 0 357.419987605193 179.4581945473239 484.80387008181737 225.45197169488995 1.4664683 1.5554127 3.8303304 -6.230453 1.6947527 24.09484 0.036067292 7.439935490904108 
Car -1 -1 0 318.106749281337 177.76674356995957 463.9991961926173 231.2783974422043 1.5260241 1.5595813 3.888461 -6.488074 1.6795229 21.643242 0.0633104 0.2836306095123291 

