Car -1 -1 0 561.2979774097389 178.90262924304372 615.7715641730118 228.6834449242235 1.536979 1.6820226 3.2174087 -0.5858675 1.3420634 23.808456 1.564665 40.555603308229976 
Car -1 -1 0 466.35961998122104 180.3134232424561 539.8835140741962 231.10709747720648 1.4758542 1.7120589 4.064298 -3.2161162 1.3334143 22.929054 1.5825508 53.177514713221896 
Car -1 -1 0 408.4238925487426 181.54891433837386 457.92420997239316 213.87922126521474 1.4635346 1.6019832 3.855104 -8.284876 1.2975459 34.503105 1.525574 49.431768437394474 
Car -1 -1 0 374.5565099061736 180.4773948271092 418.4270908428557 205.37914019683194 1.4326806 1.5865004 3.9228158 -12.642653 1.1600702 43.33967 1.5446444 13.750148754655111 
Car -1 -1 0 38.136213511110476 189.14540813209467 198.82149921593327 250.9615086994718 1.3768578 1.6049654 3.6880946 -12.104653 1.4860482 18.111153 1.5466335 22.582012204609295 
Car -1 -1 0 457.1054890090672 178.0678705736044 489.3089135836857 201.76458015105558 1.5031011 1.5437654 3.6762114 -8.803912 1.0497087 47.4581 1.5407132 6.805935585124236 
Car -1 -1 0 190.93254571872046 172.03089790879275 458.135281340168 346.2617956390544 1.6730177 1.6908991 4.1687183 -3.1479816 1.5464133 8.989798 1.574081 76.60471379401594 
Car -1 -1 0 294.0312286898925 178.6923713981756 390.9193529583924 238.56999961431887 1.6337439 1.6076756 3.6452239 -7.7756023 1.4557568 21.451395 1.5517181 2.086971463165593 
Car -1 -1 0 254.1099551423874 185.93556815646934 328.4183647403855 226.45218414798785 1.4981132 1.5375679 3.4783244 -12.396387 1.5283425 28.41481 1.5258566 3.333824242916891 
Car -1 -1 0 530.421325918337 179.70224367183982 558.0751624315559 202.87845464847564 1.5102142 1.6061368 4.039612 -4.323208 1.1509451 48.961945 1.4155992 0.26119908690452576 

