Car -1 -1 0 536.9209132400068 188.74812350336413 679.1603507627674 276.3309160271585 1.3741258 1.5638034 3.6913786 -0.17212002 1.727762 14.050711 1.2066485 118.68138743542707 
Car -1 -1 0 436.4156232890971 180.6527363437951 493.6715165638838 221.34737732282764 1.4363799 1.5889153 4.0237293 -5.7637644 1.7673593 28.45944 1.211865 60.590584515601776 
Car -1 -1 0 252.9281270422622 182.71516776232903 295.49160864219556 214.76521501279353 1.6482598 1.6234593 3.841528 -18.74111 2.2294765 40.454887 1.2814622 30.69451431689727 
Car -1 -1 0 0.0 200.88475893666617 178.96865356495275 315.79026600545166 1.4526638 1.613775 3.646758 -8.474972 1.9996228 12.086634 1.1907636 70.21358697278029 
Car -1 -1 0 421.5378740119791 178.28905182876244 468.27648628445013 214.4770755375636 1.5610607 1.6206348 4.125846 -7.8137407 1.8339132 34.00695 1.2149391 16.826960725074365 
Car -1 -1 0 621.1882152989227 166.68243505579173 711.9926530339189 205.50320131222438 1.5512305 1.5945175 3.4854493 2.3948188 1.3046222 30.181196 0.35214937 37.51398820096023 
Car -1 -1 0 565.2932815506524 172.9108293110705 653.9704504914858 207.01605038938686 1.6413232 1.6249335 4.1561413 0.020741343 1.6442626 36.025345 0.2475132 2.701287927734091 
Car -1 -1 0 409.68217868690215 177.56930721072246 430.5391063064398 197.26743564296686 1.5796294 1.635098 3.6074564 -15.9742775 1.9894724 60.75655 1.2963365 1.0683406876858659 
Car -1 -1 0 1112.9363788220237 158.14852537155727 1242.0 254.3280780416126 1.4198812 1.5531974 3.5264926 10.12542 1.2027869 12.578613 1.9826201 1.2638469970745274 
Car -1 -1 0 173.17522371902328 180.29577852755193 208.54608260635783 202.86249893902678 1.4713188 1.5927607 3.6733303 -29.176067 2.0113866 50.36322 1.1984141 1.3925522341479886 

