Car -1 -1 0 310.3525158426808 191.23258872063982 440.19346134637334 261.55180235073635 1.4606507 1.6875184 4.4046636 -5.781413 1.9865172 18.402628 1.6221414 115.00852082950624 
Car -1 -1 0 731.1613303862779 178.0018707806401 890.960594357997 278.8661554375089 1.4441588 1.6312743 3.99453 3.2815278 1.5479231 12.539651 1.5621923 102.16912761176431 
Car -1 -1 0 695.8824936503486 175.99771194836407 791.0858281711531 245.08273002434228 1.5150459 1.6325535 4.1058216 3.2175975 1.6027122 18.06574 1.5736735 63.71241849904373 
Car -1 -1 0 49.47805788858375 199.67758440926912 322.11808312669433 331.31914312654254 1.431797 1.6376036 4.2191973 -5.9582877 1.9129071 10.825792 1.5631826 114.77833612670244 
Car -1 -1 0 397.3485417719582 187.4438971328597 472.9459197000924 237.98680780576868 1.491465 1.536038 3.6651273 -5.760919 2.018868 24.223715 1.6064892 45.68409045835146 
Car -1 -1 0 455.7222964012588 183.4753922660647 515.3256370798905 219.30869012968955 1.4818327 1.6612452 4.135098 -5.6338644 2.0027611 33.24751 1.6713244 29.655898332187988 
Car -1 -1 0 1030.107012858749 141.83719439049588 1242.0 247.02183232610926 1.549341 1.6088486 3.7712512 9.066565 1.0924718 11.56035 -0.06888058 93.00682245651707 
Car -1 -1 0 670.1316030627472 179.27825990762153 729.8214466732843 220.36310653257556 1.446942 1.5670507 3.800767 3.430069 1.7134507 27.977802 1.4938118 49.042875452271616 
Car -1 -1 0 909.6118925906994 156.02418911642943 1160.361704817317 234.65769811206636 1.4584225 1.6042385 4.0799584 8.3144655 1.1462785 14.302422 -0.058490332 59.378495513494855 
Car -1 -1 0 648.1779627628738 177.1708303415889 682.161601912963 204.87438245429038 1.5291528 1.5742792 3.7301965 3.2176497 1.7936046 42.309235 1.5341575 10.547843100270471 
Car -1 -1 0 0.0 166.9232983957806 208.04347329830023 247.7288323947151 1.7150009 1.5876217 3.7149067 -11.300976 1.5891287 16.20531 0.053242765 0.27105700969696045 

