Car -1 -1 0 57.89024294554147 200.88350964068843 305.2057791588085 329.47016313995186 1.4594812 1.5218949 3.4827833 -6.06969 1.9448527 10.727247 1.6061826 117.03011229602333 
Car -1 -1 0 257.9663022480269 193.70952542156027 406.458519936021 273.08422031655584 1.4404199 1.645237 4.1652203 -6.0573564 1.9727354 16.308918 1.6024239 102.82058242130154 
Car -1 -1 0 705.2472132009252 178.29999803950162 843.3857425665623 271.7475602196428 1.5426834 1.6860353 4.0560727 3.051388 1.6653695 14.202676 1.5413647 95.74980329402531 
Car -1 -1 0 391.8365077699424 178.15395835831865 471.3457115358154 233.4930029020578 1.689304 1.7020682 4.284272 -5.9468007 1.8857464 24.591026 1.5581723 71.97865665646044 
Car -1 -1 0 442.05856356076856 182.8515411406316 498.7766295786887 222.53060780862162 1.5522993 1.6123121 3.9646883 -5.9460335 2.0127802 31.234324 1.5924011 7.479126314948446 
Car -1 -1 0 521.772833866591 180.09568898202855 549.0392201974595 199.7481722669991 1.452769 1.6982179 3.9512653 -5.7988048 2.0426197 56.78589 1.5818462 4.000543796595361 
Car -1 -1 0 558.3956377974583 180.05789873648143 583.9939543775646 199.8887325309188 1.4579663 1.6526483 3.8935695 -2.9680882 2.0414104 56.4606 1.6088412 4.093125384305719 
Car -1 -1 0 637.3085472232289 175.58909135096206 656.0966297424626 193.0978653008934 1.4731349 1.5951406 3.649137 3.2650683 1.7196362 63.160393 1.6300657 3.2260124002583312 
Car -1 -1 0 682.6893726610234 172.92318106404085 705.1227159055722 192.29627891067867 1.500648 1.6495283 3.7705607 6.7322865 1.5063808 57.849495 1.650556 0.3114401400089264 

