Car -1 -1 0 385.91527607687937 192.95275710966789 461.4728069401063 242.87816135967353 1.4746628 1.5517399 3.511982 -6.2287855 2.2076674 24.531336 1.6074646 63.33064621815275 
Car -1 -1 0 654.9316081794311 178.0842809116798 711.7634123623308 222.35963951391486 1.5735364 1.6176659 3.702121 2.7912798 1.7901565 27.987446 1.5108899 67.58876494488592 
Car -1 -1 0 428.6773114929143 191.54758327075373 490.6934063656812 232.02926759247646 1.4669358 1.6402016 4.003235 -6.155442 2.2977672 30.042885 1.6012713 41.887163192781244 
Car -1 -1 0 30.582186491731 207.1337227265798 126.39293663144593 246.59047252466019 1.4682074 1.6221865 3.7419338 -23.474274 3.0821202 32.06507 1.525985 15.794810772904126 
Car -1 -1 0 0.0 209.61119917980042 79.35406698840208 250.41102892943766 1.5105357 1.623512 3.8271809 -25.797157 3.2485263 32.169273 1.5271354 22.4744853154507 
Car -1 -1 0 80.01071924479275 204.5597981978111 181.87671576935935 244.65940893048943 1.4511857 1.6844494 4.160015 -20.735931 2.9259667 31.481815 1.571017 28.64971474960997 
Car -1 -1 0 471.26105351557646 184.75199088818727 516.556784978364 217.89317752860836 1.5971146 1.6140463 4.3132167 -6.1062202 2.2681243 38.514183 1.5987465 9.912497155891696 
Car -1 -1 0 145.68832470579343 202.88913178332317 239.2476605038908 243.48590752977933 1.4863064 1.6470696 3.9060712 -18.009308 2.8751807 31.368206 1.6279637 6.38603200315367 
Car -1 -1 0 535.1558314166806 184.85047036772423 554.0069285584931 201.5612724403855 1.5291824 1.6193832 3.579009 -6.3199296 2.7304962 70.441605 1.5415244 2.2569536536368897 
Car -1 -1 0 517.0845834866099 184.08863905477497 542.4002774035773 205.72327969274343 1.4992099 1.5563211 4.185199 -6.061302 2.3819745 54.491753 1.3770406 1.3410246528624254 
Car -1 -1 0 834.1981388061714 166.76164323140992 880.7475116737941 187.15012389588168 1.4419446 1.5954682 3.929957 18.183516 1.0110716 53.093018 1.4183137 0.29367271065711975 

