Car -1 -1 0 586.3159132931208 173.57888683700628 649.8181281146947 222.26437153967777 1.5656801 1.6318423 3.5467107 0.22508788 1.5928262 25.140404 1.4113183 93.17016359201432 
Car -1 -1 0 785.9760543719393 178.5917936535282 1199.307193817461 375.0 1.4994296 1.5644491 3.298366 2.7788196 1.5613966 6.0900636 1.4969448 101.9409847411167 
Car -1 -1 0 225.64423639043676 185.36717447147387 374.1801148778159 278.5313416092995 1.4857864 1.6350892 4.2090893 -5.9073095 1.7717013 14.291611 1.4368203 69.56373934342753 
Car -1 -1 0 55.22264927044695 195.7057266455265 314.9967476487501 346.96199835740464 1.4025148 1.558733 3.586296 -5.036951 1.7514304 9.137599 1.4402819 59.83056618304291 
Car -1 -1 0 404.9806734571305 181.22726039041748 452.5126174588214 219.90944675404083 1.4853413 1.5736301 3.6066093 -7.561184 1.8603814 30.422256 1.430558 35.04224238458397 
Car -1 -1 0 564.3374455090769 175.2990501824832 602.3027772439513 207.54535181391543 1.4863489 1.5364337 3.3273613 -1.3234851 1.6118214 35.27555 1.436366 41.11489939419504 
Car -1 -1 0 658.2145246337857 163.48927194432918 810.0628633262895 268.8454675853511 1.6329855 1.6156929 3.6047153 2.0878224 1.4878353 13.09447 1.4051775 99.20092700344131 
Car -1 -1 0 425.7605441407812 175.59939246763028 464.6426550930523 207.6475307682116 1.6412933 1.6363481 3.9490464 -8.909889 1.7988594 39.357708 1.4589542 11.584791166753186 
Car -1 -1 0 545.899682131155 175.145244437252 572.7754253058184 197.94371766095446 1.533709 1.590868 3.8175552 -3.5791876 1.7018688 50.94914 1.4206771 4.711196115520892 

