Car -1 -1 0 313.12984925326435 191.56298625846273 423.113760823161 259.94216286540694 1.4713235 1.5509238 3.7917845 -6.032687 1.9991953 18.460861 1.5690482 66.82244238683768 
Car -1 -1 0 193.43813115181896 198.28642991403876 367.5954547274616 295.7342447227923 1.4434612 1.5794864 3.8584938 -5.9867125 1.9926922 13.641479 1.556114 119.38797271642866 
Car -1 -1 0 446.7979912064655 187.80856100109716 503.8344111506633 223.8960575005558 1.4064628 1.6057299 4.232656 -5.878914 2.1149852 32.041504 1.6066843 30.521009780114003 
Car -1 -1 0 667.2179646894535 174.3713910029038 727.33411530558 219.12280612376617 1.498003 1.5674216 3.9984841 3.1172998 1.5576096 26.316906 1.5338852 26.088069522952928 
Car -1 -1 0 844.0936883263812 151.84538389872407 1015.4869721634344 208.43790386211623 1.5341146 1.6709272 4.119353 8.979355 0.96461123 20.442759 -0.023316117 94.05395885689259 
Car -1 -1 0 385.67970606630263 189.7895326960745 467.1190542008604 237.7967257100842 1.3892853 1.634661 4.083289 -6.0780144 2.0101726 24.393324 1.5933542 40.14292476831648 
Car -1 -1 0 838.4960937570811 152.1431011909076 981.4445320420476 203.51258462404957 1.5722303 1.6444995 3.875712 9.503623 0.938346 22.999117 -0.048646476 24.64760460270712 
Car -1 -1 0 756.9050158993883 164.98961829838024 876.3571113489537 204.85803755860215 1.5048385 1.6900142 4.169423 8.059547 1.2079962 28.270016 -0.093265384 21.22478092791486 
Car -1 -1 0 801.0097855896589 160.740858068236 934.3974865244085 204.74103668439193 1.4874554 1.6604837 4.1371565 9.069971 1.0779624 25.492294 -0.13455236 14.942077098422804 
Car -1 -1 0 1146.8934050738342 137.5593947279614 1242.0 177.7657652531202 1.5074373 1.576271 3.8493676 23.271069 0.18415421 27.909622 -0.03624839 9.061562455468955 
Car -1 -1 0 658.0863523000056 174.93274198048164 702.7372239447939 212.2471613274716 1.5321579 1.5944787 3.917147 3.0625865 1.6294403 31.80622 1.5736837 12.618682719362983 
Car -1 -1 0 646.7798392490955 177.40003226198996 681.3310378327124 205.7093857606207 1.5389912 1.5415827 3.637751 3.1052792 1.8132752 41.677628 1.5191325 1.0666517289957813 

