Car -1 -1 0 641.535269520626 175.83403017657216 724.9579370108975 233.08554902094758 1.4260327 1.6233411 4.392336 1.9655573 1.5197948 20.454178 1.5002028 74.92510029072173 
Car -1 -1 0 229.3555568598661 183.84272289213038 423.8438008785384 247.55345414939455 1.4193239 1.5855277 4.0207586 -6.652957 1.6944826 17.217371 0.028639479 50.57573008709213 
Car -1 -1 0 626.7865854367692 172.90428210622662 661.2799278548124 204.39261962224234 1.4701247 1.5202429 3.440843 1.6509905 1.4727125 35.414898 1.5683069 18.344973235079646 
Car -1 -1 0 307.6024208171306 176.85047897642835 441.57093926109593 228.42312199840293 1.5218527 1.5728462 3.6207616 -7.2204766 1.6507869 22.356441 0.076100126 36.13399196257937 
Car -1 -1 0 148.82760557988013 183.460286476277 383.513994049303 259.6497782831313 1.4400057 1.5936438 4.0122037 -6.851488 1.6676148 14.673527 -0.006857212 82.90655696487408 
Car -1 -1 0 386.31869271841504 174.26514928471835 485.4749326055698 210.99398220348317 1.5512801 1.6373336 3.9183645 -7.615409 1.615723 31.7585 0.20024815 8.734433019492814 
Car -1 -1 0 620.7181451717013 171.76055914781162 654.5560184028392 199.54141453590188 1.4879699 1.6023898 3.7778516 1.5351384 1.4294039 40.56689 1.5291815 1.7673796585233745 
Car -1 -1 0 493.43335643149084 172.25650363203576 519.9577722327844 195.37721827894114 1.5250266 1.5983216 3.6935525 -7.095759 1.4856158 49.559994 1.3728858 1.8382442067162712 
Car -1 -1 0 414.8171725439314 170.96763793551312 498.27063429943536 201.4375023708436 1.5772483 1.6822098 4.219235 -8.089083 1.4796021 38.44139 -0.12198765 1.2777400281065032 

