Car -1 -1 0 680.7780088569017 176.3540786390175 779.7981354376767 261.4665598506948 1.6918699 1.6601988 4.108348 2.6325786 1.782346 16.582272 1.5894731 106.33987209298255 
Car -1 -1 0 661.839340842378 182.3333537761262 733.7872832676109 236.5283695196939 1.4800929 1.6101213 4.22782 2.6591892 1.8049858 22.591665 1.5394014 34.84208012762222 
Car -1 -1 0 645.9851160058818 177.84695532373468 694.5030928863383 217.87572173024193 1.6283319 1.6490488 3.5898542 2.6026492 1.8600101 31.644726 1.5187502 39.13595758451135 
Car -1 -1 0 170.3711448137994 189.48109523178667 400.2675384451254 271.4590966281519 1.4717956 1.5718498 3.7744553 -6.1941586 1.814075 14.063861 -0.0018738693 55.02831779185293 
Car -1 -1 0 226.7078079579039 177.77462075540586 431.33476775555124 253.4182795201338 1.6367229 1.6905036 4.1026134 -6.362457 1.7574637 16.722416 -0.067900784 43.228281136527706 
Car -1 -1 0 634.5300381132259 179.73139085251458 661.5842398625231 204.8763394567111 1.4883043 1.5309047 3.4563146 2.3890884 1.9373989 45.385326 1.5748179 6.239607688381013 
Car -1 -1 0 43.06655770298263 191.3648737207052 352.94297197317434 293.5208321326989 1.4760493 1.5771722 4.054093 -6.4227314 1.7948322 11.579119 -0.028867131 9.789961026988866 
Car -1 -1 0 470.0981201246466 180.6878640000476 541.173414310025 206.8411601114118 1.5023694 1.6266367 3.9470859 -6.14192 1.9778287 42.890465 0.04523007 4.451829569000621 
Car -1 -1 0 401.40371822096876 182.8676409832306 497.9105474650885 221.0953297200939 1.5264752 1.5852154 3.6609766 -6.605296 1.9545741 30.040567 0.0075022653 4.03246181063987 
Car -1 -1 0 0.0 160.80083536183858 293.8411189727311 325.82347049930416 1.8698249 1.7313529 4.256741 -6.4647207 1.7332538 9.04434 -0.0014679857 21.471711145504734 
Car -1 -1 0 351.90152881874155 184.72139295610322 468.75638038845824 228.6768424423322 1.4969671 1.5841736 3.8967345 -7.1395464 1.9441451 26.158737 -0.12548214 0.31364455819129944 
Car -1 -1 0 420.374765899002 173.51548916788303 507.91343937450677 211.73863233537455 1.8180296 1.6775341 3.9146202 -7.055043 1.8511574 35.242542 0.027735418 0.25140854716300964 

