Car -1 -1 0 753.1534001726905 179.799394895147 849.4051324199143 240.13239356699808 1.3745008 1.7368163 4.220681 4.9330997 1.5793769 19.111153 1.6506321 61.386703341978716 
Car -1 -1 0 663.2924281036421 179.80669860168587 730.8086174577332 233.7757702412807 1.3560172 1.5809695 3.4895191 2.3851514 1.569164 20.352325 1.600753 41.71836399285535 
Car -1 -1 0 276.1499965871843 198.22622870704276 404.6644127318992 270.2515307749134 1.3971548 1.6230198 3.8611145 -6.563409 2.0780003 17.378067 0.8468673 111.94533553928629 
Car -1 -1 0 149.17426454429918 190.39640884546853 218.17983751560158 232.64626760846662 1.4650488 1.614939 3.9911952 -17.001106 2.2127075 28.726822 0.84028846 54.34675125874237 
Car -1 -1 0 343.3941425904789 180.06016592503937 434.10475389161815 216.56927707694132 1.6254959 1.6393981 3.6914937 -10.13786 1.9664919 33.300465 -0.012520759 36.99692052805304 
Car -1 -1 0 287.6558403396042 185.50712070688348 377.88775499218065 217.16141344105588 1.5751152 1.6392568 4.1476007 -14.448046 2.2575293 37.83888 -0.1268732 9.852828848628693 
Car -1 -1 0 122.59386135415974 187.0320303532232 182.28060421653743 225.57862212563066 1.5622599 1.6247903 4.3164597 -20.937113 2.2525501 32.977974 0.84290034 4.0312998349932165 
Car -1 -1 0 418.6416475217585 166.5996179022047 665.6775586078488 317.07977813475384 1.9599199 1.7840375 4.497702 -1.2947986 1.87846 11.703596 0.88588035 13.059615065585517 
Car -1 -1 0 92.13690307993917 186.1877210290834 121.55960368837681 207.2801957458969 1.473764 1.6400197 3.823319 -38.328144 2.5294871 55.07231 1.0159028 1.8054256922835519 

