Car -1 -1 0 622.419293841086 175.3425651113679 667.6930912584302 206.3874805585395 1.4464873 1.544558 3.6070065 1.7103035 1.5766042 35.825012 1.4153613 61.574816668665804 
Car -1 -1 0 742.249555455113 175.83452240721417 857.7474396960718 223.34545077783702 1.4037356 1.5362871 3.60506 6.110519 1.5088627 23.505875 1.0416918 74.1828893558853 
Car -1 -1 0 611.0166060264395 173.2819776057298 637.8208843945749 197.91137737081283 1.4751713 1.5358677 3.7240236 0.8956344 1.503068 45.156765 1.5531343 7.128515119091132 
Car -1 -1 0 151.84205114293414 174.68429343154315 358.9542340684038 257.1573202617201 1.5770386 1.6266314 3.4114923 -7.0798035 1.6163586 14.667443 -0.011752084 77.69249434518717 
Car -1 -1 0 423.6143616570727 176.56762530765397 500.60550365168996 205.49121977794204 1.4881747 1.5738003 3.7441595 -7.7478228 1.6884308 38.118134 0.001981587 7.041214146561366 
Car -1 -1 0 463.6630661448943 174.87858055182454 527.2765298190332 197.9153559371723 1.5245728 1.6541868 4.0005245 -7.689191 1.6641757 48.83302 0.046908617 5.269567565650935 
Car -1 -1 0 392.0040927537854 174.09978705045737 488.1657173451488 211.09484839447833 1.554076 1.6427717 3.792657 -7.2776413 1.6094805 31.228752 -0.0208142 10.659282988171006 
Car -1 -1 0 207.41535479507675 177.97202773030713 401.5174200287168 246.589121102523 1.4906471 1.5981292 3.7935135 -6.9148192 1.6142795 16.61313 -0.0092306975 8.409755390927717 
Car -1 -1 0 436.00639759890277 175.74137350669784 507.36086259155417 201.8295803505887 1.5198011 1.6029588 3.917813 -8.21238 1.6961606 43.154163 0.059779603 0.5204198360443115 

