Car -1 -1 0 398.72888469298186 181.9455607308951 500.82726303645 250.6223906136751 1.4745042 1.6038842 3.6088898 -3.650711 1.4042938 17.252052 1.588139 95.80085069904054 
Car -1 -1 0 27.589603744238573 190.37102534868058 247.0196656998296 279.1434524490807 1.3819876 1.5710726 3.8132145 -8.415686 1.4911888 13.319725 1.57159 71.25079265120148 
Car -1 -1 0 357.56393986930766 182.1853846885527 421.14896093751923 224.63573239584264 1.4342393 1.5244688 3.4831278 -7.826046 1.3318563 26.088692 1.483773 25.87583324146032 
Car -1 -1 0 247.25885461329435 175.07944804896948 369.4115300256477 243.8605036968016 1.6691864 1.6335015 4.023011 -7.918095 1.4231987 19.456833 1.5708563 78.24623522206859 
Car -1 -1 0 576.0556986422989 177.63230740064466 616.7482332822017 215.04557074858906 1.5266664 1.6611027 3.32723 -0.46870196 1.2172225 31.0109 1.5536245 27.463080970096474 
Car -1 -1 0 493.9354657499034 179.72193392740311 545.7910994864224 218.06235546262522 1.4689116 1.6234622 4.1851063 -3.5247245 1.2584326 29.634808 1.5722665 58.737838223183175 
Car -1 -1 0 123.14903231409158 185.65307020569597 255.19787464008851 237.85913163125275 1.4055407 1.6487195 4.0160456 -12.26383 1.4197965 21.40904 1.5541687 24.99975172086732 
Car -1 -1 0 461.1998005912312 177.40489802787383 495.6875428985244 203.24367295291293 1.5229175 1.577646 3.7460022 -7.8830776 1.062555 44.26872 1.5351856 8.508654349002773 
Car -1 -1 0 297.96987262728254 157.56723662894564 349.9125324827472 184.0961566717343 1.5178324 1.559674 3.9287343 -16.97641 -0.070444524 43.26365 1.5763631 0.8250464124513908 

