Car -1 -1 0 679.682558327194 183.67976229087455 760.7396700583871 242.53612482746138 1.4022118 1.5059758 3.3846068 2.8676097 1.3656192 18.838688 1.5431879 86.94410627826346 
Car -1 -1 0 428.05413495592154 179.9048465672707 501.0605333726022 232.44192984487185 1.5018263 1.5726165 3.4001253 -4.3291826 1.3500102 22.252516 1.5749075 109.32661044961917 
Car -1 -1 0 54.25013542830125 187.34523491042188 270.75358766629455 276.96421981489607 1.4205577 1.6091516 3.9215207 -8.027846 1.4662343 13.453422 1.5765715 77.54335291944045 
Car -1 -1 0 201.0722852533839 186.55213819875274 438.5825614063547 322.6103941059758 1.4878733 1.6413615 4.1592865 -3.646943 1.5103016 9.982945 1.5691752 102.92360223864465 
Car -1 -1 0 629.2429293581881 177.70626987794137 656.6150546618383 201.575523010408 1.4727597 1.6104916 4.142449 2.2687836 1.0094196 46.434853 1.5826566 16.127576729312203 
Car -1 -1 0 381.9043100634643 171.58223358603587 442.09628033179126 211.70894412628994 1.6896539 1.6299467 4.009946 -8.680467 1.1155765 32.278168 1.566311 28.829944339714295 
Car -1 -1 0 585.421066411443 177.55997306060283 613.83745522199 204.05709562206678 1.4907101 1.5990804 3.8075228 -0.45357823 1.0600042 42.357735 1.5560001 13.152371931385918 
Car -1 -1 0 519.9866499234191 176.76369857161964 553.0897434029417 201.05474184832386 1.4875364 1.5726223 3.652369 -4.469026 0.96995234 45.886395 1.6234616 10.021427295912469 
Car -1 -1 0 494.64726405755454 179.39226783868565 534.5263942553072 210.05858515108326 1.4221224 1.5418396 3.5473754 -4.4749613 1.1520661 35.121338 1.5558 21.289864105839502 
Car -1 -1 0 573.4509282988888 176.95838707366477 603.4627193229868 198.86241183523794 1.4781903 1.5740713 3.800734 -1.2785763 0.9209467 50.49233 1.6899021 1.887070333023937 
Car -1 -1 0 274.27915502205417 183.53155952475225 377.5330582561732 236.0266811106816 1.4672912 1.576185 4.004474 -8.505306 1.4202179 22.10227 1.5801544 4.039428778075897 

