Car -1 -1 0 698.4894189016601 178.13317886511535 804.3210514007325 256.6394125770477 1.468794 1.6041211 3.9759853 2.9537163 1.5988503 15.772237 1.5904386 137.756022044089 
Car -1 -1 0 0.0 202.29408317050118 253.61072037944234 360.804360825149 1.4714772 1.5557613 3.5953884 -6.1864185 1.9187621 9.164228 1.571368 103.19663369320915 
Car -1 -1 0 847.3620075927721 153.38052874677027 1064.6116096798712 218.84677043247422 1.5434146 1.7159591 4.5591865 8.45364 1.0843132 17.874447 -0.002495984 116.20266220344334 
Car -1 -1 0 442.80779207607156 182.94724497091255 498.95875351308536 219.77051167807807 1.4449136 1.5972714 4.0463014 -5.9700565 1.9136326 31.468765 1.5907099 36.348623237129864 
Car -1 -1 0 310.9579635488741 187.49560811258314 425.45562578367804 256.4471540355222 1.5016319 1.6329541 4.116805 -6.0781374 1.9223112 18.661785 1.5572459 38.452562269208634 
Car -1 -1 0 484.9407186662309 180.33519516605764 524.8474109240472 207.17551355264558 1.444694 1.5459676 3.8047233 -6.0222607 1.8989905 41.86889 1.6327924 7.27557114502164 
Car -1 -1 0 964.5637439628456 126.99719938210795 1242.0 250.64607365698902 1.8623469 1.7096678 4.31336 8.366387 1.1716712 11.779197 -0.026510593 67.66320177732256 
Car -1 -1 0 502.3940459914743 178.42697653766763 536.7055985895265 203.17801366926884 1.5361152 1.550986 3.9999905 -5.9093137 1.9206376 47.742317 1.6296467 3.3366393839006503 
Car -1 -1 0 723.9560581062456 166.9884707919657 753.3414963509767 191.49580587489257 1.4472244 1.6490579 4.186317 8.058384 1.1008488 44.82879 1.7834692 0.8032867561066416 

