Car -1 -1 0 609.7461993533283 179.45446773061224 775.9659997914375 240.78202451739298 1.476151 1.6844901 3.9968956 2.1452014 1.6611102 18.931751 -0.23664084 107.73161861330823 
Car -1 -1 0 569.3040700675258 177.46358584683722 664.4757806476289 216.4731381296977 1.5168324 1.6136656 3.625638 0.27263677 1.7127514 29.49957 -0.21038795 38.62098955541699 
Car -1 -1 0 88.3862405214034 189.1073544989625 295.4212536004433 261.15953698305714 1.6432812 1.693425 4.2393103 -10.424456 2.085239 18.329115 -0.22101523 80.94282242491431 
Car -1 -1 0 0.0 200.3093515687268 228.93584031034942 304.8119033743005 1.5721539 1.6606077 3.8729587 -9.026884 2.0961616 12.616409 -0.17496985 39.521613100181824 
Car -1 -1 0 554.8205183656445 179.3525228664243 643.477423473224 215.6319479206659 1.5171325 1.614744 3.6499023 -0.48215234 1.8142235 31.79347 -0.22418201 13.203397220860378 
Car -1 -1 0 155.3007550912458 192.88653821254238 317.3291556816603 249.91481179388762 1.4739573 1.5851893 3.8888173 -10.609102 2.0856726 20.780783 -0.25186783 18.73112109238344 
Car -1 -1 0 250.16242560159003 188.2650342984698 363.9150154565294 228.66283117095838 1.485405 1.6120741 3.9482172 -11.928316 2.1239836 28.679201 -0.22077385 24.61267616345987 
Car -1 -1 0 188.50186222450625 193.18324452163455 334.9525134436862 242.2688643286455 1.4543123 1.5830417 4.029006 -11.214329 2.1494806 23.508131 -0.19408901 6.104275649665704 
Car -1 -1 0 376.2364140087875 181.48470362003522 407.4756702265549 200.77274505243898 1.6492677 1.6674902 3.550641 -19.739962 2.4541087 65.355125 0.95452285 1.9226392775118966 

