Car -1 -1 0 703.4589335302105 185.2736559402718 802.3638303036463 222.98569855274707 1.5156454 1.6846211 3.8112957 6.020713 2.0578666 30.559841 -0.052572947 52.29139835937987 
Car -1 -1 0 792.5896391742307 191.0283069480678 954.9729604568055 251.07976190591688 1.4237471 1.5649076 3.5915868 6.7132573 1.9131639 18.538473 -0.0617929 83.11828194661327 
Car -1 -1 0 855.741236147005 192.30081834512174 1207.0806928149866 298.59617665639854 1.4574794 1.6891538 4.393612 6.2572985 1.7784635 11.057376 0.0034452542 109.53910827012974 
Car -1 -1 0 125.93313521550128 187.89713411051252 391.96262195347754 273.1399010853363 1.429636 1.6234653 4.1169 -6.313614 1.7268697 13.340595 -0.051242076 117.66130100607948 
Car -1 -1 0 224.71453838938498 186.79161148091336 444.8422224479137 259.7087385998039 1.4581592 1.6295877 4.1868834 -5.84516 1.7799842 15.723827 -0.05897773 54.242556624750954 
Car -1 -1 0 770.5369411718395 186.5999824249233 913.5111539590346 242.03437469974628 1.5018156 1.5872025 3.5994616 6.618237 1.9133028 20.777338 -0.01581563 37.11021636828557 
Car -1 -1 0 330.074582657229 184.33238799666782 487.2721581000381 242.40717822677433 1.5429132 1.6173244 3.9804857 -5.607505 1.8820673 20.4219 0.045074884 52.206452529691916 
Car -1 -1 0 365.6828692390773 177.99171058986016 495.2691167624378 227.02686022976033 1.647191 1.6648079 4.193881 -6.2172213 1.83484 25.395958 -0.060370125 30.99275008195545 
Car -1 -1 0 455.9963950594874 184.39204229479063 541.253631127007 214.28649309602386 1.5311443 1.6445389 4.2518253 -5.945449 2.1702318 38.879906 0.12743968 11.341532286884169 
Car -1 -1 0 645.2123854141183 183.47114105797755 672.2012329102002 209.8583611579116 1.5142014 1.608423 3.9586718 3.0798564 2.207357 45.07365 1.6442358 5.009593133403664 
Car -1 -1 0 350.818070130438 187.10572423066787 494.28402914616913 236.21011470925694 1.4556448 1.5989348 4.106664 -5.860984 1.9257755 22.866863 0.066911034 8.116595149455403 
Car -1 -1 0 407.0508099633096 182.45339540149672 512.5569804167257 219.22027907039998 1.4735863 1.6077137 4.120289 -6.2151737 1.8877707 30.254524 -0.03606528 1.2665775376589476 
Car -1 -1 0 575.2096889997249 182.98546391863448 595.3035571562582 199.45832768423244 1.4834092 1.5854349 3.8082235 -2.3628037 2.4859734 69.41121 1.444216 0.9677382163951833 

