Car -1 -1 0 709.7291804735793 180.66648998422687 846.3531820044577 273.3968917126567 1.5092878 1.6347189 4.4017305 3.1381083 1.6883571 14.327328 1.5582173 109.49644136058538 
Car -1 -1 0 164.77870058215578 198.1554798704144 431.9204588643876 362.9629605264723 1.4840531 1.6290715 4.0396585 -3.5695248 1.8755467 9.141447 1.5747267 124.590762125303 
Car -1 -1 0 686.9506927896991 178.7270221797743 766.662112544173 240.39789160961416 1.5177797 1.5853347 3.780756 3.1474462 1.6960689 20.01111 1.5676649 53.97596580359707 
Car -1 -1 0 425.66073817666813 185.4780708554237 515.5545623208393 252.39808783490025 1.548238 1.577832 3.8516247 -3.6123407 1.9212544 19.37378 1.5975698 72.47010075899638 
Car -1 -1 0 357.8865475856323 187.6595622584427 471.72530729696393 278.78046904056373 1.5600107 1.4959121 3.4100323 -3.8164272 1.8960154 14.644999 1.5360961 69.95133892757633 
Car -1 -1 0 748.2552052590739 189.1636519679632 1056.020558685511 375.0 1.4397626 1.6123756 4.360749 2.8425453 1.6736224 8.145637 1.5451857 108.91353799598389 
Car -1 -1 0 638.7921770439913 179.23657658278765 682.6602225472113 207.778834096096 1.5298216 1.6115925 3.4165583 2.8858142 1.9117602 41.336945 1.3566858 25.55163136390897 
Car -1 -1 0 601.698615045808 181.01636534339934 623.1309648397952 201.51464256908793 1.4991565 1.5402601 3.8279672 0.19453773 2.157376 56.2489 1.5404112 7.264222576976789 
Car -1 -1 0 560.3295716540614 179.34998740471423 600.4814862064374 196.00129518184409 1.5664091 1.5734751 3.8219297 -2.857152 2.2239168 71.17765 -0.7233984 0.8488037055167627 

