Car -1 -1 0 24.874913479947438 206.2992478585826 299.5078235881865 347.90729096335565 1.4480948 1.5463845 3.8708034 -5.98198 2.013282 10.245781 1.5549648 129.66374289474368 
Car -1 -1 0 240.60763889264047 197.83304893956978 384.1734119603063 283.9126230575556 1.4563992 1.5274664 3.5396981 -6.003806 2.0371325 15.004982 1.5708865 84.44908198430475 
Car -1 -1 0 673.991757944275 176.05596650906153 745.6207328728441 226.51698005249003 1.4429785 1.6114558 4.1426806 3.0921366 1.554272 22.988733 1.546351 46.721840403890226 
Car -1 -1 0 345.7461789335283 191.4265978251903 445.44958323796106 250.63304858327288 1.444113 1.6691737 4.192383 -6.0863156 2.0390162 21.013609 1.5684551 68.91423295792417 
Car -1 -1 0 424.03212577567257 189.24146212187733 491.27836950139334 230.90871363039903 1.4302183 1.6667148 4.27137 -5.926785 2.1292076 28.61972 1.596875 52.790720284573666 
Car -1 -1 0 892.2715446738126 146.44699846553868 1108.1477108320942 213.3045485785443 1.4945668 1.6625897 4.1750455 9.068382 0.9042515 16.986109 0.012102288 96.50427550087042 
Car -1 -1 0 661.4899031683086 174.6650829581705 715.4239138050316 219.91452639310333 1.6430614 1.5849898 3.8662362 3.0244994 1.7190348 28.312206 1.5411587 36.41100878753684 
Car -1 -1 0 877.8470468568515 145.68410566751817 1045.8047074099302 208.7290237751269 1.6295164 1.6193404 3.7518535 9.427037 0.92725843 19.493834 -0.018542066 39.19013480560562 
Car -1 -1 0 782.0413615018274 162.77190922386967 921.1127710572263 207.47059400656335 1.4729011 1.6618009 4.2036533 8.229216 1.1406782 24.735085 -0.06180481 28.414604453871746 
Car -1 -1 0 833.3440446456862 155.84000864756635 986.8566474357468 208.22621027553137 1.524766 1.6417676 4.022879 9.100443 1.0295523 22.00849 -0.09460998 18.079871332868624 
Car -1 -1 0 491.31827526131747 181.90117962037024 532.269177325633 210.35939997369343 1.5825293 1.5337287 3.977798 -5.83952 2.153722 43.494022 1.6792245 9.77481587264364 
Car -1 -1 0 646.3520769207196 177.04387051351267 693.5809194718707 209.111364665411 1.5844706 1.5780721 3.7872195 3.1395345 1.8177767 38.176125 1.3969357 4.82984313597137 
Car -1 -1 0 458.6583104441886 185.71395060586784 508.79205165535944 220.81606052730652 1.5209389 1.5820714 3.740982 -5.9649863 2.1710308 34.567886 1.6198895 1.0499477639432586 
Car -1 -1 0 594.2540524357292 175.9393903371321 618.4496581697606 190.5003774412811 1.5172263 1.5894926 3.713694 -0.3726316 1.8595476 78.0443 1.2659962 1.1266449169555397 

