Car -1 -1 0 754.1810453787581 196.48635959502724 897.3709233279136 296.7654204858216 1.4306266 1.5893388 4.2048063 3.815188 1.9408424 13.439671 1.6188108 98.57647236866573 
Car -1 -1 0 849.1010748790081 205.84523626195337 1242.0 375.0 1.4701347 1.6797798 4.409953 4.022375 1.912714 7.46294 1.5848099 113.45863441685938 
Car -1 -1 0 530.5787576113162 180.63720408660274 578.1376081307326 218.66576685684043 1.4935151 1.692025 4.159297 -2.3251557 1.8535163 31.283358 1.5836809 64.5417227178881 
Car -1 -1 0 725.8775370238733 191.81008535763746 816.2848432226027 258.3038425890081 1.4792752 1.5695326 3.36937 4.0821023 2.015091 18.705257 1.5641721 60.86788036975545 
Car -1 -1 0 700.7094551648012 187.47977194908148 761.3655615116814 235.1558994278328 1.4970086 1.5411347 3.3360894 4.1996527 2.0450017 25.359064 1.5613358 38.67548840406584 
Car -1 -1 0 681.6561409652552 185.47739509413336 732.2071720386665 226.22441523294478 1.5265381 1.568636 3.6232862 3.9829245 2.0829334 29.98148 1.558172 29.94633398313702 
Car -1 -1 0 421.83209751209176 182.2013765191458 534.1902854103066 270.57043266413217 1.561518 1.5860543 3.6666002 -2.592318 1.7797434 14.993385 1.5947481 33.105143168039056 
Car -1 -1 0 672.6790088787568 182.1379445858898 715.4759098288077 217.13726825929552 1.5769389 1.6212264 4.1854515 4.121482 2.063423 35.71489 1.5690737 1.6797472867383656 
Car -1 -1 0 293.08025579725904 152.58785092648426 507.6182325614779 342.02315600218026 1.9449652 1.6752665 4.315811 -2.4551854 1.7368891 9.582434 1.5507272 44.041737991344405 

