Car -1 -1 0 696.7982244312229 183.79716415648002 801.7157399959124 256.0509408756098 1.3824762 1.5347965 3.5481095 2.9413474 1.3553345 15.535753 1.5610678 93.65304620442751 
Car -1 -1 0 262.7086024684054 177.91953278928335 450.8726460317472 305.8914612365798 1.5735854 1.570128 3.3491192 -3.4453907 1.4838693 10.518464 1.5767081 119.8667797095428 
Car -1 -1 0 407.61176528363626 179.10688372543132 504.5558151845273 243.59505370132115 1.4539838 1.572898 4.0932646 -3.7008893 1.3162513 18.260399 1.5785877 77.8024413602708 
Car -1 -1 0 0.0 187.02603249131823 222.22251263802087 295.74032564205817 1.4260243 1.5441842 3.5671546 -7.750741 1.4589572 11.283125 1.5570571 106.67029572418458 
Car -1 -1 0 639.1863693647047 176.4338510474421 678.0450373199176 204.75181829856547 1.4153742 1.5833423 3.9605067 2.6620102 0.97644436 37.945843 1.5222343 37.44182249935969 
Car -1 -1 0 474.19040140709143 176.6423985762117 524.0524333082357 215.63991893797748 1.5069431 1.5928974 3.608912 -4.386964 1.1756535 29.601265 1.5465779 57.453042131541416 
Car -1 -1 0 513.7703629150535 175.11689778409814 541.4688023852193 200.79242589703406 1.4305624 1.5284249 3.647823 -4.6777434 0.8678879 41.96104 1.4389117 8.84761041836171 
Car -1 -1 0 587.9306147263806 175.47902240580092 613.7493842734243 199.5016001494876 1.5261883 1.6295483 3.9796827 -0.4566771 0.9076035 47.68316 1.541013 8.737524880862411 
Car -1 -1 0 570.7953277505799 174.5067676914058 612.4265546419514 194.90302937531285 1.496081 1.5954982 3.923542 -1.1472118 0.71057296 54.843365 2.010517 2.4760471011699714 
Car -1 -1 0 373.13624332116444 179.67824367764896 423.9597108934311 217.22118874214178 1.4612298 1.4857388 3.3913386 -8.5723295 1.2457035 29.750498 1.4524788 5.046379407771154 
Car -1 -1 0 617.7909915158973 175.59632545704648 634.4082452558964 190.4109301816652 1.496274 1.6494756 3.7913263 1.9376206 0.52471805 74.50593 1.5779603 2.797233856252968 
Car -1 -1 0 271.95299028187907 182.46621437676347 372.14573228518407 238.19327591621865 1.4665587 1.5565599 3.5489461 -8.0907135 1.394201 20.71217 1.5447097 2.7972699892158035 

