Car -1 -1 0 698.9145348299629 179.58932314137544 820.9094421840595 263.8732103625136 1.4287413 1.5598744 3.6060727 2.8409352 1.5798043 14.353298 1.5351382 43.9710750007097 
Car -1 -1 0 649.8533978736504 174.19439327219868 693.9298869538575 209.52559017739352 1.4608219 1.5863255 3.7453985 2.6950567 1.5234944 31.856325 1.5607594 27.31311988676105 
Car -1 -1 0 673.9321206535677 174.65159104366717 759.9598574625313 235.98275401460057 1.507037 1.6580412 3.8953502 2.8356147 1.5613383 19.820808 1.5360456 50.467760219848486 
Car -1 -1 0 0.0 190.6466651240042 270.9010606269639 331.93450429332825 1.4304674 1.5558068 3.8945875 -6.2496405 1.6597078 8.41209 0.055219874 56.49694300011298 
Car -1 -1 0 8.73417586087621 182.1180652492443 322.2049473824974 290.2142270319399 1.5060289 1.6085271 3.7898316 -6.6036754 1.6581483 11.021159 -0.011904292 48.89914298398107 
Car -1 -1 0 390.4568828939368 173.5755266171669 505.635356917398 210.87192898591726 1.5108163 1.6898499 4.430838 -6.7741528 1.5424256 30.441734 0.1508308 15.906058115240914 
Car -1 -1 0 733.3867659118918 158.5638753394668 1012.2609869852207 350.85207959470154 1.7785325 1.7218219 4.2076926 2.8161163 1.6463587 8.8121805 1.5283834 89.05598297541711 
Car -1 -1 0 127.45073350120919 174.58472293872518 375.10917401824724 269.7400019416208 1.6229279 1.6162808 3.7324486 -6.4164457 1.656801 13.230188 -0.045133397 55.01074833411733 
Car -1 -1 0 339.00317942738434 169.18887436349698 475.0911518231422 223.60743129194995 1.6307619 1.6561065 3.7621493 -6.2676773 1.5209289 22.568676 0.06382337 25.58045261766385 
Car -1 -1 0 430.28105234426647 166.38086682117492 521.5042787633465 202.23847163507307 1.697824 1.6747612 4.139586 -6.43629 1.391327 35.043358 -0.020300342 10.557868544517568 
Car -1 -1 0 201.19486679023993 168.17047546023772 432.8858215785492 252.22344922291376 1.7189595 1.6769986 4.3314013 -6.1934166 1.623177 15.604888 0.004755151 42.31984807067539 
Car -1 -1 0 289.2722047842296 177.52993704046028 459.49858436597475 232.97321379249277 1.451329 1.6184599 4.192357 -6.452287 1.587435 20.027205 0.080492206 6.414734560096136 
Car -1 -1 0 640.1621812581863 170.74987209936782 674.4767191898883 199.9022405382861 1.6420043 1.6416944 3.851394 2.7742786 1.5234892 42.59362 1.5360105 6.504623720112882 

