Car -1 -1 0 676.8530478567899 182.39159329741105 748.5575662721385 233.78188630206625 1.4451783 1.5914962 3.5745797 3.1714854 1.7705724 22.79235 1.5214465 66.24449908916921 
Car -1 -1 0 765.8672426665634 180.16488951685855 1006.8285185558361 339.3050850950467 1.5810204 1.648236 3.731868 3.2201529 1.6932304 9.207143 1.5724217 103.36743668178832 
Car -1 -1 0 113.18254517021452 182.25196498358815 372.36789160499063 270.8997072580234 1.4836278 1.6176875 3.8850698 -6.5180736 1.6659622 13.129525 -0.03137347 80.96048564140604 
Car -1 -1 0 739.824716076644 183.08860538182577 844.1827290135865 219.96051746191833 1.4549601 1.6036446 3.964983 7.4951086 1.8922324 29.90562 0.061423562 27.233326076079795 
Car -1 -1 0 264.0975418586099 177.183441021255 443.79386485444223 245.78839592665796 1.5984046 1.6375642 3.8362346 -6.180268 1.709723 17.733196 9.2081915e-05 30.69162821956494 
Car -1 -1 0 359.35426488099677 172.83374501424728 492.8683616547272 229.7839450973736 1.7147669 1.6092079 3.753179 -5.6706963 1.7141569 22.57883 0.02613939 37.81414948922548 
Car -1 -1 0 212.8010703652797 182.16965759084033 436.3492711726595 257.1997200181654 1.4732611 1.6164845 4.1047215 -5.900833 1.6823624 15.293809 -0.046114843 28.91588566460188 
Car -1 -1 0 450.5455388542182 175.92374055349612 505.882161741219 219.932294549451 1.6094172 1.6304607 3.6570718 -5.1168714 1.7385557 28.499762 1.5382806 19.490606562124825 
Car -1 -1 0 720.8043083887528 176.77799682323894 819.4922566749525 214.4124262187972 1.6370366 1.6572169 4.1839495 7.191023 1.8200386 32.624825 0.09599179 4.10008149420848 
Car -1 -1 0 312.0358709296362 181.51921742451893 476.5409897441526 237.7724147655936 1.489939 1.6170197 4.1218944 -5.9479647 1.7431138 20.227665 0.022059198 10.207453726246824 
Car -1 -1 0 498.0502496662444 173.3611794132386 560.6244103824083 198.2583331345904 1.7379972 1.7109177 4.361687 -5.675949 1.774848 51.41782 -0.07114064 1.4181757005866757 
Car -1 -1 0 492.6875667966793 175.12408298119587 555.9472704210615 200.07860398710739 1.5643015 1.6904744 3.9269164 -5.4334154 1.7130485 46.339977 -0.0481665 1.13976054449666 

