Car -1 -1 0 621.0493563726914 191.62201620072977 710.6613807789636 259.26953970175344 1.4945331 1.5541058 3.1513526 1.3607062 2.0213466 18.565441 1.3936609 99.32842386981275 
Car -1 -1 0 690.6283927320471 183.82022692295646 785.5240624691031 223.0994274988945 1.4870758 1.6178484 3.9417815 5.4010096 1.972653 30.138523 -0.6263592 51.21842950692314 
Car -1 -1 0 552.0457929547807 188.03722653288708 639.532422938658 222.93954775003988 1.4757276 1.6293042 3.955992 -0.6122781 2.231032 34.017044 -0.6793743 95.53030126406739 
Car -1 -1 0 827.3191012039571 183.07098539153054 893.1393150801888 214.3422541407082 1.4431312 1.5279957 3.3808625 12.535502 1.9765654 36.023533 -0.6697311 57.169837113243474 
Car -1 -1 0 761.477551513469 182.43871555856143 843.586639493464 217.8486076322762 1.4832457 1.615453 4.0386124 8.910624 1.9493469 33.17402 -0.6955769 49.85557404087682 
Car -1 -1 0 875.1778755184074 175.9875040230915 943.7087060133222 209.95640835511966 1.7223315 1.6593864 4.0006022 16.162106 1.8991194 38.820366 -0.66558045 18.07470225040033 
Car -1 -1 0 968.2106163478186 177.93802660767741 1003.6905028419025 204.44576607570315 1.5697129 1.639772 3.7212546 23.76491 1.9044847 45.504517 2.1461937 5.519146335223769 
Car -1 -1 0 121.82042594727905 184.98494072298192 217.60177427032792 221.76008952694355 1.4726938 1.5432935 3.384735 -19.406326 2.0415144 31.97626 1.9391638 7.804098366028468 
Car -1 -1 0 272.659435707797 188.54861190028242 320.2252594198794 218.8513242583219 1.486766 1.6447611 4.1418314 -17.322851 2.4002564 39.824055 0.968448 4.06198921579448 
Car -1 -1 0 1013.8465122930824 175.05837918093383 1055.3440900339365 204.53690717021917 1.579202 1.5994089 3.7656536 24.096018 1.710726 41.005062 1.9850373 6.305362348147162 

