Car -1 -1 0 672.61446372331 184.9774250642649 747.6800263346456 243.03366188746972 1.4126213 1.6194229 4.090384 2.7470849 1.7911832 20.473091 1.5861841 68.39292398847306 
Car -1 -1 0 736.6675534695581 183.44686480540736 846.0955590151767 227.25214913521313 1.4564644 1.6037568 3.5459318 6.3364735 1.8442806 25.439423 0.10118009 49.92979371324193 
Car -1 -1 0 341.8423317004624 184.08860749486206 493.2017046582125 235.10428088668158 1.4487339 1.633842 4.2051783 -5.7227836 1.8045231 21.883244 -0.072543636 54.44992642100153 
Car -1 -1 0 122.1961882348724 183.92758253778007 407.9113023165629 278.6901820658956 1.5229785 1.6640861 4.2113714 -5.8708916 1.7302415 12.65043 -0.01069482 121.69452428587736 
Car -1 -1 0 222.67243037967287 182.6228866393142 424.8041487907535 248.8185601570288 1.47634 1.6004878 4.1901455 -6.7126656 1.7209597 17.207039 0.029053438 27.695311919631166 
Car -1 -1 0 154.82792599830233 183.77124603000613 371.96767391581216 263.338385143967 1.5358474 1.5806775 3.7467458 -7.0629234 1.7750325 14.981264 -0.019574512 12.684811415344258 
Car -1 -1 0 257.47073580868954 177.60894301793957 417.8185451452559 238.85591180594253 1.5624422 1.6170998 3.8076687 -7.2749662 1.6985608 19.612051 -0.1270466 11.101444221541287 
Car -1 -1 0 665.7060166574856 181.09681485747777 725.5535362102287 203.86995061289375 1.5101533 1.6221868 3.9235907 5.847777 2.0833316 49.319427 0.02195266 5.072352518612713 
Car -1 -1 0 513.3297735116744 177.69763494420084 541.4253053069564 204.45644471959812 1.5820101 1.6194464 3.852541 -5.1277633 1.8998214 45.359665 1.4928143 4.6878924164356555 
Car -1 -1 0 489.3242655625766 180.95919869797282 526.030121565092 213.1655526168122 1.4489253 1.567635 3.4795675 -5.01803 1.8659079 35.259212 1.3697482 1.3659874918733361 
Car -1 -1 0 629.8897235195766 181.6764483209207 650.5028772726766 199.1266930257104 1.4499133 1.6086131 3.978228 2.6880429 2.256566 63.972282 1.5579572 0.6197055738778297 
Car -1 -1 0 479.41337021180755 180.6979856362059 548.051431915851 209.37809861274482 1.4612298 1.6366318 3.9073076 -5.3136215 1.9143116 39.747353 0.74938726 0.38587430119514465 

