Car -1 -1 0 705.3890608359811 186.84580517713687 844.7073665461564 285.26573206732684 1.4559791 1.5777364 3.8436947 2.836036 1.7489133 13.165983 1.5467964 63.61824536721939 
Car -1 -1 0 471.5254768816426 186.6398531801963 542.8460272303515 245.39974546384227 1.4551913 1.5939088 3.9323006 -2.8511634 1.8903031 20.787111 1.5447829 75.33311899058617 
Car -1 -1 0 667.9015368905035 183.37410264964294 759.2723963122473 248.70689264138394 1.4422275 1.5542154 3.7016351 2.5457492 1.7388694 18.44318 1.4979317 66.21934498472433 
Car -1 -1 0 119.60336586321264 198.25871212855756 446.3554583022706 375.0 1.4445152 1.6288218 4.3459363 -3.1112854 1.8013602 7.9600477 1.5732613 103.06487648008724 
Car -1 -1 0 748.8697977613173 189.441212138069 1046.0844580940648 375.0 1.4686607 1.6213775 4.0527163 2.7573915 1.6982374 7.951461 1.5599331 114.06392714829293 
Car -1 -1 0 519.1878016240939 181.1788759164242 561.5997999834832 219.23020277506768 1.5056922 1.6704453 4.4087286 -2.9802718 1.8982466 31.778646 1.5184624 32.570953902171496 
Car -1 -1 0 658.877184588751 168.5902485904148 730.484860214926 232.25887989019517 1.8648496 1.5958667 3.7900527 2.6317945 1.7399645 23.080105 1.5006115 48.461811113592674 
Car -1 -1 0 636.3143168910221 177.94755134987983 666.028247693732 205.090210619209 1.4602499 1.5850971 3.7145047 2.3489213 1.7657542 41.39974 1.5966928 15.416839064466753 
Car -1 -1 0 556.7709383763247 180.46869673214917 581.9247345681664 199.92426917763513 1.4680116 1.6464524 4.262523 -3.2902713 2.1080496 58.41796 1.422565 2.1243276941745206 

