Car -1 -1 0 0.0 191.64145622404408 277.0804379990214 375.0 1.6161792 1.648669 3.9969478 -5.7705846 1.8947657 8.690105 1.5838859 102.46804380074421 
Car -1 -1 0 346.59102340363677 187.54787159831127 453.0071024534115 250.3862051213406 1.4741275 1.6420112 3.886835 -5.6247096 1.918277 19.830938 1.6164778 50.089846192725446 
Car -1 -1 0 409.96623325170236 185.07247524787817 482.04495981475344 231.9859339680556 1.4526894 1.5489042 3.7219768 -5.6243277 1.9116801 25.215715 1.6088068 48.537143968009396 
Car -1 -1 0 447.0897158327956 182.69425103233579 503.5141840371385 222.38740299528766 1.5030982 1.565748 3.7015977 -5.534072 1.9394963 30.1255 1.6008073 29.62147456902913 
Car -1 -1 0 1093.538009818346 135.99306235701152 1223.1776819213437 178.10606927294538 1.7415135 1.7130468 4.1706367 23.328215 0.21719044 30.78254 0.042595487 27.330905469582287 
Car -1 -1 0 506.6001391548826 180.10561134524903 547.6292918834338 206.8930941611845 1.5024025 1.5788326 4.063037 -4.9409614 1.9630183 43.721092 1.6888428 6.690400233491227 
Car -1 -1 0 778.1387052231254 160.8066117037082 834.5657272453848 196.17030524459318 1.5076951 1.6296648 3.9426603 8.857919 0.9940668 32.764492 1.6109703 14.309478424208725 
Car -1 -1 0 480.0423034567798 181.57221340792623 524.4329479138341 213.81852193028107 1.4670162 1.5413214 4.1596255 -5.2980585 1.9278333 36.047268 1.5855333 11.183834440875966 
Car -1 -1 0 722.4312805630491 169.8503319001562 763.8534565994377 196.60590754847067 1.431205 1.6237872 3.7166104 7.436846 1.2705331 40.457226 1.5676582 10.537792432072635 
Car -1 -1 0 1055.228647308923 142.36312925808747 1162.713857598767 177.28185054889454 1.5817546 1.6144317 3.8375492 23.185234 0.2005734 33.59549 0.054822847 5.215890238920197 
Car -1 -1 0 1029.7684872243276 146.81350018904973 1122.7528523568442 176.63954865171155 1.469185 1.528893 3.66197 23.49697 0.18647008 36.414085 0.059657518 7.716949434268523 
Car -1 -1 0 661.7858231750704 171.80136443125977 700.2424076804245 203.9584218123289 1.6039817 1.625498 3.9429736 3.7070374 1.5514765 37.963097 1.5688426 1.4532712196214335 
Car -1 -1 0 1009.1881957756977 145.84885717119306 1093.9426629209395 174.12434035154982 1.4982642 1.5559925 3.6526787 23.8821 0.06731272 39.05576 -0.024688955 3.458968414125033 

