Car -1 -1 0 428.08710443520624 187.1917903134541 486.4264358851943 227.37449478369814 1.4915884 1.550275 3.5454235 -6.2340765 2.1208656 29.86797 1.6074234 60.56887811685808 
Car -1 -1 0 648.6652330464202 175.63901050365553 693.6941750853358 211.38247474029686 1.542807 1.599998 3.8653388 2.7944665 1.679365 33.41475 1.5287001 46.41570142285853 
Car -1 -1 0 70.62415582421757 201.73541129373865 154.88441653191364 234.84973380500156 1.4747576 1.6524214 4.0163198 -25.813007 3.062821 37.660446 1.5639315 24.897579749032147 
Car -1 -1 0 117.60660664190388 200.65859569533666 191.81810547756945 232.68926226571446 1.4283438 1.6102054 3.833754 -23.56187 2.950337 37.536766 1.514091 24.05668670667221 
Car -1 -1 0 455.8804125278483 186.21809521261792 504.7693418040604 219.69062959279 1.4768126 1.5928451 3.9150147 -6.2740736 2.169055 35.39495 1.5997671 12.417284434323669 
Car -1 -1 0 160.75654756582378 197.01439201222178 234.96884610211885 231.0957766495685 1.515801 1.6132144 3.763845 -20.813452 2.8060048 36.646965 1.5737746 28.167349932006005 
Car -1 -1 0 486.79046673116073 180.96419438046243 526.7028161607146 209.79907871403253 1.615155 1.5810711 4.320367 -6.19072 2.1328526 43.856266 1.6276774 4.977522257965567 
Car -1 -1 0 819.6195601596928 162.18617002515 850.5101151458941 181.29472246137803 1.4982619 1.5890546 3.7376308 18.241407 0.6618192 58.497784 1.6464307 2.866829972938263 
Car -1 -1 0 215.1266302929987 195.85360662444486 284.40350769096796 228.34986236804852 1.4423234 1.6513772 3.848714 -18.209026 2.6740012 36.703156 1.555542 2.0736918256033414 
Car -1 -1 0 916.3555011284083 162.99173076217158 976.2147095034323 180.30007751140874 1.4609708 1.5833637 4.373643 28.833729 0.62851155 61.871025 0.08152847 2.4222909524866294 
Car -1 -1 0 2.673809330534187 208.0938099429381 88.05117529288493 241.5007108883458 1.4715985 1.6470877 3.8673792 -29.559706 3.4221199 37.953293 1.5048155 0.36083486676216125 
Car -1 -1 0 522.3778810582272 181.73913711407926 546.8623901094735 200.6476385182467 1.4619235 1.5181882 3.7210102 -6.222047 2.2208457 59.64219 1.3300457 0.5798892132597225 

