Car -1 -1 0 819.3454115047715 173.91065715163887 940.1870232143447 238.25851245841986 1.3806934 1.7400632 4.461589 6.497716 1.4102418 17.867435 1.6758871 87.02310075725472 
Car -1 -1 0 337.6417849286634 195.41541488527454 464.0210422786208 268.89531538213276 1.3968844 1.5992144 3.8257456 -4.9981046 1.9900382 16.960205 0.92614394 122.52780465129113 
Car -1 -1 0 736.3056948113694 174.37402555407485 804.0797207514347 232.02187299976444 1.3778129 1.6042662 3.3822644 4.1901646 1.4219601 19.148338 1.7517571 64.45728809425059 
Car -1 -1 0 219.04391063659807 187.85427313149984 283.7196612816221 230.32938383983753 1.5050313 1.6297854 4.051722 -14.528612 2.1552086 29.16539 0.92655885 58.53438527944464 
Car -1 -1 0 411.1057249993369 176.92656979355098 497.6997632644799 215.13552816440918 1.695821 1.6438882 3.5779998 -7.087763 1.8882487 33.15779 0.06399511 50.13228092822546 
Car -1 -1 0 0.0 191.1928894864881 35.90296252339255 225.57589584980974 1.5530423 1.5923506 3.6832414 -30.366362 2.5352616 36.671013 0.9831848 10.942075077712772 
Car -1 -1 0 199.85555693991242 185.24788010615163 254.3228756093328 222.41845854794735 1.5572698 1.6293538 4.285861 -18.018835 2.1775422 33.90514 0.93091315 4.83520776281026 
Car -1 -1 0 335.84385862318544 183.9590011198111 425.4509194518324 214.20326316325577 1.522681 1.6320226 4.215791 -11.977488 2.1207995 37.93492 -0.053382814 4.121738010119188 
Car -1 -1 0 470.72078996946516 161.95777184355987 737.58497289756 325.1627887312891 1.9342633 1.7723746 4.514579 -0.3279336 1.805124 10.906181 0.95530736 4.061305874102727 
Car -1 -1 0 900.216659719819 170.40111893403116 1062.4455591102376 227.67398976524993 1.4415185 1.5962247 3.8613274 10.27558 1.3797811 20.246063 1.1195384 2.019491481259315 

