Car -1 -1 0 328.23782762532363 187.0265501178063 417.6308428345451 235.78576058542035 1.4083681 1.5515406 3.6963491 -7.3059235 1.470424 22.768288 1.5946262 82.84426924073304 
Car -1 -1 0 33.33708356147265 191.23194732521102 264.7909029709471 291.73890911150875 1.4362808 1.5432297 3.4880402 -7.562125 1.5542026 12.289134 1.651948 43.72283542109084 
Car -1 -1 0 40.184225942600676 192.56431953597698 398.19103801331653 375.0 1.4504125 1.6039803 3.759143 -3.4657924 1.5441443 7.2885866 1.5697229 105.29468600813873 
Car -1 -1 0 411.81417473408214 184.7583862454205 464.12227214026353 218.36113391469726 1.4347216 1.5828581 3.6280277 -7.5896354 1.415196 32.52324 1.5493573 23.295678036217556 
Car -1 -1 0 583.6589251558638 180.58914258778947 619.884600015874 214.5185834550597 1.5524651 1.6583153 3.5517242 -0.2794094 1.3407738 34.682102 1.5529864 21.27325762194337 
Car -1 -1 0 101.43204911680724 186.40176384451712 255.4891346779991 240.43541938688094 1.396317 1.6606199 4.3093023 -12.233495 1.4344288 20.88626 1.6486728 12.619722003706139 
Car -1 -1 0 441.67908299531587 184.34734780932112 525.8251749066342 246.2778699022746 1.504824 1.628096 4.1797314 -3.237263 1.4837244 19.568325 1.5566894 78.38397781149857 
Car -1 -1 0 495.8469900993797 183.75709977670238 542.0933108784205 215.73066114624103 1.4663281 1.6159122 4.39989 -4.248341 1.3994359 35.187283 1.5966313 11.283252015034146 
Car -1 -1 0 292.61101355530343 185.21666098131615 361.9048773183338 220.57943215824275 1.4721301 1.5890727 3.8845272 -12.318682 1.4721754 31.874895 1.5618908 11.536967393202357 
Car -1 -1 0 476.9262645908501 181.5382751566393 512.4162178326126 202.34908206660688 1.4252181 1.634732 4.1005144 -7.9857984 1.1733716 51.33188 1.6392596 0.5752306635293554 
Car -1 -1 0 669.5752941699876 181.4001830214318 707.0491979114594 206.24554401612934 1.5298698 1.5940993 3.9076734 5.1751704 1.2949269 46.290413 1.4662075 0.8717845308885408 

