Car -1 -1 0 0.0 191.23787840708587 233.5661281726898 296.0364611424657 1.4243765 1.623548 4.4435434 -8.149615 1.5470309 12.338039 1.4507766 123.81709622323484 
Car -1 -1 0 395.87274622824714 178.1667610836479 478.43301687336975 246.16588982168653 1.5585685 1.642481 3.6617181 -4.240172 1.3970039 18.390226 1.4545636 96.2632759815491 
Car -1 -1 0 523.0742675204494 177.51414580714584 578.5500574468588 229.43358129967177 1.5625615 1.6718138 3.3584948 -1.8762327 1.3307765 23.392187 1.4658438 45.45348867608518 
Car -1 -1 0 269.3476010378183 183.60392682847674 357.8524574027083 231.31913218061078 1.4209516 1.676671 4.3966675 -9.538873 1.3729533 23.70152 1.4302452 37.50362817622071 
Car -1 -1 0 342.9324909580111 181.44526077096145 399.1208037186713 215.85097752212363 1.467356 1.6029534 4.041587 -10.677555 1.306552 32.74976 1.4693856 22.65296051924209 
Car -1 -1 0 254.71255074605554 181.9427042978774 314.4700157929795 214.6460192040935 1.5131719 1.6396456 4.212007 -15.825624 1.3617315 35.468853 1.415187 7.46734118739471 
Car -1 -1 0 364.9610214367218 181.320847090816 406.0612182334785 210.15118651876713 1.5394104 1.6537735 3.6893232 -12.3808155 1.3314428 40.328003 1.4266201 3.7533839691296116 
Car -1 -1 0 513.1917614555546 178.5297587165793 533.0167994474166 197.5075754041106 1.5079087 1.486177 3.4360938 -6.915134 0.9766681 58.929405 1.4167824 1.528106238648347 
Car -1 -1 0 320.82442597162685 181.13610256664947 355.5488345716136 205.5146351669432 1.4878236 1.5387727 3.7262073 -17.111382 1.2388456 45.8541 1.3616036 1.8427334436650378 
Car -1 -1 0 556.2716082417371 166.79537726498285 589.9417486792325 184.076481287719 1.5930367 1.6041634 4.0906878 -3.2232597 -0.11243713 68.75261 1.9710339 0.3022867739200592 

