Car -1 -1 0 805.2695668929448 178.86191773063643 1242.0 375.0 1.555889 1.5385162 3.4912403 2.8764203 1.619815 5.917651 1.552063 133.39258916185656 
Car -1 -1 0 275.2172269165127 199.7093943959403 433.9377358237415 308.87020521230187 1.4549472 1.5271336 3.452623 -4.1252346 1.9744234 12.215471 1.5503457 74.92886580717835 
Car -1 -1 0 686.1214356123872 179.74813151815036 779.7514410076737 255.85786064434674 1.5044643 1.5680654 3.2605762 2.6631436 1.6748463 16.19564 1.5787865 117.1114815172379 
Car -1 -1 0 487.76873265867494 183.67249900073392 529.3812257891532 218.6054582302088 1.5616027 1.5513446 3.7729619 -4.8892374 2.1196651 35.324364 1.5589769 57.30126389177582 
Car -1 -1 0 412.4457856311704 181.83760538157523 497.9410964202098 248.5794504608271 1.7367342 1.6374755 3.981308 -4.44213 2.0269723 21.312397 1.5807667 105.24008470854909 
Car -1 -1 0 648.8566353528229 177.23379469613656 693.9634833292247 215.03281434971254 1.5537581 1.5875294 3.5634394 2.6779957 1.7582357 31.881824 1.5413468 50.41029391118535 
Car -1 -1 0 523.3270172662416 183.52123357168443 546.8083669721882 206.62580924011243 1.5110897 1.588481 3.9971323 -5.2473383 2.297755 51.151127 1.4848288 9.974013482419409 
Car -1 -1 0 629.6669096875338 176.16421110258662 654.2359877530322 192.42700583471876 1.5564454 1.650945 3.7455087 3.2550194 1.8956153 71.90496 1.8409622 4.746427678457824 
Car -1 -1 0 549.7507956604011 182.9145104562166 569.7125578850787 199.0031997325887 1.452644 1.5317135 4.2269115 -4.8015914 2.457705 69.949265 1.5980374 1.042625800660141 

