Car -1 -1 0 729.4408620360549 174.54384628018997 939.6988282571874 323.0101900936265 1.6115979 1.590504 3.4380598 2.758327 1.6382622 9.62875 1.5209851 126.16074580634387 
Car -1 -1 0 667.5959966662989 180.98194133285494 726.6583174601584 229.26610551709734 1.4097773 1.5703282 3.4436355 2.7676935 1.6928669 23.391582 1.593242 63.98139222310284 
Car -1 -1 0 713.8290296566018 172.89420923293778 828.7451370847629 218.60682443414566 1.7459211 1.7414062 4.2259555 6.323847 1.7475698 28.57362 0.06877142 35.62029481860069 
Car -1 -1 0 271.9253106628541 183.67275761953937 454.36362948049054 242.46581035805974 1.4344028 1.6136382 4.192913 -6.315773 1.7287271 18.773989 0.023303578 57.11932721445293 
Car -1 -1 0 25.817159979342687 183.7027771745806 353.7054555045983 292.7580329962723 1.5072496 1.6142308 4.079509 -6.2277403 1.6855197 10.99967 0.024499564 71.96677823708666 
Car -1 -1 0 0.0 184.8771759977182 294.7078239812874 338.1711764869502 1.5261693 1.6289827 4.1213136 -6.0218277 1.6802586 8.290424 0.070099935 78.44341142354648 
Car -1 -1 0 329.5836452706084 178.6866179870824 482.58772960082877 234.15590175807472 1.5244648 1.5747825 3.9729967 -5.8276005 1.7008283 20.91831 0.056938246 39.99887612632311 
Car -1 -1 0 373.09638157638517 179.93923294643025 500.14354371365357 222.82158507955964 1.4540073 1.5876436 4.1464267 -6.17204 1.7193487 25.92457 0.15116484 16.761965207670286 
Car -1 -1 0 180.45676471119586 182.23600725342777 387.0972666412858 253.9630944228269 1.4895495 1.6038026 3.8734474 -7.1296434 1.709497 16.061453 -0.027030302 6.754553373270121 
Car -1 -1 0 348.3405807957659 175.55413169491874 477.11462646921944 228.22384873145296 1.627014 1.5484822 3.7068348 -6.301482 1.7176642 23.303581 0.080227755 8.558435382153647 
Car -1 -1 0 379.50864909240295 176.4692568956691 485.20133078546064 218.12219205185542 1.5786889 1.6003301 3.734622 -6.960182 1.7265717 28.517406 0.10827792 1.8497510165002398 
Car -1 -1 0 442.3407424924068 168.60549716720826 521.0727653950287 201.18710459427385 1.7734773 1.57094 4.1235375 -7.0624404 1.5422232 40.11605 -0.027279355 1.1578198396323776 
Car -1 -1 0 100.99542727322876 160.88765287378598 359.1676457067615 264.75904528551933 1.7748353 1.6738194 3.8581536 -6.8136816 1.570368 13.278597 -0.059311256 0.6004005875263974 
Car -1 -1 0 399.93590098076646 177.61191656992284 506.42146516163336 213.49348027537008 1.4702427 1.6021836 4.156556 -6.596858 1.6783882 30.682196 0.03976568 0.3018060028553009 
Car -1 -1 0 630.9350925403966 177.44940548929006 651.835583545514 196.97995588386146 1.4735632 1.5510046 3.669048 2.4942799 1.849338 57.154953 1.5866392 0.25139784812927246 

