Car -1 -1 0 0.0 195.51211749249197 229.05014043874587 325.4464997362163 1.3989854 1.5746373 3.860313 -6.8556 1.5725522 10.089517 1.4164588 99.70546269050614 
Car -1 -1 0 430.18861995233493 182.00372624981912 489.9592090619821 233.41777515482116 1.4929571 1.7074492 3.4040685 -4.56824 1.3996881 22.690413 1.4107624 63.61244223372584 
Car -1 -1 0 528.4123445020925 179.05405667726052 598.7117553531389 239.38223770419566 1.5861074 1.6562111 3.6747963 -1.3473089 1.4241097 20.84888 1.4043415 100.37063841424877 
Car -1 -1 0 208.93216688737408 188.3062902544864 326.94384673756485 251.64430790489482 1.437711 1.6207479 4.4562097 -8.715418 1.528856 18.87218 1.413165 95.98039925284614 
Car -1 -1 0 99.81908418855203 187.25122877992933 224.53360720544612 246.91417494527997 1.4901047 1.6100193 3.6479504 -12.215779 1.5521686 20.001314 1.4338083 50.47986981609648 
Car -1 -1 0 327.1239028129046 185.023136557015 388.87445090839566 221.80516474922814 1.4433192 1.7072686 4.1819463 -10.443878 1.4357631 30.399286 1.4273573 23.84511795951475 
Car -1 -1 0 369.1739062113101 182.5790527840005 411.17791350057155 210.45980803148584 1.447746 1.5319397 3.8201823 -11.809654 1.3108346 39.310722 1.4598615 5.656236517096343 
Car -1 -1 0 199.78917491440336 169.86139965728367 281.9752269662137 220.2566427870138 1.8971646 1.7522064 4.358949 -14.827412 1.3191411 29.354874 1.407264 10.720583135255374 
Car -1 -1 0 500.2882399976422 184.30401847272805 524.7114337238469 203.1858968156757 1.4944109 1.6306174 3.7928796 -7.790331 1.4222558 58.925117 1.3443279 1.8090175315025345 

