Car -1 -1 0 862.000525898277 193.58838896359512 1110.479143233776 280.44233931715246 1.4004027 1.5623248 3.6796277 6.65177 1.7986107 12.959801 -0.06413718 118.704045770343 
Car -1 -1 0 716.228179190951 184.10673101524867 849.1127583030459 231.27303170239838 1.5483046 1.738358 4.178379 5.940964 1.9538879 25.069542 -0.032655943 63.95483228545573 
Car -1 -1 0 820.9185170079403 186.77921801886706 1022.0724255857841 264.40774225327 1.5179229 1.5827099 3.560527 6.476739 1.8276556 15.226334 -0.017578892 57.99375590931683 
Car -1 -1 0 216.75700955007795 183.89695967562025 436.2382597301636 264.81478752729345 1.535943 1.5968217 3.875926 -5.6956987 1.7757493 14.800768 0.036175385 96.62421595514344 
Car -1 -1 0 0.0 188.41224578966785 359.1802096240252 303.0302402151482 1.435607 1.5864961 4.127809 -5.851957 1.6727401 10.1345215 -0.033974916 74.81356812628634 
Car -1 -1 0 640.4521661067314 182.5225816103002 676.3583191111618 210.96499408988387 1.4283617 1.5652153 3.6638556 2.620112 1.9808034 39.364372 1.529409 19.35780283279604 
Car -1 -1 0 290.2729111147633 173.71457002435847 459.7105264607107 239.65981031412497 1.7164278 1.6879568 4.123657 -6.3142734 1.7411623 19.771996 -0.0602167 34.76968494351241 
Car -1 -1 0 418.28671158544006 179.33974653918645 520.1122204372477 215.73260750847723 1.6107892 1.6433837 4.33756 -6.3862114 1.9162016 33.110935 0.020576898 31.525173319973156 
Car -1 -1 0 254.4745657929475 185.8749916167402 449.86353928922614 252.22430264324132 1.4629221 1.6017032 4.0863013 -6.044574 1.7900348 17.199623 0.06245662 18.721648809772187 
Car -1 -1 0 102.32403920538889 187.54259830329687 373.01733900847995 279.26753696406803 1.4490881 1.561609 3.8864067 -6.3030844 1.7221483 12.545194 -0.045380984 15.33552522381216 
Car -1 -1 0 357.4948734090871 180.4095474312152 486.75208676960074 225.34574769312795 1.4721386 1.6003363 4.0221624 -6.352354 1.7397844 24.737097 -0.0111183 12.458001280356926 
Car -1 -1 0 319.2416610528977 180.9816919262771 470.99615463964625 232.29879946793326 1.4930761 1.6132832 4.1928134 -6.4896145 1.7523906 22.14557 -0.032892063 0.3450768291950226 
Car -1 -1 0 567.6455095626297 180.85913544675415 588.1706664984849 198.17938631786913 1.4338119 1.6147673 4.1879206 -2.767442 2.1645312 63.765972 1.5745488 0.27252286672592163 

