Car -1 -1 0 91.69882496609499 193.55893030028344 177.5594708670978 247.3987101359536 1.4243548 1.5779202 3.7040482 -14.788742 2.1320646 22.649754 1.1793394 34.00500855110619 
Car -1 -1 0 609.4887497799575 176.0496418909144 653.901211195148 209.9289045595267 1.5580726 1.485681 3.3105543 1.0366185 1.722148 35.281048 1.3820559 45.9515947698139 
Car -1 -1 0 451.60570888665666 180.34010649106537 492.8187177990553 220.34701527251687 1.5773827 1.6473393 3.865418 -5.914261 1.9229201 31.25906 1.3989505 17.934532892943828 
Car -1 -1 0 637.3697397536221 178.36228086635433 692.9742189786728 219.33858170164527 1.4962823 1.4824406 3.4298434 2.1458898 1.7286663 28.636423 1.4260304 44.38356004730024 
Car -1 -1 0 698.884264580452 163.03905094080443 830.3178485534353 264.98679143999505 1.7279315 1.6878554 4.336739 2.8964713 1.561576 14.398501 1.570022 62.20996461301695 
Car -1 -1 0 572.7360091438095 179.68135923482478 604.6441767067874 203.2401848796472 1.4515297 1.5568264 3.602516 -1.4092292 1.9188975 47.479168 1.3855402 27.54420946684813 
Car -1 -1 0 678.9481023451069 177.91387678833271 768.9836713729227 240.17909995582966 1.4876527 1.6051008 3.909758 2.983295 1.6388693 19.563803 1.5105065 25.191341232083072 
Car -1 -1 0 532.9394919678091 180.59452002546146 554.9619969745515 196.30600514703002 1.5017562 1.5145009 3.3754382 -6.6239095 2.3004813 72.61583 1.2626017 0.33396485447883606 
Car -1 -1 0 552.1383257867282 179.28793605775851 578.4572498273188 200.25312102957074 1.5846165 1.6051562 3.7444785 -3.5733905 2.117383 57.753674 1.3721936 0.8557291027092583 
Car -1 -1 0 440.17191535974735 185.34547442117417 478.7397861047609 216.51874458488615 1.4246264 1.6060055 3.9483888 -7.5761805 2.0953245 36.682667 1.4465483 0.2777203619480133 

