Car -1 -1 0 308.11179615937 188.63259604040854 409.58030329517464 250.32027900359515 1.4023665 1.594097 4.0741653 -6.305335 1.5011752 18.681469 1.4713416 73.9892676037134 
Car -1 -1 0 608.3672662622688 181.8248728371927 713.1335418480761 262.6549629432021 1.5882471 1.6402495 3.78109 1.0699099 1.52162 16.100128 1.4507111 119.37382741651027 
Car -1 -1 0 157.99485507049064 194.1494898996016 333.7197758238558 293.90037119126066 1.3844532 1.5398962 3.5118225 -5.8773785 1.5580871 12.138418 1.4551843 81.89302188683229 
Car -1 -1 0 502.8509205870699 181.72867157097608 549.9228581138213 223.97335208601476 1.513377 1.6840435 3.366521 -3.1386993 1.3884574 27.536528 1.4309965 46.77326028124766 
Car -1 -1 0 364.78997549515867 185.00698064345664 430.7661936830609 228.2418967939007 1.4820647 1.6410477 4.38454 -7.735563 1.47491 26.911278 1.4603324 20.644497797137884 
Car -1 -1 0 418.7331905143528 182.4451642594914 455.1414234407406 210.5192120196127 1.4396981 1.6157635 3.861409 -9.160741 1.2976191 38.89585 1.4176387 16.37008496464117 
Car -1 -1 0 267.1156927594699 184.62693729882602 343.8543418134905 228.12384603594617 1.4838701 1.6040173 3.9769824 -11.05178 1.4637849 26.59579 1.4467151 13.282942054187114 
Car -1 -1 0 479.68396238445945 184.00501742357204 524.5468302894026 213.90407162298644 1.4514394 1.6062586 3.4360127 -5.418869 1.3926673 36.78586 1.2208049 7.102567367103765 
Car -1 -1 0 312.77749420205583 172.87056575888502 372.2026748563465 209.07980442934902 1.7207732 1.7902294 4.3586397 -13.317443 1.134095 36.419724 1.4712371 13.266544979022761 
Car -1 -1 0 545.4611825160401 182.03594339297632 568.86469811013 201.08005825761927 1.4635644 1.6142794 4.045394 -4.0227056 1.2191962 57.35619 1.4390615 3.5396912797175175 
Car -1 -1 0 55.11629961125549 165.81284980658955 231.40311136405438 257.67067938717173 1.8791907 1.7777166 4.4765406 -10.712675 1.482255 17.043118 1.4366364 15.537429971031475 
Car -1 -1 0 396.0241854119617 175.99332205536646 420.2959510134456 195.0300225048092 1.5560453 1.6227466 3.8686743 -16.800879 0.80221534 60.80532 1.3946655 3.5423330983883585 

