Car -1 -1 0 408.5659569267034 183.80090215637247 498.24385663455826 244.36047576967067 1.5163174 1.6907009 3.7825203 -4.354748 1.8586832 20.660643 1.5880413 90.34116735525717 
Car -1 -1 0 745.1087053321027 181.8323259782336 856.9731704024293 260.31921676023023 1.4513074 1.6175287 3.838016 4.0281806 1.6717138 15.751757 1.6265275 69.65140553484189 
Car -1 -1 0 791.821912543953 179.8345000675254 1003.4417064300716 310.5788446608963 1.5610433 1.591181 3.524097 3.9775233 1.6809056 10.597889 1.531894 115.37950138828595 
Car -1 -1 0 717.0093524183642 178.97242433280923 791.7369207828546 234.15044886665777 1.4518849 1.5683088 3.7724519 4.1801786 1.6488892 21.321007 1.604346 42.91007374906403 
Car -1 -1 0 464.1972263764925 181.97687394338976 527.1519228981921 226.7726775400907 1.4742975 1.5432792 3.7502944 -4.0925946 1.8327143 26.436445 1.6204412 32.1194986591994 
Car -1 -1 0 494.1429599450072 180.84670915131838 544.0299130221387 217.21760633429585 1.4430395 1.5734736 3.9824455 -3.884843 1.8145475 31.524921 1.5992365 19.402020851645712 
Car -1 -1 0 695.371390628866 178.16916264403102 757.2765266783555 222.2055024242814 1.4659667 1.5957673 3.883458 4.196239 1.6751277 26.442406 1.5584915 22.777151784013768 
Car -1 -1 0 547.1112233273145 177.5662896654356 579.1772945916468 202.13844665154247 1.5400665 1.6006563 3.7545114 -3.0411673 1.8655369 47.90019 1.6509824 12.718665890015316 
Car -1 -1 0 683.1810045903187 177.54026871974008 724.4046793665518 207.93776299540602 1.4704492 1.5661342 3.5341883 4.8145475 1.72398 37.2457 1.5403993 6.7548273130288985 
Car -1 -1 0 957.100333037425 174.08869421054297 1027.7866145028183 204.7311507102949 1.4659584 1.5927942 3.8751156 19.341652 1.5319799 36.62924 1.590595 0.2928188145160675 

