Car -1 -1 0 584.7733463943717 188.54604616670886 646.3318875175471 236.610157333407 1.4129281 1.583108 3.8707485 0.12635389 1.990805 24.55083 1.4427681 69.03694464956884 
Car -1 -1 0 707.6303990952581 196.72131713463835 948.4989658324905 345.05150828253 1.392071 1.5626284 3.7837858 2.5484805 1.7681899 9.389777 1.4340291 118.05642830472446 
Car -1 -1 0 401.6504592558168 192.28036152086943 444.4304448547845 224.48197207930974 1.5536227 1.6379237 3.6490865 -10.0182705 2.6536205 38.97129 1.4894595 30.861643375958575 
Car -1 -1 0 0.0 207.26010001028257 254.56499832311215 375.0 1.565815 1.6082996 3.649301 -5.978459 2.0984113 9.234646 1.4004815 107.65512565690396 
Car -1 -1 0 1136.2399714894725 169.9897741083588 1242.0 260.85582935222135 1.4084202 1.6019258 3.8344831 10.650211 1.3640248 13.208109 2.1939898 62.97598597505751 
Car -1 -1 0 803.969465455215 171.09760347685787 917.5787563377144 219.78329004384776 1.5485373 1.5832597 3.3919814 8.515153 1.4926717 24.500832 0.5400457 51.316192546443176 
Car -1 -1 0 571.8494133682746 186.6019093964901 620.5398658864124 226.49619476642437 1.4838783 1.5861557 4.169487 -0.6311855 2.1065426 30.507277 1.4362124 29.839600088820756 
Car -1 -1 0 1010.8995600358413 165.07478151921484 1137.39452597238 210.45962192607615 1.4651214 1.6373408 4.0264506 16.16056 1.2139912 25.363163 1.4936144 4.707723088148094 
Car -1 -1 0 736.0508478157708 178.6925948233591 835.0109764064887 220.63205252816084 1.6703299 1.6243601 3.8205874 7.499753 1.9326583 30.80275 0.49027216 1.3446180656588478 
Car -1 -1 0 788.3681526179704 177.30437988081655 894.1150867224502 219.8277800315061 1.4775914 1.5489718 3.5017443 8.6408415 1.6535612 26.964672 0.54070675 0.8981908766874552 
Car -1 -1 0 128.5343337360594 199.3106567131056 170.52505164409948 220.06309850748173 1.5241201 1.6703843 3.5651748 -38.022156 3.783503 59.72274 1.4046496 0.7471339832081881 

