Car -1 -1 0 426.08095883788775 186.60165072359686 491.455174028244 231.54993191409537 1.4071486 1.508979 3.9347458 -4.9912806 1.4584236 24.610893 1.5479879 45.64809079738995 
Car -1 -1 0 42.598491861625085 188.45918800617335 337.6435803450756 353.6916235185699 1.5005337 1.5657926 3.4887693 -4.4976425 1.5464151 8.3834915 1.5151598 134.3547227896425 
Car -1 -1 0 711.4305824542905 185.30762446840654 896.6532485049906 311.84481814088815 1.5645369 1.6171447 3.7629647 2.720835 1.5661633 10.8045 1.5290244 113.72652747398983 
Car -1 -1 0 356.35305146814034 189.97632835618467 451.3355985829386 251.83894030540557 1.3718119 1.5605831 3.5081809 -4.9764733 1.5029764 18.011395 1.5155851 79.41796078165625 
Car -1 -1 0 560.3987715881393 182.06357897037958 601.4250566814261 220.01657161029092 1.5225711 1.6466651 3.4793513 -1.1245811 1.3961166 30.609947 1.5305498 37.956491368046315 
Car -1 -1 0 600.0540553436721 183.383718200166 622.1465657982643 203.8127122522209 1.4827614 1.6035123 3.8399353 0.28486782 1.349794 54.095943 1.5714536 10.424348006287962 
Car -1 -1 0 359.68628316691866 185.46086004122245 418.5404558718991 223.33753592338664 1.5136603 1.6289747 3.852021 -9.243967 1.5248208 30.738853 1.4897819 13.302451537580575 
Car -1 -1 0 543.6826348645476 183.97489094084102 573.1609959368433 211.77990508803703 1.4692681 1.5500897 3.70798 -2.7435837 1.4037015 39.901867 1.4807193 7.689268735990929 
Car -1 -1 0 485.60586660149744 182.92639953049394 518.9407535786986 207.8174778820604 1.4935817 1.5818772 3.8566558 -6.533827 1.356213 45.0747 1.5558145 5.968076302598068 
Car -1 -1 0 391.47186368355403 173.08419591887574 439.8807270719815 209.48052309328222 1.9736849 1.8433231 4.3518066 -10.903448 1.3158228 41.207283 1.5130649 7.8042339599643356 
Car -1 -1 0 0.0 167.86920788639787 202.29166856207942 286.7451977418553 1.767731 1.6206845 3.761601 -8.893047 1.5097821 12.611813 1.5162936 44.16606720237974 
Car -1 -1 0 235.3845471535128 168.79819337040186 349.9791915058701 242.21828460747545 1.9665201 1.6496029 4.5448766 -9.251141 1.5267855 21.565826 1.519654 1.1988758126515597 
Car -1 -1 0 449.68392430895193 183.50159823239073 497.789581035197 219.05940691633197 1.5015852 1.6288495 4.311197 -5.9708166 1.4291998 32.558353 1.5094286 1.6346188592429973 
Car -1 -1 0 436.2355257722438 180.8465835715704 471.2034810023924 200.7235930361015 1.46418 1.5992986 4.102677 -11.703047 1.1423423 55.044434 1.6256164 0.6613748584008716 

