Car -1 -1 0 157.94617453984358 206.38909573763496 393.3367253096771 358.1995836150136 1.463854 1.5545951 3.5038698 -4.112896 1.988261 9.511627 1.5449162 78.34777444591272 
Car -1 -1 0 703.8995819205945 183.5220703115343 820.534965388436 279.05560075187424 1.5132498 1.5582368 3.2573059 2.7113855 1.7363945 13.444796 1.5958569 102.53984687544889 
Car -1 -1 0 476.94546209769544 186.3637415576969 525.9094523538328 224.9761561998268 1.5729425 1.6267976 3.7093716 -4.816246 2.2173507 32.55613 1.5784857 57.27756334175716 
Car -1 -1 0 653.1789535742948 180.0642506403647 705.1102718564484 221.53870145483407 1.5332115 1.5848486 3.6614623 2.7504568 1.843533 29.188276 1.5237653 61.86115788582261 
Car -1 -1 0 381.34684920968664 182.45550210876772 484.8236159383022 261.79221026110366 1.7657628 1.6463223 4.1415834 -4.409369 2.041327 18.634548 1.5743136 109.20756159681329 
Car -1 -1 0 520.4954941040418 186.1906748748688 546.2698903610162 211.0214486561735 1.5262231 1.5818627 3.9269357 -5.0870934 2.460355 48.525036 1.5020318 12.389005746622768 
Car -1 -1 0 548.2969840397154 186.62019581174562 569.4218432570351 203.96993251284727 1.4934922 1.5906675 3.8517811 -4.6904826 2.811786 67.14918 1.5989776 4.19739237541537 
Car -1 -1 0 632.8958620875475 180.09654461890858 654.2679594652951 197.10776225835684 1.5477078 1.599286 3.639817 3.2885044 2.261916 69.22193 1.7451113 5.819914876817715 
Car -1 -1 0 564.7393558479282 181.9040915634548 586.3244762489264 203.73973818349435 1.670222 1.6328015 3.740358 -2.7961006 2.4309292 58.71961 1.4908478 0.28600841760635376 

