Car -1 -1 0 672.547960049665 191.9329828300129 762.1424816207899 252.93324251352476 1.4287364 1.5810338 3.4838526 2.865372 2.0021143 19.861958 1.4537684 96.8266687741672 
Car -1 -1 0 642.8686259587338 188.5228959057958 693.5627060001758 229.40035165593883 1.4647019 1.5656736 4.020036 2.3260324 2.1489465 29.46481 1.5246196 50.012147838163855 
Car -1 -1 0 0.0 195.4660004970919 308.7786668288174 306.7326528585202 1.4861687 1.5972574 3.8322577 -6.7742224 1.853694 10.859008 -0.0367767 50.102552996081734 
Car -1 -1 0 204.21084545925237 196.10807842762486 419.8428711013294 267.79429255693583 1.4294231 1.6055897 4.0394554 -6.368468 1.962651 15.730602 0.005866512 78.74877753306437 
Car -1 -1 0 324.0638361784722 192.66631852274293 467.1110449582597 241.85670133015617 1.4421409 1.5977063 4.018752 -6.664053 2.0896637 22.716404 0.03339655 31.05892665860464 
Car -1 -1 0 255.07104978400184 193.83051925136064 430.6145374755118 256.8220529474389 1.4586558 1.5502056 3.8161006 -6.569321 2.006052 18.03351 -0.010712903 18.91844481947695 
Car -1 -1 0 294.49773016300924 194.39723570089612 446.7362426107789 248.89690628557085 1.4333481 1.5490294 3.7920365 -6.686183 2.0673795 20.425892 0.018488877 18.23773928290179 
Car -1 -1 0 372.7196342277042 188.89046600982053 485.2359914206627 232.62485337584607 1.5662034 1.565229 3.869996 -6.8630633 2.2018986 27.591465 0.12115204 9.757906382931886 
Car -1 -1 0 422.7967627745223 191.16811396072066 521.2191194944938 224.95020047068317 1.467337 1.6260004 4.189916 -6.2976522 2.3357604 33.282295 0.05736405 10.306678813842122 
Car -1 -1 0 351.9917337206981 190.77043780211164 474.27149881454415 235.821401606115 1.473824 1.5877353 3.823486 -6.7560534 2.1166465 25.071232 -0.012010359 8.334474824154555 
Car -1 -1 0 625.5297762773231 186.16043297691675 649.2342917783013 206.00560891288123 1.5190641 1.5021394 3.564345 2.2681496 2.6512256 59.547268 1.4783446 3.0954973963898476 
Car -1 -1 0 448.84183841723643 182.20257041776125 523.0585579314863 215.45503583226235 1.6999093 1.6529083 3.659816 -6.5024834 2.205984 38.211323 -0.01200412 0.6991588634828875 

