Car -1 -1 0 91.96952096636755 200.75889952190815 388.7319660506631 375.0 1.4487522 1.5563354 3.4518352 -3.8187668 1.8311523 8.152901 1.582401 120.25099931221493 
Car -1 -1 0 665.2429486126111 182.8414736299974 724.4461800905456 232.0142035401552 1.43433 1.566403 4.0636497 2.744105 1.793873 23.926804 1.5922045 70.22532037586303 
Car -1 -1 0 768.6945842786647 168.01976393289084 904.9035252791656 212.0094305414832 1.5309472 1.6943719 4.392654 8.170883 1.3627039 26.141596 -0.08487755 55.93556201200225 
Car -1 -1 0 854.2417289365695 169.81128885481073 1081.1086113439035 237.92002153649108 1.5007292 1.7104516 4.4439344 8.210099 1.4336851 16.79848 -0.020181108 97.26442362980363 
Car -1 -1 0 387.90632189586285 192.9119876803915 455.38980203099254 240.6004692243627 1.4036713 1.5635017 3.930429 -6.403105 2.1532314 24.94837 1.5005273 52.79313161049034 
Car -1 -1 0 276.6285203029063 195.85500929312465 400.30422011844826 268.3789009996841 1.4367051 1.6018015 3.5540538 -6.3114295 2.0418475 17.203053 1.5747288 26.060219409380277 
Car -1 -1 0 817.216921999125 161.50471847625587 994.3905443280472 225.30716294764 1.684824 1.6930432 4.194949 8.073716 1.3851247 19.91357 -0.0064367224 59.11846343964075 
Car -1 -1 0 471.63588860780607 185.18380156194598 514.7238387907663 215.17618212455687 1.4885652 1.5665019 4.1348476 -6.330425 2.2014613 39.625298 1.6053729 8.497375824948021 
Car -1 -1 0 1008.9533219350024 156.52529658307074 1102.168412726297 187.98702575416047 1.514308 1.5766482 3.6030579 21.93398 0.7283788 35.57281 0.031088192 8.908054183245014 
Car -1 -1 0 1050.1466010588044 153.40407892276684 1159.8166400817993 189.22581406262347 1.569981 1.6490881 3.7932367 22.228098 0.7175373 32.46655 0.009898115 12.693255156449514 
Car -1 -1 0 1101.4643471506809 150.62943087356638 1232.4116774129104 189.03175163691338 1.5084763 1.6219556 4.087899 22.491684 0.6354759 29.205084 -0.025317635 7.218834391883686 
Car -1 -1 0 711.4169048652658 171.60294491200747 770.2901131506209 193.379843827352 1.5309939 1.6905775 4.106841 9.460989 1.44304 51.971382 0.20451033 2.081269121403569 
Car -1 -1 0 492.1313334234704 184.27391580973568 525.6358687754278 211.11743802249194 1.5386277 1.6026621 4.1268716 -6.2592506 2.287015 45.205704 1.5505774 0.5485715707011821 
Car -1 -1 0 501.11174162078873 184.05090397468732 525.9823568977314 207.17194411500574 1.4779463 1.5748938 3.5927532 -6.5934763 2.2795477 49.791782 1.4739662 0.26600587368011475 

