Car -1 -1 0 694.4654106783336 176.41398882699514 779.7248687570055 242.6176263531723 1.5038837 1.5662785 3.7059276 3.1516292 1.6041156 18.452868 1.5826683 65.07210444717288 
Car -1 -1 0 720.0326316952148 179.91304697104476 875.8137102885706 284.1507250314666 1.4956926 1.6175922 4.432751 3.1208467 1.6433027 12.87073 1.5697964 102.22474895569592 
Car -1 -1 0 40.16164449955112 195.98382002854908 408.9268544269632 375.0 1.4512688 1.6818087 4.203776 -3.5746691 1.7657161 7.704165 1.5745869 137.42795309516652 
Car -1 -1 0 408.9970924207104 181.936844140112 506.87088644267374 254.6209130804062 1.5589247 1.5505291 3.7697284 -3.6251252 1.8076105 17.85323 1.5939236 86.85710968604927 
Car -1 -1 0 773.8035026038508 189.96622415591966 1211.0463243210147 375.0 1.4260269 1.6378535 4.392793 2.8797796 1.6367321 6.671124 1.549586 114.8421343111207 
Car -1 -1 0 324.9994633365899 185.53188472217846 458.9676435517736 288.38813922032466 1.5673387 1.5188987 3.4881246 -3.8170464 1.8304772 13.2038965 1.5320994 82.7380095096041 
Car -1 -1 0 638.8586211982433 174.65635189916222 683.5356986832021 205.10912025636836 1.5957931 1.533871 3.2857707 2.804276 1.6996427 39.79741 1.3341819 23.888315342381002 
Car -1 -1 0 594.214891838696 174.40638570101254 627.6869710509443 195.60425920516906 1.5329887 1.6602622 4.1367636 0.06294638 1.6554157 54.702904 1.3487332 3.3732582033975493 
Car -1 -1 0 557.9772838480744 175.48121458908236 600.7349555336062 192.41257114869802 1.5760682 1.5799892 3.9801676 -2.8948936 1.8364384 69.62822 -0.69377446 7.5471436817439495 
Car -1 -1 0 934.7136532868534 150.90724846415063 1063.2203337298554 194.3536978526513 1.4708005 1.5766503 3.6723258 13.650656 0.72783303 25.464796 0.1409445 3.511783762024958 

