Car -1 -1 0 360.3698968769462 184.80451661280944 474.2762818931161 258.72521598182647 1.5269632 1.6884406 3.8235521 -4.499236 1.8478422 17.450176 1.5850043 120.12392728670632 
Car -1 -1 0 847.7122367746341 182.7923083609275 1214.1292562140668 375.0 1.568119 1.6207278 3.5220928 3.918836 1.6955982 7.459896 1.5263553 116.5227545486855 
Car -1 -1 0 770.4776962172991 183.9935417188546 923.0145786889686 288.0447938068555 1.4755384 1.6029499 3.7592049 3.9271326 1.6991699 12.564278 1.6259613 81.98644803463645 
Car -1 -1 0 726.8986566858572 179.38029992022243 820.3868805605847 246.31530893683362 1.4735267 1.6065001 3.7575226 4.006078 1.6549835 18.158432 1.6023486 52.273846412652 
Car -1 -1 0 703.8355084032366 178.2219266526323 774.4226606744087 228.8530283460179 1.4565752 1.62825 4.033111 4.0706463 1.6444668 23.222206 1.5922253 27.06576297122824 
Car -1 -1 0 472.12178980396976 181.43042215173207 533.374365431466 222.04821130442087 1.4344702 1.6278235 4.1198735 -4.1276865 1.7976965 28.462713 1.6174723 26.89286694125936 
Car -1 -1 0 436.3775138697546 183.53831864062437 511.86831687829203 235.32408607816066 1.4679725 1.5639673 3.8334193 -4.2570887 1.8404119 23.204369 1.6121042 35.903960991974465 
Car -1 -1 0 538.6130318086728 176.5996527058121 573.3477377000363 202.81133500092992 1.5328811 1.581214 3.3977828 -3.2631905 1.7728982 44.468254 1.6671793 9.298677576120712 
Car -1 -1 0 690.1577870059447 180.54337844810107 745.9977199245407 221.90933943496307 1.4652013 1.5784682 3.8016884 4.164016 1.7857752 28.173807 1.5623189 3.106752711643197 
Car -1 -1 0 685.5692748271321 178.24919306619103 729.2320886092102 211.8593301058268 1.472149 1.5644503 3.6043682 4.553994 1.7397532 33.985687 1.5697973 1.2565016125563384 
Car -1 -1 0 545.9904435609462 175.06355208707726 585.3710765255107 198.55011489082617 1.5055709 1.6252668 4.005964 -2.9180746 1.6614871 48.78455 1.7867249 0.3770012855529785 

