Car -1 -1 0 218.77799709198527 181.21749452549298 302.03952962702635 214.19019135798808 1.5537541 1.6730361 3.9296904 -17.902378 2.009439 37.19423 1.8479987 38.513670669149015 
Car -1 -1 0 504.3181479616874 172.9189158070455 559.3765710821848 192.43033658290503 1.497292 1.6680154 4.2172275 -6.0604267 1.5024605 56.41385 -0.09817803 6.072643920957499 
Car -1 -1 0 393.05167213242385 176.22534764426965 427.1270881506671 199.71529571234146 1.4633034 1.5300965 3.66041 -13.054491 1.6935399 47.3833 1.479919 5.911158316560548 
Car -1 -1 0 824.8314425076327 164.3016419486863 855.4498572746877 180.42845051505847 1.5317969 1.6573608 3.881884 22.488497 0.71945506 70.49852 1.5424922 1.9182705133689981 
Car -1 -1 0 727.0107223980685 167.78478685965385 767.311780206021 184.33645007559397 1.5730171 1.6515449 3.7510076 13.430172 1.091255 70.573 0.9371784 6.343327838162672 
Car -1 -1 0 71.10033887528334 185.78996695703117 137.17405018409852 214.53598951805606 1.6724879 1.6370606 3.7656178 -31.862526 2.5244956 45.61169 1.5344546 0.6580054432647682 
Car -1 -1 0 1031.4968262173477 162.40250677641728 1071.8592106526512 178.74884923097602 1.513226 1.6372523 3.6782324 42.012413 0.5457021 68.648895 1.5895667 1.147420422990017 
Car -1 -1 0 994.529223625033 164.3485784398444 1032.1792577664608 180.15276810770604 1.462496 1.6189073 3.8914585 38.431297 0.6754167 68.765594 1.6378229 0.3550673723220825 
Car -1 -1 0 873.2796515364583 164.66180287661592 914.1639540532259 188.03302888542316 1.6220448 1.6366584 3.5529451 20.380558 1.0534774 51.87941 1.6033539 1.2897631594666903 
Car -1 -1 0 338.4005729843643 177.18827577656631 401.68713968958497 198.8088067490625 1.4909973 1.6314275 4.0495176 -17.371964 1.8172348 52.414165 -0.6688207 0.48733805801540253 

