Car -1 -1 0 83.15795550478458 183.42360019382824 202.23393754548889 224.96999872467126 1.485026 1.6210653 4.198808 -18.681318 1.9438865 29.11855 1.7396251 60.230670449723306 
Car -1 -1 0 299.6575011821968 176.77750498586173 382.74135572745445 207.9675656369369 1.6039083 1.6532674 4.05449 -14.723291 1.8317007 39.765205 2.19874 25.271986849255818 
Car -1 -1 0 986.6768130559637 167.15259863908213 1032.351014233768 184.87464427812742 1.4946615 1.6215129 4.1730194 34.829582 1.01381 62.952682 1.5552804 5.724726933492063 
Car -1 -1 0 248.23910326291147 180.90600018541247 328.2499302296712 206.57386908207792 1.476347 1.6946833 4.2328186 -19.975239 2.0021708 44.98071 2.305769 16.685114014145093 
Car -1 -1 0 386.38647789490363 176.97587447123504 416.4934488137207 192.65231630346227 1.4997108 1.6577327 4.120753 -20.790825 1.924293 72.22664 1.6176322 2.793084266792554 
Car -1 -1 0 1053.6763123436513 164.62762334167294 1100.1173692658876 181.73425170549544 1.4778128 1.6519927 3.9320886 41.592743 0.7671496 64.3149 1.5911868 3.6244169397209447 
Car -1 -1 0 835.8141457896434 168.98625478307554 868.0831101525455 185.46671088992065 1.4586945 1.65712 3.8168292 22.05264 1.1163578 65.77268 1.5701231 3.044349663136645 
Car -1 -1 0 891.6429244413762 167.2194292683176 938.4266049666776 192.26559863266644 1.5766094 1.5917494 3.7923675 19.98228 1.2219235 47.34598 1.6108552 0.8634861613448918 
Car -1 -1 0 0.0 184.8741481483696 65.32027423409191 220.34127229746593 1.8214872 1.5963924 3.767407 -32.35188 2.5289478 40.44635 1.3270594 1.824024829708657 
Car -1 -1 0 807.2447456078818 169.48546861544227 837.3503521585194 186.08523476763477 1.4510381 1.64618 3.6565378 19.09817 1.1565838 64.904335 1.5758907 0.3245284855365753 

