Car -1 -1 0 578.0333892188615 174.24051800061142 650.353038040024 242.40676795323344 1.576339 1.6740874 3.2540286 0.13816477 1.3225389 18.262909 1.5557529 68.51695031190046 
Car -1 -1 0 357.72316816604257 179.7259442830239 471.1776963364495 258.62446263558587 1.5829425 1.6411065 3.441874 -4.193406 1.4728014 16.147549 1.5656629 112.04174480112893 
Car -1 -1 0 184.430254597384 189.10669764206145 329.32943744273894 254.9800234017252 1.403708 1.5660107 4.1555433 -8.391002 1.5105305 17.649944 1.5609995 62.81348595459935 
Car -1 -1 0 456.2553155541422 181.56563050055456 512.0129219282389 220.37309583954027 1.4152532 1.5502326 3.5254078 -4.7219977 1.2821404 27.982315 1.575926 51.39013864263628 
Car -1 -1 0 498.46713886602987 178.91494722905205 532.2560881090245 209.37990972055442 1.4388905 1.5151972 3.7452788 -4.5384626 1.1412997 35.88221 1.4862514 13.051291498050642 
Car -1 -1 0 98.39390821243883 182.55767043401246 168.29210437681803 209.4152908290794 1.5571772 1.6717217 4.0416765 -28.721045 1.4030675 43.72212 1.5426177 6.960526642984766 
Car -1 -1 0 277.3368797668235 184.7383151582863 350.8391016001429 220.25077128901728 1.475877 1.6055709 3.8910625 -12.882188 1.4560373 31.8362 1.5904893 17.76864622872777 
Car -1 -1 0 177.98064099784523 181.0416744282131 286.7640649574637 227.41448567606946 1.4383733 1.5447721 3.7897367 -12.492797 1.3089051 24.228516 1.6211267 3.5068154284572817 
Car -1 -1 0 377.9800519702784 183.96405353189525 442.6040906370549 222.85509780209574 1.5792949 1.6597487 3.5442615 -8.414704 1.5284679 31.004223 1.6226764 1.5227948843324735 
Car -1 -1 0 630.2272497359405 178.91578796755294 649.6385120364025 193.4361017263269 1.460752 1.534293 3.9785671 3.4135842 0.8269774 74.406685 1.7383232 0.8598574775114732 

