Car -1 -1 0 335.34791728650276 185.10807116352333 465.24505454509483 261.22937567575235 1.4275885 1.6111612 4.3455777 -4.3104973 1.42557 15.660845 1.5625867 77.88912768441168 
Car -1 -1 0 583.7485846745027 177.7543389075272 664.202537639142 252.7303413316095 1.5673869 1.6827867 3.341582 0.37277853 1.4114058 16.709686 1.5841427 61.679488024249125 
Car -1 -1 0 0.0 199.0021769476656 320.0858715755493 375.0 1.4253203 1.5287108 3.600933 -4.434661 1.6015674 7.389393 1.5707487 81.52953517922893 
Car -1 -1 0 0.0 187.16174919428732 240.49949239000202 281.71305231175427 1.3823829 1.6329019 3.8969336 -8.216558 1.4216249 12.543039 1.5759637 47.5513654714944 
Car -1 -1 0 189.13184717885022 182.8314480130641 293.1900782707907 227.44135637526745 1.3877388 1.5698512 3.874218 -12.235437 1.3135688 24.305592 1.5629654 56.17997398082742 
Car -1 -1 0 315.99734712470496 182.81820690750737 403.09582170485385 226.71261662017739 1.3817139 1.5872463 3.8804927 -8.351508 1.3062453 24.581236 1.5871879 12.575050802708489 
Car -1 -1 0 174.88456787567983 176.92912111235688 227.46424830049895 197.4892257687204 1.4751487 1.7132951 4.2447586 -30.274641 0.8806024 53.741463 1.5176336 15.185542878516083 
Car -1 -1 0 679.0580308041345 183.42852644756368 708.4836708797628 202.46554759201643 1.5649399 1.6524141 3.7229204 7.391757 1.4180253 61.12657 1.92886 4.737705709500164 
Car -1 -1 0 50.785663639902765 180.8990612069066 137.4818855171832 211.16885008437242 1.4513702 1.5876101 4.041786 -25.93235 1.2443969 36.506542 1.5473245 2.2852905630951335 

