Car -1 -1 0 633.7236132434999 187.52616938136276 673.8151325261169 221.04398386574303 1.5696682 1.6705232 4.2169857 2.2589765 2.3820157 37.807228 1.5286098 31.824857507037315 
Car -1 -1 0 870.901542770709 195.5628394992579 1169.9655464024786 300.95876409727566 1.4753802 1.5565324 3.779275 6.258641 1.8571153 11.294529 0.029951498 31.602670903478554 
Car -1 -1 0 754.6903658844633 194.65285219095844 920.9559213636132 253.77072994093044 1.4482725 1.5797573 3.9441607 6.046449 2.061385 19.337679 -0.08593504 55.81317239034935 
Car -1 -1 0 723.5981089710697 194.37021462072678 867.573988646371 244.79220912339335 1.423481 1.5892754 3.9877515 5.667376 2.1153705 22.20967 -0.10149829 42.65179046915872 
Car -1 -1 0 10.128917616438631 195.2961422522898 343.0471358573795 302.2441483329826 1.4703257 1.618575 4.146063 -6.479871 1.842752 11.12495 -0.019198716 59.40923796444026 
Car -1 -1 0 815.2833808769889 195.94514886752975 1031.8581848333365 277.8274672519909 1.4710118 1.551338 3.6152892 6.1089563 1.9550261 14.281051 -0.03763234 60.43973520340319 
Car -1 -1 0 128.84622399740636 189.9820410587547 377.9689439298588 278.5154198486799 1.5233334 1.6215283 3.9066148 -6.584709 1.8667252 13.606602 0.024908142 48.06468560525171 
Car -1 -1 0 924.2698227090236 181.84163820574133 1242.0 330.73763075194205 1.6397977 1.6138072 3.8683944 6.1928864 1.7626598 8.959487 0.050772265 59.405373884333706 
Car -1 -1 0 240.41201756531657 187.28793646565356 427.652057443337 256.41880939863745 1.6090604 1.6845623 4.0893507 -6.81256 1.9919631 18.170233 -0.06367893 58.01692850108174 
Car -1 -1 0 723.9510987646686 182.03242688153273 853.2303797056272 237.82964131594844 1.8002937 1.6803908 3.9479985 6.028715 2.1248736 24.55609 -0.06149137 20.218139452834585 
Car -1 -1 0 796.336642320612 192.14704412223966 980.8775474599616 260.90326201942406 1.4617436 1.5744925 3.7407339 6.478745 1.9417303 16.93143 -0.12797944 12.929495149640678 
Car -1 -1 0 434.30301407993653 188.73072856801178 521.7163511896224 221.37723130034502 1.4879599 1.5836594 3.8751059 -6.253908 2.266697 34.548172 0.026303025 13.63427398843157 
Car -1 -1 0 412.0341752718898 186.8401001610117 506.8019287537569 225.0882818568415 1.6191698 1.6075158 3.8559656 -6.6026397 2.2550287 31.976776 0.012063726 17.47016827592399 
Car -1 -1 0 283.6308587513198 177.02376269422456 451.8034915963694 244.70990341223668 1.8495398 1.6898056 4.2854266 -6.849557 1.9748633 20.758282 -0.038989343 8.349341203742751 
Car -1 -1 0 619.3862791642287 186.30306477382484 641.5386498300483 208.32163170528673 1.4741459 1.5577953 3.9300933 1.5321873 2.4939785 52.72504 1.602356 0.28498968482017517 
Car -1 -1 0 417.23793775771236 179.7093437362911 484.34096456666873 204.243513632406 1.5029175 1.6123501 3.993061 -10.021749 1.9471161 45.755157 -0.09797259 0.2765571177005768 

