Car -1 -1 0 716.7573729055637 178.7943482504709 847.2906298845991 273.9831874960597 1.4725037 1.606934 3.9793062 3.0277 1.5996765 13.430153 1.606085 136.9939906545694 
Car -1 -1 0 299.99812653218635 184.01341996168387 425.6967551150727 258.29192643577943 1.5783448 1.6764073 4.144304 -5.9894576 1.889607 18.04171 1.5847666 89.13850677003805 
Car -1 -1 0 887.4860985625204 148.2794769898818 1144.2837607037382 225.22495904035597 1.5501912 1.7278166 4.5099826 8.543934 1.0550976 15.465568 0.029041646 137.3585863160804 
Car -1 -1 0 430.725929773571 181.7661105318774 496.46359378394584 224.06691695555588 1.5380545 1.6220942 4.0102544 -5.8082113 1.9234488 29.150772 1.6325231 27.496644519180894 
Car -1 -1 0 482.6596920416773 180.27096875678626 521.5808563924077 208.9086877594301 1.4566054 1.534556 3.753141 -5.8404646 1.8826542 39.56159 1.582361 9.115024741533105 
Car -1 -1 0 461.1141993507471 180.2484544826726 510.1785308757252 214.43051802469097 1.5095899 1.5753249 3.8466973 -5.8875065 1.8847446 34.657833 1.6049427 8.235683768541863 
Car -1 -1 0 738.67032739204 165.66296665881794 769.2970878598867 191.69623221699214 1.4501485 1.5709184 3.7185626 8.394729 1.0495813 42.14694 1.7185156 8.304255881801874 
Car -1 -1 0 1125.3184947463183 141.40920109451594 1242.0 182.9552053961042 1.514507 1.651228 4.1249857 22.082718 0.36822653 27.166225 0.018428458 1.071349926891429 
Car -1 -1 0 520.3848084132178 177.82270277690472 542.9353974766886 199.4987704055578 1.4951978 1.5601654 4.1422567 -5.6757174 1.8740172 52.879547 1.4833548 0.5355952562479557 

