Car -1 -1 0 141.2540959582796 194.86129778105814 345.240166578255 305.3357971890589 1.4424245 1.5476334 3.5461078 -5.79535 1.8598466 11.907518 1.5775061 109.6606984063331 
Car -1 -1 0 715.9180808499685 181.4446492835822 836.4742973616023 258.8067187016482 1.421679 1.5682 3.7621908 3.450179 1.6303084 15.604389 1.5197979 116.71225270450634 
Car -1 -1 0 354.15954381704364 184.78494947774416 462.5412993504558 243.4803028025307 1.4597529 1.6378754 4.117623 -5.692673 1.8413048 20.943033 1.6732246 79.14037898813122 
Car -1 -1 0 662.6192079260583 177.24393645774308 711.4064130962738 215.68228676631037 1.4745992 1.5733383 3.6516452 3.1525526 1.6679415 29.93914 1.5537648 42.447864727942644 
Car -1 -1 0 684.3975580842812 180.03931511881171 770.828173632599 235.732666356015 1.4337869 1.6194206 4.1801624 3.3572683 1.6668265 21.264221 1.5072932 31.956733112692515 
Car -1 -1 0 472.7688089156207 178.58545721966118 514.8943508975431 211.2034040202124 1.5175056 1.5447438 3.53294 -5.7159286 1.8172007 35.959602 1.5671588 14.030449181916106 
Car -1 -1 0 508.36392292516575 174.70371937543098 559.0054185003213 194.13968322260968 1.5888903 1.6465794 3.897217 -6.366401 1.7477711 60.610947 0.30184072 15.138972207373325 
Car -1 -1 0 103.31324740267807 186.78531221884296 243.17812631776323 232.18258810633253 1.4908037 1.5677896 3.8892627 -15.026974 1.9884213 24.97775 -0.005781435 1.1181240297076047 
Car -1 -1 0 654.0931743261823 174.4774836750617 698.6228940520961 208.0233213444719 1.5576982 1.5224514 3.2114017 3.226769 1.6410425 35.354618 1.448084 0.26295098662376404 

