Car -1 -1 0 756.4643627003647 187.6115194095352 1103.5572981140342 375.0 1.4188972 1.6713852 4.2763615 2.7754462 1.6141802 7.4081335 1.5727643 99.60201993307717 
Car -1 -1 0 749.0559326639093 177.39583548548876 872.9993850784516 222.4464127971103 1.443558 1.5753775 3.6912258 6.6946044 1.6013931 24.186853 -0.054809045 42.916965613904615 
Car -1 -1 0 774.7638536552304 178.4242965542724 979.3351875500865 244.15554436485033 1.4343107 1.5962348 4.137477 6.070296 1.569258 16.68015 0.0009120241 56.99373040676254 
Car -1 -1 0 264.9746819488841 169.00629659634498 451.1265401248575 227.11847379330115 1.4475945 1.6346496 4.3185177 -6.4682026 1.3517468 18.898413 -0.05020612 45.384348297519814 
Car -1 -1 0 330.26957236343463 169.7735929205479 483.09397813242424 221.2446898408002 1.4588367 1.6102923 4.075401 -5.900969 1.3715291 21.311054 -0.027380953 42.7702668571186 
Car -1 -1 0 0.0 169.82860861883967 344.65967350669456 305.2261055655749 1.4775372 1.6370513 4.2066293 -5.6179266 1.4445223 8.762563 -0.03359849 109.96541541151872 
Car -1 -1 0 733.6957813304643 174.47707022174106 847.0533237072451 219.64891352357398 1.5942065 1.6185542 3.7251732 6.5469327 1.6554174 26.368305 -0.01827331 21.898606489857826 
Car -1 -1 0 397.7027728161923 170.04526976167108 511.5356025315487 213.18424593206376 1.4998107 1.5736368 3.7377152 -5.5011544 1.4021596 25.897873 0.013624037 30.97031765116075 
Car -1 -1 0 856.29350981882 178.8742326526389 1123.401344535019 271.6286173329809 1.4377147 1.5751487 3.7339506 6.3207135 1.5494835 12.357275 0.13889351 37.12030490221023 
Car -1 -1 0 693.0447045900196 173.57807436591918 772.2487184093249 204.62393766178687 1.5186605 1.6600142 3.7090402 6.127692 1.5558512 36.198025 0.017624263 13.192057953341148 
Car -1 -1 0 412.08019820041 163.0399262075259 513.2597949933693 203.51041672366733 1.6824735 1.6468815 4.0515947 -6.2307706 1.2744744 30.926685 -0.053356756 12.614466305029644 
Car -1 -1 0 634.8768359967871 171.53556123440035 661.8712637126524 193.9121573206918 1.5130541 1.5804286 3.6581216 2.690605 1.4239041 50.642975 1.5376441 3.706082741203153 
Car -1 -1 0 476.26420585353327 169.20329662162945 548.7126491086666 194.4956997105413 1.5229223 1.6092966 4.1633697 -5.951581 1.3031036 44.458256 0.10206899 3.426273017772083 
Car -1 -1 0 411.6612902486985 169.39220730661603 518.030465616163 208.39522025944274 1.4965435 1.5972571 3.8493538 -5.693728 1.3637146 28.627766 0.07596983 0.7349249389974074 

