Car -1 -1 0 456.28826152411006 176.81022503871466 494.5141604290734 203.84902919763022 1.6965384 1.652421 3.7076478 -8.941141 1.9702826 47.896046 1.1443658 42.98292927498255 
Car -1 -1 0 819.260882031142 184.2945077391921 1170.9681172256799 320.4727390932104 1.4885381 1.5756254 3.545425 4.613227 1.644567 8.939465 -0.06487146 117.23653795046472 
Car -1 -1 0 757.7277171621683 187.84294521977984 1039.9683482385287 289.61825209898024 1.4360688 1.5499282 3.7777026 4.3661675 1.6867393 11.244943 -0.02494603 44.65530029482461 
Car -1 -1 0 0.0 182.13552759481925 257.1667598453084 298.44167103472165 1.4948411 1.6399848 4.074927 -7.471763 1.6386766 10.298163 -0.031367596 111.4374833565507 
Car -1 -1 0 1028.2571522116434 182.50562349050065 1100.8024256651695 208.85943448023414 1.4880586 1.6957467 3.7808447 27.784086 2.1060338 44.201492 1.418402 30.537573680865794 
Car -1 -1 0 0.0 179.0458993575105 270.6523346677486 278.5503567505677 1.5750563 1.6510961 3.847001 -8.2342415 1.6927094 12.632676 -0.13525008 29.80867554317773 
Car -1 -1 0 1144.373441376418 187.89237914523704 1201.503772809754 228.64756866931862 1.3887283 1.550121 3.9821188 21.966969 2.0159788 28.083263 2.285112 16.005798676453256 
Car -1 -1 0 94.95008711776742 172.3789706294413 317.1680149158894 260.04317575163043 1.7050978 1.6593397 3.7539148 -8.320877 1.6958582 15.200544 -0.18832742 36.368171307911766 
Car -1 -1 0 358.3873347996992 174.54228127220242 392.9579653180024 204.4803903453747 1.6035454 1.6022384 3.636479 -13.27696 1.7037913 40.85709 1.1846251 8.677983436655694 
Car -1 -1 0 174.74892159987897 177.0077948513232 352.15475276610607 244.7768332093446 1.5474513 1.5776261 3.6532364 -8.370577 1.6560466 17.738646 -0.1932948 6.249684746821652 

