Car -1 -1 0 283.0368175558064 203.9695798141592 458.3510336734655 323.89383229506933 1.4756923 1.6737074 3.9444573 -3.6992412 2.0750437 11.905549 1.5454751 120.57466559743408 
Car -1 -1 0 712.4668746655974 193.37049488277998 881.7334630182988 327.1104933773402 1.5696069 1.5625415 3.6444871 2.6104374 1.9305184 10.861407 1.5589508 87.17874006020689 
Car -1 -1 0 671.6257417464191 194.67223886543394 777.8227230194294 274.0002069679607 1.4655138 1.567649 4.398517 2.5218024 2.0409513 16.79465 1.5213742 74.65712605316882 
Car -1 -1 0 804.4773858602596 197.84247472779325 1210.823546772825 375.0 1.5503368 1.575452 3.3197594 2.9850147 1.8250436 6.238615 1.5259951 99.51420018394748 
Car -1 -1 0 392.97210580979834 201.77652888178423 498.3028062853201 275.23084190932343 1.4171096 1.63637 4.090539 -3.8437366 2.2036264 17.576145 1.5708247 58.57791814953897 
Car -1 -1 0 470.0850161896534 196.77217845441294 525.8182521423684 241.96280002389267 1.4930626 1.5552555 4.082269 -4.2596607 2.4906552 28.049124 1.565566 14.833906707255302 
Car -1 -1 0 650.0968112122338 192.60231421371896 702.6009653351173 236.40273031543728 1.5246613 1.5804145 3.6018553 2.5843742 2.358037 28.611069 1.5214502 19.58566564968025 
Car -1 -1 0 618.1031875739083 192.427105164549 655.5916831881138 217.36018279480217 1.553294 1.5966089 3.643076 1.8506737 2.9630294 50.002495 1.3105266 4.228378205516309 
Car -1 -1 0 659.8259899335895 192.7315111077776 731.7732323453498 248.79027072599598 1.5040491 1.6039169 3.953269 2.6294944 2.187866 22.805431 1.5174567 7.343399556224109 
Car -1 -1 0 439.69411671449603 198.86618103456362 505.1380107834987 253.55235830791173 1.4819589 1.5226816 3.6356235 -4.316284 2.382906 23.148426 1.5370586 1.3214542352616339 
Car -1 -1 0 587.0199609271544 194.3406711613024 608.8298332575869 212.72417684921757 1.473604 1.5789691 3.9103625 -1.0699754 3.458455 64.62051 1.4569327 0.2950232923030853 
Car -1 -1 0 820.1740576874475 177.58162009899507 906.0523201451673 208.02387693743117 1.4667416 1.5564564 3.7918549 12.608084 1.7093054 36.04415 0.107081115 0.4873094873184553 

