Car -1 -1 0 478.3628733539058 187.64886390233644 613.2027291442583 268.8059103844049 1.3864075 1.5870596 3.8388243 -1.4699664 1.7397211 15.156625 1.1279614 121.63060648244303 
Car -1 -1 0 378.5134994704387 180.30830736832695 434.3881733968066 220.63148131340208 1.4569017 1.5995659 3.9978616 -8.225961 1.7788988 29.01633 1.1507381 55.422362942594326 
Car -1 -1 0 1057.0339293376271 153.59246963490807 1242.0 240.92828340685307 1.3686577 1.6914095 4.097393 9.916107 1.0668062 13.517833 1.8891684 84.70869773502967 
Car -1 -1 0 184.38616068114942 186.1941006234434 227.91513427060656 217.11284169713264 1.5358661 1.653163 3.9753594 -22.216236 2.3124697 39.852154 1.1760199 15.664126547786173 
Car -1 -1 0 0.0 199.80555681829054 129.60412480498886 310.7615376773419 1.4573028 1.6253674 3.824806 -9.5719385 2.0036683 12.555191 1.0929606 71.1738323626782 
Car -1 -1 0 939.3363348850116 152.61837580306775 1055.9036783158465 227.8017804703769 1.4064498 1.5489491 3.4099035 8.108139 1.0279036 15.354709 1.867807 36.48696418641481 
Car -1 -1 0 364.0121291669272 179.40966312775777 409.80981880718133 214.60864899025327 1.5236843 1.5913385 4.116863 -10.620654 1.8549706 34.25857 1.1501912 13.810934020096992 
Car -1 -1 0 562.3792567742697 165.69249492605707 651.1439301221466 204.32465476180403 1.6134682 1.6193669 3.5541468 -0.10343996 1.3143685 31.396175 0.27460313 47.30472386771873 
Car -1 -1 0 500.85340653863005 175.18800081631628 585.222217212229 206.40387711501577 1.5462822 1.5733126 4.043211 -3.3860881 1.6695796 37.011585 0.16332582 2.030976843305118 

