Car -1 -1 0 740.4222336396557 182.18340635695768 907.8321819221263 284.41601378861634 1.4199789 1.5966998 3.7067757 3.4335456 1.6028339 12.254259 1.5252973 130.65825389654262 
Car -1 -1 0 0.0 201.61560294258783 262.7571855316951 372.9126270323219 1.4890245 1.5715274 3.600845 -5.8046565 1.9079692 8.695671 1.5527228 112.14685734812754 
Car -1 -1 0 304.5132480502002 187.3493678082352 438.77606085065537 259.03177929024116 1.4627035 1.636973 4.1333313 -5.6556053 1.8613286 17.71335 1.6563841 106.2640344846608 
Car -1 -1 0 668.0906533120839 176.91190446277474 723.6501170630496 219.8799709037854 1.457152 1.5360644 3.5678294 3.1155438 1.6169615 26.612743 1.5450797 60.8222857114122 
Car -1 -1 0 696.0575007677198 179.92194685521366 797.6684404287014 246.93285771673936 1.4483019 1.6230615 4.030342 3.3000464 1.6454093 18.074202 1.5284777 61.108664850477844 
Car -1 -1 0 458.0546133338372 178.86234781544988 506.1643185186091 214.23740060366026 1.4873838 1.5333925 3.6092384 -5.7264805 1.7752304 32.759605 1.5748109 27.854289806988778 
Car -1 -1 0 659.4104729015759 176.00803799975125 705.7895216904668 211.84852926747797 1.4993052 1.4836056 3.2549117 3.2058468 1.6472652 32.164288 1.486707 14.991866841818648 
Car -1 -1 0 11.38693443515924 190.98301250138866 183.428229175616 245.07823747055636 1.5167052 1.6230438 3.9819288 -15.311951 2.0849233 21.722036 -0.041356638 17.400449786058065 
Car -1 -1 0 488.41501017355444 180.04266572709807 527.6415473426962 210.02365839350514 1.4663539 1.5273826 3.4126053 -5.2774277 1.8603857 37.83172 1.5862398 4.255810976748868 

