Car -1 -1 0 449.58298982905364 189.78755371382056 581.7227854990914 269.6855655369647 1.3985145 1.606616 3.9168098 -2.1603432 1.8148832 15.632502 1.095632 119.27868599245309 
Car -1 -1 0 348.3141776940961 183.65475707682603 402.95909260052696 222.96078801465853 1.4124067 1.5839126 3.696455 -9.464159 1.8771569 29.039206 1.1150107 60.50566032192885 
Car -1 -1 0 1001.2823264262963 157.63671970981824 1175.4488110195707 240.10434303583077 1.3961093 1.7258475 4.244744 9.342954 1.1384932 14.493834 1.8532963 79.7918401776682 
Car -1 -1 0 146.64465928003185 187.0790972448368 191.49227725485733 219.10117305754125 1.5685648 1.6677195 3.9203868 -23.965055 2.386592 39.363876 1.1327746 23.091532990270284 
Car -1 -1 0 886.8855638133582 158.73187919112908 994.0828235159074 229.7378847731952 1.4189835 1.5627006 3.3483133 7.3084497 1.136767 16.22808 1.8025876 48.856258131087486 
Car -1 -1 0 528.8566560952885 167.8044337286056 617.1326780828738 206.55588892587164 1.6483734 1.6266898 3.585132 -1.5935291 1.4335794 31.898851 0.2339546 43.91980267482096 
Car -1 -1 0 331.14396926897314 181.05192526569343 376.8862835021353 215.74880262334875 1.4937595 1.5894517 4.237163 -12.225861 1.9099798 34.380737 1.1180491 8.286828230014027 
Car -1 -1 0 458.16950428068367 178.59267579230684 540.7041230443887 208.9838610389988 1.5199063 1.6136866 3.9527545 -5.6969724 1.8267832 37.533253 0.12726063 2.0494929935118473 
Car -1 -1 0 509.6015007389419 173.52528843305615 595.5334577809365 206.57511545261235 1.5433316 1.673934 3.9205046 -2.6980891 1.576503 34.693718 0.0641717 1.0301554109193956 
Car -1 -1 0 590.7332786752569 141.0523836071284 943.6195670993 361.40642914880686 1.94363 1.7659568 4.485204 1.5203745 1.6631242 8.76524 1.108099 1.4963302284465219 
Car -1 -1 0 312.30108365259247 177.96760057794972 334.0668926790003 197.12787843547835 1.5122372 1.6133587 3.56287 -23.760754 1.95087 59.94062 1.211932 0.9860842837404334 

