Car -1 -1 0 713.3123800779646 173.47492105623485 883.2636130910391 294.6069282166263 1.6781056 1.6289859 3.939971 2.9183455 1.6901817 12.024764 1.520655 127.40972246305104 
Car -1 -1 0 694.1267266873259 175.49550977337427 761.2837846069577 205.55169527267944 1.4603243 1.5101278 3.5715008 6.0562744 1.6039944 37.31964 1.0487552 35.59642034170391 
Car -1 -1 0 287.1448865337299 183.21766781671897 467.92438967776394 243.48761954573868 1.4720356 1.6226512 4.2133064 -6.0046253 1.7577915 18.92554 0.07618819 41.354647376214736 
Car -1 -1 0 619.1581852757847 174.29873624220517 650.0528925795286 197.37358047854693 1.5185018 1.5777143 3.741597 1.6866049 1.621875 49.677147 1.4535726 21.928095932309827 
Car -1 -1 0 305.5886236973293 180.38780075326503 454.4428073195077 233.98282179990525 1.487273 1.6010147 3.8835878 -6.734703 1.7209935 21.349037 0.12436039 8.849210745461434 
Car -1 -1 0 232.52759548976306 172.00899913922743 412.9798506987195 251.22587953095126 1.685652 1.5608191 3.4249973 -6.3468056 1.6676712 16.193577 0.035092086 10.229425586216049 
Car -1 -1 0 605.4966462571041 172.9792082357028 631.3875179726065 192.16718609424984 1.5152245 1.5897183 4.0385265 0.6934575 1.5258456 59.107018 1.4475863 1.3684241390204495 
Car -1 -1 0 133.86682435760667 175.9857960307669 364.08293731231265 264.4845167984546 1.5815659 1.5502452 3.61122 -6.7449255 1.6446276 13.739685 0.007802152 4.629182940912543 
Car -1 -1 0 366.4268472964369 175.49549747288293 478.5039484790038 215.84479224380027 1.5354185 1.618921 3.9845545 -7.303787 1.6424556 28.401978 0.013234002 1.8699839048818587 

