Car -1 -1 0 705.3196589063876 187.50219469162843 823.7292178601057 270.0677909989049 1.3857793 1.5375559 3.4267757 2.895387 1.4353609 13.874131 1.5715127 82.67430902057974 
Car -1 -1 0 29.690811747560566 182.86350230505514 254.66110399233077 281.4093978139161 1.5089496 1.6261727 3.8611405 -8.076515 1.4729325 12.956853 1.546673 115.90770587557185 
Car -1 -1 0 262.53157003527156 185.99649235391607 450.6269605203278 298.55656437851366 1.4569035 1.6091642 3.8149948 -3.6686378 1.4711828 11.238747 1.5712708 89.2567899669963 
Car -1 -1 0 653.9445228430391 180.71530511427142 710.4186186321209 221.93752090322303 1.421795 1.5840963 3.971513 2.718757 1.266572 26.80148 1.5424274 59.218994735143184 
Car -1 -1 0 441.79780084938875 177.8432296734745 512.8204796141664 234.814726142783 1.6024582 1.5791372 3.271142 -3.8683724 1.3950901 21.857893 1.5672442 96.4072061638179 
Car -1 -1 0 481.149513355491 177.88590069109634 534.4377773920576 216.75490091769964 1.5145015 1.5904554 3.9651473 -4.0768347 1.2289014 30.01009 1.5938846 27.809904406605995 
Car -1 -1 0 381.4667622312478 177.94862099315438 443.38926469584675 215.67490823575318 1.5396428 1.638284 3.7298136 -8.37657 1.243067 31.211876 1.5829601 20.390652999259856 
Car -1 -1 0 584.8011378988119 177.03568743978553 609.5076503792758 199.34348834808668 1.5198255 1.6691623 4.0509634 -0.7468746 0.96252316 51.028877 1.5358844 9.042840339539676 
Car -1 -1 0 270.3233442667454 182.18199042662633 368.3247949692775 236.25412225453107 1.4382584 1.5148485 3.4056742 -8.226198 1.3575652 20.833767 1.5571716 12.236238577245512 
Car -1 -1 0 434.7418936315524 179.7506038502516 473.1490215000226 206.71995657277685 1.4783856 1.562801 3.9344578 -8.774454 1.1788042 41.41064 1.519163 4.102703547076859 
Car -1 -1 0 457.63636924371906 165.40303974157493 491.20805486625824 187.65212888195913 1.4744103 1.6082635 3.9418359 -9.11717 0.16145822 49.612545 1.5655028 2.523413387362928 
Car -1 -1 0 622.1058554396784 177.31718076037598 651.5723851239771 198.21114329268144 1.4983623 1.5989518 3.5869508 2.1693306 0.93193835 53.433372 1.4402766 0.5106511458653163 

