Car -1 -1 0 804.3260489616591 190.61480300296927 1009.4622014784795 266.50074071791073 1.480648 1.5716339 3.6832175 6.1658416 1.874985 15.233303 -0.000507656 46.15226146752071 
Car -1 -1 0 719.3252668490203 190.2635836748675 859.5130449133949 237.95965149220848 1.4189796 1.5923495 4.0729895 5.7228794 2.0024812 23.18789 -0.099870965 51.56275613521597 
Car -1 -1 0 157.3140434643042 185.70759898004934 392.97930732186387 266.6908216268567 1.5138234 1.6359663 4.025887 -6.6533847 1.7897987 14.627084 0.023379639 39.538228756534146 
Car -1 -1 0 847.8660672363202 191.04798820226029 1112.3757041257584 287.9803959662475 1.5022312 1.5565891 3.7008681 6.163356 1.8323479 12.287874 0.013880436 32.53824187103491 
Car -1 -1 0 64.39750296191114 189.88275707369627 362.5351381359558 287.93828921995043 1.4796375 1.6153767 4.0752134 -6.4332447 1.7840203 12.041201 -0.023837134 57.91985728362075 
Car -1 -1 0 901.568652759373 182.32152312883818 1242.0 311.2749125771979 1.5750648 1.5894259 3.892758 6.25499 1.7165169 9.863955 0.06337045 67.06675944421167 
Car -1 -1 0 264.1753826067326 181.04992377845923 438.7441827200684 247.96696284700403 1.6551516 1.6763235 4.0613494 -6.7127457 1.883723 19.108835 -0.08817366 53.79547139609357 
Car -1 -1 0 748.4298052064522 191.03437006475153 900.403098082708 246.22945673765963 1.4332021 1.545253 3.7883134 5.969196 1.96703 20.26461 -0.080157936 51.38035390562119 
Car -1 -1 0 0.0 184.57463452311248 266.7185225638902 312.1391934788164 1.5482409 1.6150002 3.8022368 -6.9233294 1.7205136 9.759048 -0.020493604 46.19531445100802 
Car -1 -1 0 719.1659034797216 178.77561869301874 841.7416133682686 231.72464073140873 1.7821645 1.6678352 3.89029 5.971625 1.9990534 25.46428 -0.06750702 19.779199042182903 
Car -1 -1 0 786.3630479238736 187.9979499019068 961.0272417144565 252.42591204436354 1.474586 1.5865066 3.740048 6.461166 1.8689569 17.86857 -0.06958088 18.43096469520175 
Car -1 -1 0 632.2312294452537 183.0057259025802 673.8722145040527 214.62188496733705 1.5392144 1.6630285 4.3388457 2.2771173 2.1161904 38.782936 1.4954363 22.212055442710707 
Car -1 -1 0 424.45329287755106 181.97472671760877 514.4645931860924 218.4810181664195 1.6020906 1.5928972 3.7751987 -6.3527093 2.029494 32.952915 0.033297066 16.110566607016963 
Car -1 -1 0 440.23291105729805 184.2310714716314 524.9652258666653 215.9749656345779 1.4973212 1.5911152 3.8619432 -6.205299 2.0707831 35.50966 0.03334971 10.097212352270464 
Car -1 -1 0 300.3601367349864 170.0596830964439 462.8486209128045 235.10122937975453 1.8740253 1.6801809 4.36788 -6.752953 1.7935133 21.699062 -0.032021843 0.5049216757929671 

