Car -1 -1 0 750.4697075781874 183.39446838044998 939.9800166768149 294.5461352552562 1.4329967 1.6355686 4.206865 3.5905595 1.6368481 11.829832 1.5439551 112.86425343526486 
Car -1 -1 0 335.45849527640195 186.97469634320498 463.2545948045607 261.35993100656435 1.4348958 1.6536616 4.281569 -4.7354136 1.807895 16.8991 1.5952685 77.4468252221823 
Car -1 -1 0 194.47253474117917 190.6083621909783 397.9822275327138 307.8462800711098 1.4797671 1.6193869 3.7935634 -4.760628 1.811357 11.578792 1.5704838 121.62192007103513 
Car -1 -1 0 490.0543160678127 179.21002116742915 538.3477674614568 214.84054890408908 1.5066965 1.5568784 3.3504934 -4.2868958 1.8112216 32.84781 1.6354061 48.6367281677068 
Car -1 -1 0 860.7210424467745 189.2978407273581 1242.0 375.0 1.4428508 1.5854325 3.6339886 3.7080574 1.6354954 6.6244593 1.5856609 83.70567346516054 
Car -1 -1 0 717.48436745336 179.9545813418833 823.3834854886613 253.73464984670213 1.4969182 1.6411569 3.9385512 3.644138 1.6835932 16.994335 1.5777946 62.166917672565305 
Car -1 -1 0 705.525669766242 178.77221011767077 773.9158738690355 233.617332217982 1.5361402 1.6178308 3.60012 3.9606993 1.735204 22.437151 1.6127036 36.74294669525253 
Car -1 -1 0 690.1652360593675 177.97819420333084 747.2182138674609 220.35296710190957 1.4971364 1.5717046 3.9537148 4.1508546 1.7097886 27.958145 1.5597308 25.66717898313293 
Car -1 -1 0 510.82728927843954 179.47981159357354 552.3053542491235 210.10666635363174 1.4729555 1.5555893 3.758126 -3.9953163 1.8344679 37.449684 1.6248248 11.27813702618459 
Car -1 -1 0 1129.003724270077 171.87106422214134 1242.0 222.74418723050434 1.4411807 1.5741873 3.5374062 18.213167 1.4133351 22.280626 1.4678226 13.006903330600904 
Car -1 -1 0 1093.586563364046 161.0698027941182 1242.0 240.84716728768225 1.4754395 1.5390899 3.3233929 11.943169 1.2574971 15.015102 1.5825807 9.399693534492284 
Car -1 -1 0 595.4537797830354 176.34322838892314 641.4034084401849 191.21952068264474 1.4472497 1.648614 4.5015 0.9024612 1.7978121 71.56235 0.04764213 8.26385747621534 

