Car -1 -1 0 278.7413490611941 191.03294065527214 417.1890543483186 270.65792961462097 1.476011 1.6284232 3.992502 -5.719572 1.937309 16.3008 1.5861492 78.9307973208991 
Car -1 -1 0 372.48251432494106 187.14212664078798 459.70627556047083 242.76671246520746 1.4516584 1.5620186 3.8382185 -5.7158723 1.9204974 21.748278 1.5819291 68.03043018597553 
Car -1 -1 0 790.6524833861732 155.0296992901312 915.1205090711582 195.02698941292908 1.5143661 1.6905584 4.326894 9.453353 0.83950734 28.277164 0.05290779 57.59915884714006 
Car -1 -1 0 416.75691775532255 185.5207878226444 486.1519590901337 229.6592819534071 1.4369435 1.6105841 3.849697 -5.7273417 1.9373052 26.554821 1.5996368 30.09210593777473 
Car -1 -1 0 491.0642858915918 180.6346549993292 532.1123223608748 210.63967698893046 1.5363632 1.5964539 3.973637 -5.3764315 1.9894989 40.006012 1.608455 15.145363153206103 
Car -1 -1 0 457.1545731494871 182.19206297044744 510.7139078027444 218.6808144985608 1.4888415 1.611302 4.127515 -5.5979943 1.9375409 32.588337 1.5941192 13.442416384089864 
Car -1 -1 0 1151.8063935674463 133.40569297368813 1242.0 178.86976699895257 1.6696169 1.7131302 3.9664946 23.190264 0.22092213 27.368664 -0.007291617 18.589172421249643 
Car -1 -1 0 1042.8889359649822 143.36814200521894 1144.6635908552284 174.77446646765137 1.5124793 1.5847945 3.968328 23.814842 0.09248646 35.567245 -0.013505391 12.272595625172883 
Car -1 -1 0 792.253726086356 155.36960094520398 897.549019880459 192.5137457431755 1.5313356 1.6461658 3.9720721 9.941452 0.81050897 30.690804 0.06175609 3.5742430600175874 
Car -1 -1 0 659.8651855982101 172.49946272727965 700.1406816947789 206.63900416665143 1.5273509 1.5488124 4.1063824 3.2951317 1.5114893 34.340042 1.5790956 3.3393147757169928 
Car -1 -1 0 755.2040631349496 161.78289627828426 812.7336236135554 195.03884602898066 1.4874403 1.5815401 3.7727337 8.196423 0.9922624 34.20994 1.4998264 6.346867815842677 
Car -1 -1 0 1106.5864670516887 139.81290787326796 1241.6237205822567 177.45369737562396 1.5289443 1.6610112 4.295009 23.560116 0.18683654 30.220985 0.038521964 0.30272521293868554 

