Car -1 -1 0 364.8844902495937 201.93235189437263 485.3480472837621 287.7914407882882 1.4964759 1.6910563 4.1705747 -3.9400353 2.229937 16.099285 1.5523771 118.82096697880611 
Car -1 -1 0 727.2048289097394 197.66028634484118 910.4850562928611 333.44893390504654 1.5427455 1.5773059 3.2897928 2.8396924 1.9612839 10.492923 1.5224882 89.02023372741033 
Car -1 -1 0 673.6125288419821 193.66399029378783 783.6143687807523 286.4494203032812 1.5966842 1.579437 3.5787935 2.3492637 2.0831838 15.050123 1.5327876 73.86517353967648 
Car -1 -1 0 651.6279468247935 195.9950552477203 732.2396656577836 257.31407663506786 1.4478111 1.5925617 4.4163704 2.2755399 2.193129 20.987392 1.5113204 41.58090352030256 
Car -1 -1 0 423.18967303852185 200.14429512581148 503.02907896336916 259.57371718832087 1.4587288 1.6321657 4.086828 -4.2819133 2.355662 21.657127 1.5535145 25.92516194743974 
Car -1 -1 0 637.3299892754931 193.13311110111798 679.1450423983497 230.5599279774331 1.4990053 1.5239149 3.6217227 2.15635 2.470486 32.72792 1.5339532 5.340340113793924 
Car -1 -1 0 484.03326967164907 196.82929021932287 522.7199240712329 236.62037037065136 1.5191653 1.5155632 3.8830938 -4.6513824 2.6482527 31.97291 1.4716034 2.3551100168142636 
Car -1 -1 0 609.9359949554175 193.33691452921772 641.0086013771873 215.69593891857053 1.5063373 1.5806427 3.939375 1.1633714 3.112585 54.50196 1.3886807 1.3328046530808344 
Car -1 -1 0 781.0845904818867 176.87223651411858 859.1264379056382 204.04422957585027 1.4682117 1.5937002 3.9599214 11.699412 1.6980679 40.278267 0.10293905 0.5987365904582084 

