Car -1 -1 0 230.58389153436394 189.43899380738608 418.98334594946795 295.45819355719874 1.4685459 1.657165 3.9310198 -4.719804 1.8038471 12.601625 1.5960529 101.83604063780251 
Car -1 -1 0 495.72578262313016 178.5134697685512 541.8638019768129 213.28371070320446 1.5208924 1.5278288 3.4060864 -4.209294 1.8003697 33.88094 1.637605 40.025519114259595 
Car -1 -1 0 741.2057528932874 182.0691278990998 909.3732619799897 283.2610000269509 1.4482186 1.6448939 4.2309203 3.5973222 1.6395665 12.848697 1.5479277 109.66340892499304 
Car -1 -1 0 359.30756745853057 186.3614987630441 471.69192464448923 254.48693624590757 1.4198775 1.6368773 4.156745 -4.667525 1.7950534 17.953558 1.582021 70.37971129382505 
Car -1 -1 0 834.5334566676029 187.44452787003672 1161.9258497835049 375.0 1.4453845 1.5896996 3.6162379 3.7147036 1.637272 7.664591 1.5922096 94.2440806932376 
Car -1 -1 0 713.5196772905439 178.3020067553275 809.0036797007964 246.47286511688503 1.4846375 1.6169635 3.948429 3.6570163 1.6357028 18.01936 1.5880282 55.818253947250874 
Car -1 -1 0 702.0983453133591 177.7374982916478 770.3864269389128 228.27816067450388 1.4883348 1.5924294 3.7711287 4.037492 1.6602349 23.506008 1.5793293 30.538062447437927 
Car -1 -1 0 1109.375114244805 172.1049941855627 1242.0 220.19481993826324 1.4351752 1.4956865 3.4304447 18.201855 1.412822 23.316984 1.4666445 12.994948334550003 
Car -1 -1 0 688.5249581306139 177.6098706840175 742.6150656295388 218.2044332552815 1.494967 1.5899984 3.8136728 4.179257 1.6982523 28.930576 1.5656302 6.159444534790463 
Car -1 -1 0 590.0858323899478 175.36523113332763 636.6375446387383 189.92747380686262 1.4391694 1.6888772 4.600232 0.4054786 1.6953553 72.62777 0.059969846 9.764652265450325 
Car -1 -1 0 516.7266859546926 177.49705361024462 554.9089743844986 207.24880083389547 1.4888033 1.5427077 3.7300894 -3.8948574 1.7492613 38.5859 1.6041216 2.062275174533141 
Car -1 -1 0 951.8508701003831 172.92620987583 1016.5883828921541 206.0237487317782 1.4946404 1.5876945 3.4537938 17.77753 1.4982623 34.392353 1.6761836 0.7434412381718591 

