Car -1 -1 0 262.4974618323197 184.9224055419799 371.37017144867957 240.4650710758927 1.4374664 1.6088306 3.722983 -8.123712 1.4298759 20.468899 1.5668923 61.89916761729636 
Car -1 -1 0 467.75580467418774 180.6082534311336 526.5866563777698 224.56910894584567 1.5252521 1.6322355 3.6471481 -4.0217543 1.3653936 26.764782 1.5707912 66.70599587447398 
Car -1 -1 0 340.49565912497854 178.4981651701918 492.86313003721847 283.51667649853795 1.6000843 1.7077756 4.384749 -3.2540607 1.4977345 13.161831 1.5505795 88.18246366403915 
Car -1 -1 0 0.0 182.12892080729787 200.42082421340686 321.0166727432488 1.5968106 1.6375167 3.8157847 -7.641356 1.5613215 10.1833935 1.557497 92.25053469356256 
Car -1 -1 0 94.1871323940183 183.58454554353995 236.15036836028284 239.01276207836645 1.4659183 1.6272013 4.1768923 -12.771786 1.422779 21.107004 1.562264 67.27266292472507 
Car -1 -1 0 561.5793381287053 178.51935069868426 606.7275534972696 220.46976044533784 1.5258296 1.6428014 3.3893006 -0.88716865 1.2822685 27.864155 1.5417831 25.45976719700347 
Car -1 -1 0 239.2250755754164 184.07830591975 320.04841201033656 223.82227474662108 1.4391515 1.6098917 3.523973 -12.57445 1.3979659 27.816303 1.5397534 16.78662195218719 
Car -1 -1 0 511.9942210799582 179.28557907236578 549.4412213439455 208.47293658604417 1.5021565 1.5987133 3.879208 -4.0921774 1.196957 38.93991 1.575406 9.45999915246094 
Car -1 -1 0 391.06271513738557 167.87991826340277 443.66184234953965 203.70659682413427 1.5463705 1.6374214 3.4760828 -8.597752 0.7981142 32.80438 1.5208813 3.1151051446597373 
Car -1 -1 0 343.6905327786961 182.70899453341661 400.2277662100856 224.89010321638443 1.461927 1.5406727 3.742974 -8.723457 1.3750489 26.896404 1.3838562 1.4362127324099279 

