Car -1 -1 0 713.9560044579825 188.17334696117985 838.8947785554678 279.50286672521236 1.3940451 1.5313292 3.4975805 2.8740315 1.4542797 12.863794 1.6082041 88.17554015493205 
Car -1 -1 0 270.45976110878826 186.00298274489907 454.50676609629653 295.879881274526 1.4612201 1.6324989 3.8417213 -3.6724558 1.4759312 11.509892 1.5727979 100.85939999237036 
Car -1 -1 0 659.550936594084 179.9420467856013 721.6049877034271 225.26799516665955 1.4421906 1.5838639 4.016697 2.8026986 1.2743925 24.901129 1.5445828 57.453158952844994 
Car -1 -1 0 114.06909558160285 178.24927231232252 291.0602281104427 265.11403386429697 1.5671033 1.6353633 3.7387187 -8.131695 1.4414239 14.860369 1.5425788 86.84276574718184 
Car -1 -1 0 448.36245104573385 176.89675498417196 515.6043471015203 231.8099932257363 1.5915992 1.6134644 3.2276118 -3.8371603 1.3504839 22.468607 1.5459323 74.02693543283955 
Car -1 -1 0 480.77445311466494 177.66494625577607 536.6378101450152 216.8529804965606 1.5425375 1.5925722 4.216361 -4.0902762 1.2453213 30.440977 1.6203501 28.40261496132459 
Car -1 -1 0 385.2022038613269 178.89019001935242 447.2475456306791 214.99164569426847 1.4948537 1.6676395 3.836366 -8.337896 1.2329333 31.695755 1.5852932 20.910631680936895 
Car -1 -1 0 586.0585890137257 178.00786533102098 611.707229762922 201.01236769234546 1.4869914 1.6220949 4.1233063 -0.5975164 1.0210832 48.557552 1.5323378 7.495606401113627 
Car -1 -1 0 437.25949900387604 179.44999118777523 476.77410557018925 206.16029810697793 1.4876219 1.5499921 3.7688324 -8.707196 1.1665027 41.928097 1.5613625 3.798189138739539 
Car -1 -1 0 275.8158404476728 182.1029869271527 388.3803249613408 233.91462076935244 1.4342825 1.4953284 3.728532 -8.233851 1.3481145 21.865282 1.7445531 4.5111456945493655 
Car -1 -1 0 635.285602095202 179.2844495316704 662.8300930910711 200.67177771903997 1.4003553 1.6146538 4.0499563 2.8207736 1.0120013 49.098988 1.5629925 0.45722952485084534 
Car -1 -1 0 460.29240206432604 170.14393466770312 493.3389211592044 193.83890874510823 1.5906204 1.6471753 3.6042087 -9.03753 0.5788677 50.058296 1.5709075 0.7905726356078436 

