Car -1 -1 0 733.3029407439122 186.78006417845594 973.0794709129941 273.52990726898867 1.4360559 1.6271987 3.8600383 4.390437 1.712398 13.29525 -0.11111954 129.18338649119846 
Car -1 -1 0 666.0433879809996 180.34994913564665 782.9407577583454 228.2394718524522 1.513922 1.6045785 3.5614586 3.7900128 1.7745689 24.10371 -0.105531506 53.49966086596234 
Car -1 -1 0 297.1244498401873 179.08963217805746 432.29561327737855 224.85547770687876 1.492434 1.6372225 4.1238537 -8.318508 1.715173 24.786097 -0.08338495 49.14778744173646 
Car -1 -1 0 66.51315770076216 173.83873060883317 329.59368520102856 265.8176144225492 1.693363 1.6779746 4.223 -7.985348 1.714314 14.328544 -0.08877394 113.1010273357769 
Car -1 -1 0 154.49963206123246 183.64255552227394 366.0809562155693 252.691575934977 1.4864984 1.6184887 4.1313796 -7.994808 1.7524116 16.810904 -0.08081458 30.647345876424982 
Car -1 -1 0 209.25494471038175 182.97845984087357 389.50618564153535 240.29313470032892 1.4706912 1.6080742 4.2074966 -8.329693 1.7572652 19.612183 -0.0033279634 19.00899205896963 
Car -1 -1 0 647.2364046902893 181.74625442242635 755.170452840057 224.03021193889634 1.4658399 1.5827035 3.6458015 3.3187094 1.8043938 26.455673 -0.12671117 9.078007667456186 
Car -1 -1 0 394.18622203828073 171.44777072351988 429.91004761061646 206.99376485387353 1.850686 1.5742165 3.7191312 -10.871914 1.7774711 39.583633 1.2169268 1.9838027701008374 
Car -1 -1 0 326.24210636185376 174.5052053465208 428.6878897864928 218.54517415409438 1.7146542 1.6228534 3.88341 -9.412902 1.7851083 29.488308 -0.2691589 4.215105374958172 
Car -1 -1 0 462.59917153256754 175.2228210647114 491.3704001538563 195.65999233294193 1.6945295 1.646787 3.334334 -11.436207 1.9045588 62.11557 1.1335628 0.5799068898739053 

