Car -1 -1 0 679.844079918985 172.6727661640923 856.3692051593507 300.9276903083993 1.6716737 1.6465251 4.2734156 2.2925968 1.6693114 11.590453 1.505406 142.59629605389586 
Car -1 -1 0 173.71432070157798 191.32525465248156 450.32754444494446 375.0 1.4487734 1.5469753 3.5492296 -2.8688345 1.6936741 7.7850647 1.5618963 130.4560115318677 
Car -1 -1 0 620.7733256642717 178.28980551176764 653.5473567453093 203.25229571461784 1.4659195 1.6278965 4.1677337 1.6921334 1.8243034 45.43654 1.5023712 16.52803069038031 
Car -1 -1 0 144.24952754616686 184.43841937329424 364.260479504675 262.5373683713152 1.4474716 1.5669689 3.6827111 -7.051615 1.6975629 14.617273 -0.09790133 72.57521071022688 
Car -1 -1 0 258.1460581444409 181.37254393494842 430.2656212601356 237.9735891515444 1.4377525 1.5734037 4.0468597 -7.032007 1.6761925 19.384449 -0.012488054 11.848147721041942 
Car -1 -1 0 292.16268873926913 179.2364431917719 429.51643106439803 232.26673911140284 1.5283442 1.577076 3.6101172 -7.4371953 1.7283249 21.798775 -0.011442419 5.844152558411524 
Car -1 -1 0 394.3459501856296 180.8978352300948 499.18628956711166 218.89938894038283 1.4869679 1.5799508 3.8996153 -6.603445 1.8256001 29.49149 0.04876236 5.886116394430577 
Car -1 -1 0 691.1113675673715 175.90812927810626 755.5710534002482 199.67935308423202 1.511559 1.6263106 3.8761349 7.4042425 1.7152598 47.130367 -0.09535311 1.7064606373575937 
Car -1 -1 0 356.2275778084489 179.83444475527293 464.4046807586657 221.71316300393363 1.4897215 1.5590998 3.6323903 -7.493677 1.7645168 27.231129 0.23011875 1.10558239442558 

