Car -1 -1 0 813.4123555391315 174.76009922277836 1242.0 375.0 1.5728463 1.5934924 3.6446354 2.9690635 1.5930724 5.828828 1.5640967 118.1211751521342 
Car -1 -1 0 237.3194312984377 171.991049635111 417.1037450413711 301.95507724370447 1.808782 1.5794545 3.787734 -4.4400015 1.7967718 11.955629 1.5450282 135.60878678697065 
Car -1 -1 0 701.3557270229592 173.44579774045437 827.628889262856 261.9389876971539 1.5298287 1.6255095 3.9083622 2.9373236 1.5433114 14.469278 1.5517137 130.47306449159947 
Car -1 -1 0 367.8584104021894 172.6622924402322 480.0847134808376 255.5169957357525 1.7599882 1.6419752 4.1860733 -4.318158 1.7559159 17.421783 1.5684237 96.39376275996362 
Car -1 -1 0 679.6535379359436 171.206348424589 764.6137575107144 232.7649352979432 1.5856745 1.6222913 4.0970693 3.1064959 1.5432329 20.669199 1.525361 62.281537883814046 
Car -1 -1 0 511.6090804421994 173.683980440246 540.866475996936 197.04962626307943 1.626699 1.641206 3.8899546 -6.0929203 1.6894467 52.46527 1.3308352 2.993675460930309 
Car -1 -1 0 581.8924026379424 174.56949139830363 605.467362363277 191.56988382116867 1.5618844 1.5888793 3.5730267 -1.5353017 1.7295136 68.59086 1.3570902 3.8496892761380677 
Car -1 -1 0 601.213677605041 170.57692992949345 634.1041128168553 190.91851292695077 1.5411931 1.5633559 3.6188982 0.6013698 1.3686692 56.62628 1.2759659 1.2772246818454394 
Car -1 -1 0 570.0744580058478 174.7362121230054 586.0294872498278 189.61223828685468 1.5748644 1.5962534 4.0306115 -3.4704885 1.7863107 78.984024 1.4900022 0.6186832031504713 
Car -1 -1 0 642.3143239697196 172.14919122789064 676.4450538701774 204.88916818951495 1.5250311 1.5894113 3.8804839 2.487987 1.4922009 35.60986 1.6555755 0.2741797864437103 
Car -1 -1 0 620.7302671270072 171.91745395854167 653.3896360215397 196.58277909925576 1.6439855 1.6215558 3.6996894 1.8683546 1.5815629 50.03852 1.4272288 0.2642410695552826 

