Car -1 -1 0 704.8266164999595 182.96262074610212 806.2912963049858 250.16509646583089 1.4293684 1.5785131 3.6280732 3.4697409 1.704205 17.76131 1.51371 88.84592765872966 
Car -1 -1 0 224.54974597465164 193.98475706074214 384.8686962489534 285.55142239275773 1.4583216 1.5698466 3.6189551 -5.7803307 1.9261699 14.153739 1.5864794 93.06842500095894 
Car -1 -1 0 382.6109065509468 185.73977281625866 477.0241512249148 238.3097816826789 1.4556866 1.6260256 4.2405267 -5.6568494 1.9098507 23.24186 1.6677879 64.98709530888047 
Car -1 -1 0 791.1424481011561 182.4964324734252 1104.401304558332 374.24066242224944 1.524035 1.6282915 3.9746697 3.2854598 1.6567852 7.93482 1.585144 137.59004444090633 
Car -1 -1 0 659.8348824899961 179.3412212638716 704.115159220461 215.51425723848888 1.486903 1.5443498 3.5958073 3.1691172 1.7919979 32.121574 1.5514979 39.889483776615144 
Car -1 -1 0 678.7112747431552 182.1237106364511 753.5122633578045 233.18517982493287 1.466013 1.6570807 4.090823 3.3745475 1.7953775 23.554592 1.5231311 21.510088719486287 
Car -1 -1 0 481.67329975307655 182.53813420628774 522.9115659183851 212.2486007800537 1.450973 1.4686321 3.5681553 -5.636558 1.9887992 38.249046 1.6276045 7.262360359619339 
Car -1 -1 0 500.68071246891094 181.14476635566632 535.5314274176351 208.1176778077724 1.5158472 1.4991398 3.3116074 -5.447609 2.0327103 43.286934 1.6268618 4.146583894601359 
Car -1 -1 0 652.3665818305159 180.72734933900696 694.4836697522651 211.9171118721426 1.4968271 1.6022072 3.4941905 3.2567625 1.9240645 37.34645 1.4887 0.343877375125885 
Car -1 -1 0 522.7363161360408 176.5084032394438 572.330968370979 194.21769212044032 1.4837139 1.5994637 3.9962163 -5.379424 1.80821 62.570107 0.3901562 0.5820564248380166 

