Car -1 -1 0 705.3126738366877 187.36036294306496 817.6394985674327 271.5669940040977 1.4174621 1.562934 3.4617665 2.9143503 1.7436627 14.485121 1.5824919 79.34158623783901 
Car -1 -1 0 766.8912077446597 180.0538639355607 937.7516918972428 240.37267148223097 1.5419608 1.6817055 4.111165 6.4933243 1.7475376 19.638515 0.06043356 94.32291546320904 
Car -1 -1 0 312.2429309071636 183.34312242678425 472.4129003494086 234.40882061404082 1.4573275 1.6317348 4.354245 -6.4677925 1.7866468 21.798225 -0.018211547 26.81196213021227 
Car -1 -1 0 247.00580541822077 183.23541024642697 449.63030120044374 252.41061631124936 1.510094 1.6349567 4.198678 -6.077596 1.7693998 17.035023 0.08238952 48.2193478506982 
Car -1 -1 0 0.0 193.65818893029262 339.0893877773866 309.9862036451821 1.4248184 1.5808017 4.058611 -6.0527115 1.7349522 9.942413 0.0115329325 112.46131889865019 
Car -1 -1 0 127.71822715079136 183.92357702906534 407.38346405308874 284.3197750946181 1.5434153 1.5808651 3.963242 -5.6079617 1.7425442 12.129715 0.030204741 80.64938363400056 
Car -1 -1 0 193.7545260749301 181.95652368455174 411.94369188942755 264.8047061256245 1.5447124 1.5695773 3.7721539 -6.1185226 1.7410347 14.611985 0.08941638 32.810764542781456 
Car -1 -1 0 356.3456984382732 182.05401672020147 482.82630879200866 228.51184381872716 1.4855906 1.6023154 3.8167393 -6.33465 1.806637 24.299952 0.041183878 10.916695310100504 
Car -1 -1 0 269.76654896478175 181.65230331720528 435.19294217270095 241.7396358431023 1.5227926 1.6253452 3.8846555 -6.819211 1.7703363 19.422009 -0.034269717 15.215244432791774 
Car -1 -1 0 635.6994041092795 180.4109556382316 667.2712437539159 204.4093234443106 1.4970484 1.6103377 4.1333694 2.7719226 2.0267568 48.459988 1.5028732 7.862265953041008 
Car -1 -1 0 392.05732015171975 178.26754925469123 498.02307501652007 222.2757963236579 1.6790361 1.6409769 3.9704769 -6.4960146 1.9031074 28.824821 -0.11360135 16.232903979171336 
Car -1 -1 0 693.1391782263315 183.8830767627763 787.1365884098451 217.44004456282187 1.4539192 1.6086178 3.9286132 5.912572 1.9717549 32.893272 -0.09354848 10.278620356599287 
Car -1 -1 0 704.9996276402851 185.91132126928034 805.2405827704905 222.54708726128322 1.4370611 1.5805396 3.7915497 6.045476 2.0017967 30.136364 -0.1533137 6.51825510152081 
Car -1 -1 0 696.578622838223 176.1931676354061 782.4056134446813 212.83942684046997 1.7247187 1.6820041 3.8066113 6.2885885 1.891999 35.143826 -0.086707816 5.013795588316852 
Car -1 -1 0 404.40635877242465 179.95730162410683 508.77141402938344 215.6636024334341 1.4980636 1.6056278 4.19718 -6.6077123 1.8156717 31.432165 0.012884142 3.5091833625965285 
Car -1 -1 0 483.3056348821136 181.43753966863954 548.8581938242745 206.06428139448306 1.495432 1.6071031 3.8580942 -5.844102 2.045767 45.35428 0.05440007 1.140644475673337 

