Car -1 -1 0 701.8369083166946 189.56392004382863 820.9133876917009 275.00973643935293 1.5129972 1.6524426 4.3755245 3.151081 1.930474 15.830951 1.5609517 80.97987861644076 
Car -1 -1 0 731.9238383179447 195.0311755786993 968.5496493433526 349.254381880252 1.4456449 1.6082472 4.4371386 2.8539863 1.810554 9.63908 1.5519929 113.30627013437082 
Car -1 -1 0 234.61938846869356 206.43259490425345 452.0382406620596 344.6628710960232 1.4407294 1.6470988 4.1100783 -3.5959983 2.029126 10.582554 1.5780119 100.25013501877555 
Car -1 -1 0 684.2821415273352 188.07914248074547 756.6400765689534 246.81358287684776 1.5153177 1.5726169 3.7071295 3.2013073 2.0067022 21.432184 1.5688119 40.72114485306386 
Car -1 -1 0 440.33097799250686 195.97311458455954 522.1665645849295 257.5656902501875 1.4871145 1.5514529 3.8101933 -3.5933905 2.2156599 20.804815 1.608207 64.9910504945798 
Car -1 -1 0 383.94386609342405 197.4226937840631 485.1689342870931 280.3900128508661 1.535605 1.4863056 3.482586 -3.7941155 2.14536 16.151093 1.5500942 52.04414682473643 
Car -1 -1 0 632.6595744885653 188.42350477088536 681.2380832104357 217.16169301947045 1.5457854 1.5874543 3.5788703 2.768455 2.5131435 42.87805 1.2270755 14.719041237577368 
Car -1 -1 0 598.7303283918302 188.6030410866514 628.8903646792801 209.69243469155964 1.5240619 1.7111948 4.2822366 0.29909426 2.833959 57.760025 1.4058478 2.7838640424845433 
Car -1 -1 0 559.8415636185593 190.57672725404746 600.2645012896777 207.55700363233728 1.5666479 1.5859737 3.9447339 -2.9425914 3.3929896 72.450714 -0.72802496 10.254054315699845 
Car -1 -1 0 891.6407541789046 168.28486695701966 1005.4806915996883 208.42883497342 1.5283494 1.5714822 3.789348 13.326793 1.3543946 28.545595 0.158775 1.3232957568293242 

