Car -1 -1 0 455.60638854729916 190.04061310104862 526.7622803679152 242.95761486301424 1.599523 1.6358962 3.839851 -4.017583 2.2429972 25.05031 1.6291773 87.6870386606034 
Car -1 -1 0 799.2282028988287 196.68576183226398 1051.285541428781 353.6253490489939 1.429192 1.6189944 4.0503464 3.6903028 1.8029855 9.256799 1.6168494 93.46254304909766 
Car -1 -1 0 744.524403788497 189.4348362694851 867.7395399231143 277.6474280440098 1.4761996 1.630317 4.160577 3.9035347 1.8694787 14.993032 1.6245029 115.99262813958757 
Car -1 -1 0 493.888396176894 188.81332911675742 548.5403484042298 231.32763976610792 1.5701162 1.594194 4.0711727 -3.6320465 2.2857466 30.279728 1.6233813 28.082242452358606 
Car -1 -1 0 1062.8017035070613 181.41829320725606 1242.0 267.33556065920294 1.4556446 1.6389774 3.9342585 11.461216 1.6487429 14.429793 0.6460836 40.7485121709655 
Car -1 -1 0 692.550923188439 183.45529492968507 726.4638099616695 211.144148660747 1.520304 1.6718146 3.9622166 5.9345865 2.1845007 43.185364 1.6212357 18.90015687965668 
Car -1 -1 0 195.13032066441468 194.35519090738018 316.5186658905132 234.2288011557624 1.5454614 1.6275408 4.2035213 -14.533272 2.459572 29.795559 -0.03180991 19.680834720390123 
Car -1 -1 0 535.2062884713221 187.96788806606315 576.6156403794695 218.17065421547656 1.4961045 1.6514117 3.86171 -2.9020598 2.37048 39.74292 1.6647791 6.579736478063155 
Car -1 -1 0 597.8226431651364 185.82513834228016 624.6996608732502 204.17034055197175 1.5596114 1.7406278 4.292075 0.19392037 2.801625 66.81952 1.7552227 3.1690407587662923 
Car -1 -1 0 175.3936325719893 195.3570916849521 225.9013186828746 219.08880523641184 1.4688811 1.6301248 3.498763 -28.178383 3.0787141 49.831917 1.5238879 3.0065511939349845 

