Car -1 -1 0 631.5501925307377 193.94450382712887 817.7874298472491 310.0211006760748 1.4077643 1.597828 3.8913267 1.626735 1.8070016 11.5819235 1.3407285 108.84925015237576 
Car -1 -1 0 526.3629738394393 187.48569255074295 585.3508241442617 232.5190845284304 1.4369192 1.5982834 3.9949832 -2.0468595 2.017909 26.526701 1.3504577 72.67261416453356 
Car -1 -1 0 20.25867924847393 203.49713328686641 241.79853600531158 346.65080032906053 1.5576092 1.6016909 3.77977 -6.8177266 2.100353 10.749783 1.3186536 79.09482170788502 
Car -1 -1 0 348.03870440474753 190.82380098532187 389.8008379188496 222.98775082973 1.5972731 1.6600112 3.7334182 -13.292107 2.6434917 40.02721 1.3984399 31.9775311802507 
Car -1 -1 0 516.6140499218393 186.22243435272972 560.6351341008279 223.67861301124964 1.4843152 1.5757728 4.0558915 -3.2279491 2.1217794 32.26406 1.3763621 21.914627867578524 
Car -1 -1 0 729.6991240491179 170.72740999355912 830.5014655089498 215.76651046331844 1.5996296 1.6034987 3.398193 6.4053526 1.5241005 27.121716 0.47955272 57.348483199258446 
Car -1 -1 0 502.6407491401997 184.56189408191756 522.4594604128479 204.4002919991243 1.5377154 1.5668739 3.3751519 -8.013016 2.536389 59.779884 1.4551444 3.2742467602939564 
Car -1 -1 0 61.022372290152504 199.43957092085125 103.68351407597487 220.5816097598129 1.5087643 1.5945857 3.7151175 -42.710255 3.7393441 58.534576 1.2974867 1.2895247487001902 
Car -1 -1 0 906.535983585089 166.21373988300394 1009.0914789347291 206.83929850047718 1.4930961 1.5707924 3.762787 13.660591 1.249049 28.539946 1.3053598 0.7787122173372311 
Car -1 -1 0 138.62476556933166 198.2466038811689 184.14682301238594 226.8426927746006 1.4802604 1.5405499 3.4918802 -26.41772 3.0473428 42.62781 1.2412182 0.25606122612953186 

