Car -1 -1 0 762.9739687472129 182.80585395713993 1038.5239251652697 358.79399998206117 1.5899076 1.6286731 3.740394 3.0661902 1.5681367 8.379047 1.5525076 133.38940057423082 
Car -1 -1 0 136.4705718344345 186.97763817494308 382.31479903402703 328.6932393075089 1.50024 1.5783925 3.5418093 -4.26277 1.5277665 9.442518 1.5485108 113.52173760905747 
Car -1 -1 0 397.11480949278996 187.422902732283 480.37460360886257 242.2830883426884 1.3618879 1.5598557 3.5093997 -4.528626 1.428031 19.765116 1.5415481 75.50530308003484 
Car -1 -1 0 458.7971313483681 183.58241536045762 512.7227364773593 225.6969153246797 1.440174 1.5348006 3.9031534 -4.414156 1.3843212 26.572762 1.5165594 37.06733841764371 
Car -1 -1 0 577.1999999685728 180.73033115482858 617.1000596011988 217.9682935427316 1.5385798 1.6505506 3.467639 -0.478831 1.3532556 31.464577 1.5336962 33.78630553222728 
Car -1 -1 0 68.85803380653834 165.98878619476483 260.7398630069276 268.2353396185142 1.7756412 1.6231085 3.8100212 -8.616119 1.4417415 14.420537 1.529775 51.6073154926087 
Car -1 -1 0 415.85243115330223 172.4039721751829 457.00163478905114 207.14581234436386 1.9448601 1.7734627 4.386014 -10.032997 1.2276553 42.507965 1.4773811 13.18106481443228 
Car -1 -1 0 616.2350022016074 179.83070155167482 643.6622475553502 200.16579907767084 1.425366 1.5809119 3.771874 1.6219411 1.0479107 52.33126 1.4895804 10.042507969146243 
Car -1 -1 0 384.9281674860687 183.99941060279696 439.74384820746104 219.27803176964414 1.4680085 1.6250961 3.9967308 -8.586591 1.4173965 31.966002 1.496636 14.431519051670337 
Car -1 -1 0 475.3042144063632 183.5584918264565 524.6010234614424 215.83823257791386 1.4505299 1.6208928 4.047284 -5.05651 1.3760613 34.353317 1.6056254 3.8808338131628735 
Car -1 -1 0 505.5004153957239 180.17559536434607 535.2909145929899 204.01014286115543 1.4947366 1.661336 4.1591845 -5.655333 1.1786565 47.20137 1.5191027 0.3615188002586365 
Car -1 -1 0 698.1055266965034 179.91605376338632 734.85341922124 204.3312464133635 1.4920375 1.5569143 3.600958 6.915658 1.1681708 45.78173 1.4989736 0.2866014838218689 
Car -1 -1 0 565.384823082064 182.38370913302535 595.6277173040597 209.71216536004354 1.4782374 1.5658695 3.200378 -1.4695306 1.3250508 40.48884 1.5767639 0.2804611623287201 

