Car -1 -1 0 732.8732781871987 187.99166756180674 902.6512389642381 310.8026668787217 1.4349015 1.538413 3.440733 2.851438 1.693325 10.587339 1.584086 69.72583905451066 
Car -1 -1 0 251.53338444306442 182.55603979791886 444.33316723178905 245.8975646868916 1.4816477 1.6357665 4.2029243 -6.399357 1.7340285 17.949268 0.0011105246 33.32840356558468 
Car -1 -1 0 633.642974824297 178.27142798216522 669.271746511462 204.12685418647703 1.4882166 1.6058989 4.143809 2.5383809 1.8388209 44.56115 1.4815 15.510025118566762 
Car -1 -1 0 802.0920435565347 173.20160600269764 1020.8299237953378 255.17497724633455 1.6811047 1.667016 4.0738254 6.441119 1.689127 15.728725 0.044673763 76.41100853739049 
Car -1 -1 0 295.28782837265214 179.448529274848 455.6452550741607 237.07482842814468 1.5440073 1.6472776 3.9973025 -6.546789 1.7389803 20.4354 0.037251372 19.79615067199625 
Car -1 -1 0 721.4615639734351 180.29239708517136 844.1283940166351 223.95839058384783 1.5011709 1.6075584 4.0128365 6.210293 1.7800752 26.093466 -0.079592764 27.665147345756115 
Car -1 -1 0 133.3503139081496 183.9594099728294 401.3597423409606 274.4626148104191 1.4793658 1.6158974 4.115111 -6.0564623 1.6948051 13.016266 0.085752755 77.93281302467564 
Car -1 -1 0 35.11305973875533 178.64218636241918 342.60827384063197 300.45101675331034 1.6163843 1.5891957 3.7054172 -6.089667 1.7098439 10.659626 0.10862659 56.54271666368355 
Car -1 -1 0 700.7401632526419 181.51290666407425 804.9804164526535 219.31729045688 1.4431112 1.5794659 3.8100176 5.702725 1.801867 28.93816 -0.089369744 22.7027751472201 
Car -1 -1 0 0.0 183.90028112159916 309.93753486164405 340.2393684902934 1.5702385 1.6032369 3.973091 -5.746043 1.7102702 8.259581 0.043488376 70.82863693842806 
Car -1 -1 0 702.6778863567995 175.15650293371587 799.5119418389816 215.53570802358058 1.6868666 1.6548443 3.827874 6.054163 1.7890167 31.127203 -0.029612787 7.150525582606777 
Car -1 -1 0 187.07536421915145 180.48561974500373 394.96785418109863 254.47169099034394 1.4989861 1.5969142 3.8212361 -6.8196945 1.6741556 15.680925 0.043412507 23.810653478363363 
Car -1 -1 0 354.48346662829334 177.27442645852312 479.78461229217464 226.13468651809632 1.6102897 1.6641552 3.9349523 -6.561517 1.7688451 24.917385 -0.067732155 20.695485716444555 
Car -1 -1 0 757.7452112421541 181.4937953844667 904.3643434688654 235.33379081293148 1.4985969 1.5668045 3.8121967 6.415845 1.7615411 21.15111 -0.0130643975 6.7017977791674905 
Car -1 -1 0 456.8419172445164 176.23110494800255 535.196115264882 205.8738875482723 1.5514057 1.6714269 3.9255831 -6.0741844 1.7375283 38.867004 0.03258075 3.5219888235152115 
Car -1 -1 0 623.3647903769479 178.2081028403352 642.9207589463854 197.26582866985947 1.4901187 1.5241687 3.8828697 1.9170747 1.9458084 59.46122 1.5810767 1.1992820987467403 
Car -1 -1 0 784.3364924966401 176.28719601822007 965.4372772659715 241.76658182103125 1.5664091 1.6133595 3.9669428 6.5769672 1.6567335 18.164803 0.005839823 1.2755103345316492 
Car -1 -1 0 368.1836501482043 167.59122722060795 488.49275371942866 217.2987281060963 1.8317027 1.6340054 4.1671286 -6.8179264 1.6377714 27.422749 -0.008341927 2.235059953760855 

