Car -1 -1 0 629.3377164989333 182.00816203070585 697.8637867388665 229.2704491806024 1.3941842 1.5964425 4.200634 1.7240975 1.7299256 24.294132 1.4712279 83.70936785187483 
Car -1 -1 0 873.4237151292134 191.5099144867887 1242.0 329.56069913883505 1.441868 1.5968122 4.0940456 5.531605 1.6922276 8.737299 -0.07302746 103.86090874636349 
Car -1 -1 0 616.3750471967938 176.88858231904942 647.8084395632266 205.90140765984017 1.4903077 1.5032585 3.7058086 1.1922848 1.72141 39.457123 1.5433104 7.56741618841031 
Car -1 -1 0 239.79981500131177 184.9092550998907 421.6819708323663 245.41800458228343 1.4521205 1.6195995 4.026417 -7.0288067 1.7740759 18.455158 -0.0024323063 63.32064736306194 
Car -1 -1 0 834.9656807068424 166.95882252398337 1137.66347918829 292.24290235971984 1.7700058 1.6543145 3.8419716 5.6699066 1.6867191 11.141272 -0.06352143 63.52375446596784 
Car -1 -1 0 609.484516788002 175.6876584415032 640.1822318759387 203.05747537637524 1.6043613 1.5837328 3.7886186 0.9057785 1.7872863 44.63768 1.5072316 4.432358636838583 
Car -1 -1 0 406.9628203362005 178.9929933974933 494.2389204444748 210.74911518518323 1.5012593 1.6579843 3.9788353 -7.7482867 1.8108373 35.432434 -0.06340725 3.4912438352255006 
Car -1 -1 0 349.6633375805903 183.21798551022505 461.3907642380448 225.6503129994862 1.4531026 1.5551888 3.5675793 -7.32712 1.841013 26.083158 0.08315106 5.582979349726116 
Car -1 -1 0 285.99439579126164 184.77731797763047 436.7980685314186 237.66540840505175 1.4500496 1.5682809 3.8442502 -7.1461077 1.810909 20.998997 0.028376222 5.395904564626328 

