Car -1 -1 0 684.8205928237866 180.6052997605044 773.1393078158859 248.38222460615344 1.4729935 1.579513 3.9108431 2.8737469 1.6883364 18.087236 1.5743138 141.02874709506452 
Car -1 -1 0 82.2015174853002 198.5099975545135 313.24556601161856 317.0895135034158 1.4523662 1.6013389 3.6335511 -6.2410216 1.9240217 11.444771 1.5669299 105.0800306345995 
Car -1 -1 0 364.6696513540203 184.51183761837436 451.91973976749836 242.84078938887782 1.5932157 1.645622 4.0638685 -6.1715937 1.9908584 22.568146 1.5569451 66.39255123221878 
Car -1 -1 0 819.0230850809745 161.66496297877586 1003.4594864137556 216.47504591163306 1.4700152 1.6854284 4.478109 8.366618 1.1699233 20.250797 -0.025279237 87.12316354300995 
Car -1 -1 0 983.6502144887725 158.32708603571874 1242.0 266.983344306078 1.5082867 1.6470712 4.216756 8.194937 1.3066347 10.950827 -0.053434968 87.56433149981103 
Car -1 -1 0 452.5621781674684 183.4674240185768 504.3215679994054 218.54799370982238 1.4831748 1.5838324 4.0239453 -6.0655203 2.0098467 33.770897 1.5998315 10.84756360715144 
Car -1 -1 0 477.31666466775715 182.7719135707405 519.7007101602499 212.70854414859642 1.4961202 1.5714196 3.8584614 -5.99559 2.063491 39.317406 1.611191 7.6533856494456955 
Car -1 -1 0 907.1965152588853 143.39449314233045 1168.9910239001733 241.3591048805083 1.8011222 1.6854818 4.1380134 8.24712 1.2594962 14.135183 -0.01291793 39.95355349642399 
Car -1 -1 0 1150.5621204342394 143.31785298000938 1242.0 185.43796940504907 1.4992423 1.5797132 3.9205046 22.411104 0.4479193 26.48146 0.0045274976 7.433869358964819 
Car -1 -1 0 489.99964384743095 180.8792392119373 526.689441419021 207.86797188688317 1.5332959 1.600366 3.8523817 -6.1376553 2.045448 44.09886 1.5990515 1.6746551860085197 
Car -1 -1 0 1065.2714532326604 126.00047877794238 1152.74740516809 157.47240819088285 1.4638178 1.6719999 4.15957 25.957937 -0.8477398 37.682213 1.5650569 0.29551711678504944 

