Car -1 -1 0 10.37627206187228 197.87803600519422 292.40751342610673 344.25439117173465 1.4891982 1.5784603 3.5349827 -5.826561 1.8879174 9.72204 1.5617665 106.98734875272413 
Car -1 -1 0 730.5221367340209 179.74926437076212 879.7887775235731 273.1390967210466 1.4478565 1.576688 3.6884012 3.4337816 1.5934846 13.351902 1.5125065 125.67668183842835 
Car -1 -1 0 321.4754957515652 185.07203282253425 448.80957399390167 251.752045190585 1.4618852 1.6574482 4.2467904 -5.6724706 1.8176191 18.815199 1.6662662 87.20700686408216 
Car -1 -1 0 664.0058378741932 175.4889360504312 720.0419578155514 216.8309781529783 1.4669368 1.5744846 3.772678 3.1013546 1.5753335 27.764803 1.5283607 54.77207695629717 
Car -1 -1 0 691.1485919370564 179.3836444655786 786.8838598377988 241.78291941810662 1.4394252 1.6292546 4.0452976 3.3020911 1.6312511 19.13641 1.5209669 55.59310951260462 
Car -1 -1 0 463.10152034499754 178.56699644070818 510.8465389581265 212.32914698695848 1.463693 1.5362496 3.6927884 -5.677313 1.7458446 33.773064 1.5916737 16.462122516513325 
Car -1 -1 0 54.16582026043459 187.25794501117872 205.7835648228435 239.870050859987 1.5575647 1.5996213 3.8268356 -15.109127 2.0323787 22.833391 0.08072531 10.496579453777635 
Car -1 -1 0 655.3873294847504 173.7373813262474 702.2876713175775 209.49207587832635 1.5573435 1.5399408 3.2660272 3.1387625 1.6000917 33.21408 1.4696413 4.193634835281391 
Car -1 -1 0 496.6185283568668 172.38549268752843 545.9945708727943 191.71723993509949 1.5357451 1.6466343 3.6363068 -7.1758394 1.4985259 58.71212 0.3466097 0.32707399129867554 
Car -1 -1 0 492.2364554605231 177.76781205614824 530.6114056056037 207.7805820565994 1.5263969 1.5382016 3.6195676 -5.271918 1.8051658 39.113235 1.5854461 0.5443506505678498 

