Car -1 -1 0 806.7666283142457 190.59165702915664 1109.8183568317668 289.353539558812 1.4239225 1.5876994 4.1707916 5.5003858 1.7335228 11.6652775 -0.06554587 77.73764968153286 
Car -1 -1 0 628.6252644290879 180.66818274054478 688.3033074785386 222.5525171665311 1.4050025 1.6203802 4.425731 1.7632983 1.7254847 27.321732 1.4906386 61.665176577773394 
Car -1 -1 0 901.9994218633393 189.19614928081006 1242.0 330.3971738046053 1.4789135 1.5932312 3.9169633 5.8030734 1.6970608 8.70203 -0.068921685 108.85232927466835 
Car -1 -1 0 332.2748492745404 182.2994318661796 467.9974201460506 228.61483537540647 1.4547019 1.6090662 4.0367517 -6.8478603 1.7784407 23.871622 -0.027053658 26.912074006601205 
Car -1 -1 0 291.5650487792578 180.99257198655872 445.3424401378163 232.9094098063076 1.4590597 1.6020517 4.014888 -7.045608 1.7089543 21.343548 -0.0051021846 58.51541631677706 
Car -1 -1 0 791.9440068492084 169.3438435486227 1026.7764089308953 266.2619517367517 1.7570846 1.6548166 3.8811498 5.70994 1.6934469 14.021109 -0.05875462 36.497991904674585 
Car -1 -1 0 615.4977281223764 177.08538263625783 644.8767685452272 203.85958784514813 1.4786491 1.5270832 3.6034157 1.1714352 1.7370611 42.244064 1.5453737 3.4560504304894364 
Car -1 -1 0 0.0 157.35957952132506 295.68057089455584 306.734181940836 1.9017619 1.7030449 4.522171 -7.0345163 1.7044947 10.114689 -0.03424349 43.8540767197712 
Car -1 -1 0 653.2186793862 156.8703755281824 691.1002255162172 194.76458320094903 2.6112127 1.8535458 4.635332 4.4646077 1.5098134 52.12563 1.4599917 2.9450328421603342 
Car -1 -1 0 612.0552352822432 175.058819231124 638.7409803713006 199.95700930911804 1.5657494 1.5453025 3.6215045 1.0106174 1.7166321 47.53873 1.5332855 0.897930005075518 
Car -1 -1 0 365.86241139830275 176.78095878012684 467.2160560187424 218.44042868652815 1.6316087 1.5697987 3.6767259 -7.7654123 1.795104 29.226664 0.015841946 0.844907537045021 

