Car -1 -1 0 711.4614163451314 171.24132341658884 873.773662614136 288.19650063484494 1.593895 1.575003 3.4676905 2.754273 1.5719169 11.605688 1.518861 122.43936030069435 
Car -1 -1 0 663.3051478020174 178.07948639749713 717.0831541190892 221.69089767865546 1.4042292 1.5507183 3.4237375 2.7707038 1.6004109 25.367035 1.5838723 74.70445462044783 
Car -1 -1 0 708.7416316819515 171.5904954261809 810.4701763460608 211.8198782525841 1.6455743 1.6950173 4.009284 6.2713647 1.5938908 30.487297 0.063469484 29.608759991097465 
Car -1 -1 0 0.0 180.844424190346 343.81574416270524 299.8989248918351 1.5210521 1.5945435 4.02272 -6.0857525 1.6450212 10.268584 0.06481182 80.83937502622742 
Car -1 -1 0 312.8773409164211 179.39395535705773 469.4614217941781 231.6636379708147 1.4278458 1.5908124 4.0146093 -6.19459 1.6233128 20.740955 0.014519386 53.85741442137349 
Car -1 -1 0 120.61796339573043 180.758552073654 387.61482233316315 270.1091990043409 1.4721662 1.5821607 4.0205407 -6.231778 1.6232302 12.916048 0.041235674 46.074376083985996 
Car -1 -1 0 355.50244652876614 177.44194589515968 491.2685824397588 225.88421070897644 1.467288 1.5786527 3.8792617 -5.8271475 1.6179378 22.85318 0.025878893 42.25385976310451 
Car -1 -1 0 629.1591674957368 172.41080526699974 650.8086436789475 192.99043466599375 1.629379 1.7019236 4.1577125 2.5288658 1.5942891 59.2535 1.6308937 4.4933125108537215 
Car -1 -1 0 227.6759906586107 178.96524931083945 408.0203472481037 239.85700186244065 1.4352487 1.5881146 3.8629477 -7.178755 1.5949606 18.016222 -0.024172705 1.385333589511266 
Car -1 -1 0 392.454423611876 175.00994601898975 502.8069665339933 216.34038375325184 1.5350566 1.5670024 3.862803 -6.2156267 1.6213454 27.89021 0.108701505 2.0173457323076023 
Car -1 -1 0 365.2070650195565 172.89103299917912 485.43615332895865 221.16682993557546 1.6304104 1.5659001 3.781751 -6.4111123 1.6317576 25.31032 0.0849174 4.462883644447762 
Car -1 -1 0 169.99346629607317 159.51583888489705 388.1550075496626 248.93238874628568 1.7682796 1.6601762 3.8361387 -6.820774 1.5045073 15.198338 -0.052387543 1.5720121331881558 
Car -1 -1 0 417.8259178637854 174.38404807906142 515.3042645926797 209.0258381055033 1.5188853 1.6382692 4.035428 -6.4576187 1.5906278 32.780685 0.11834535 0.5597161696586116 
Car -1 -1 0 404.2027530057014 173.68081880610396 496.105341565232 211.394178971004 1.5414546 1.5621889 3.4734886 -6.732094 1.5777535 30.607662 0.17365573 0.28523385524749756 

