Car -1 -1 0 707.6739141497428 182.31875614341538 880.1391656486633 249.53403792783783 1.4473141 1.5736146 3.558895 4.2104645 1.6797845 16.764248 -0.098475456 117.80451890473404 
Car -1 -1 0 185.90435620264844 180.3273801653451 378.0166672003733 244.98751972900143 1.4838674 1.6212121 3.9763958 -7.915536 1.6769459 17.707733 -0.06268616 91.11667664694681 
Car -1 -1 0 5.201822755954363 181.49686626724045 298.77180882223377 273.42357472503363 1.4700568 1.5790601 4.0960217 -7.771869 1.6295192 12.501758 0.010382377 63.97310928601216 
Car -1 -1 0 681.3687498587761 182.56582651218204 836.4759160520754 242.35190493376203 1.4742823 1.573312 3.7135084 3.8734205 1.7431762 19.037668 -0.08404635 23.304992897798424 
Car -1 -1 0 257.7844454911271 172.8146351327569 393.09768148445266 229.27654374100663 1.6828339 1.6076947 3.7060564 -8.804429 1.6816605 22.62643 -0.17914352 16.960819801292793 
Car -1 -1 0 459.4249342180894 177.18304701000514 491.2633154391696 199.25448730745282 1.6053605 1.660358 3.4113028 -10.280109 1.9474375 55.11982 1.1579552 10.916075565008489 
Car -1 -1 0 221.03481429557 175.42474085330286 380.45575055643275 237.7527189196174 1.6317308 1.632745 3.7990446 -8.476122 1.7072638 20.090658 -0.160509 5.830258790536455 
Car -1 -1 0 945.5625822620997 180.8968196914017 1004.6473137061024 203.37693972392805 1.5253363 1.6126716 4.0043344 26.590422 2.1357932 52.6269 1.3240921 0.6281449251060283 
Car -1 -1 0 275.7492479793022 170.04250913964117 399.3709434495179 223.2419135692237 1.7529335 1.5932817 3.8650646 -9.328361 1.660294 25.030977 -0.2536699 0.25154823064804077 

