Car -1 -1 0 781.0499643790054 193.80394765289287 1111.1510803229085 375.0 1.4074385 1.5289476 3.407011 3.014833 1.6695035 7.266384 1.4903916 119.03780344498232 
Car -1 -1 0 676.1292589866813 179.8129755957314 781.8222551807595 254.84936672486347 1.5051517 1.6392486 4.2366147 2.6642447 1.690031 17.020477 1.5318061 100.76457608737748 
Car -1 -1 0 661.4244513991293 178.97406048144268 715.7738167453492 219.6697441010589 1.4196231 1.5397302 4.165478 2.9791677 1.6741455 27.904945 1.5441217 39.93010687416219 
Car -1 -1 0 0.0 192.66618146851562 319.0228699130487 305.87275053602195 1.4273382 1.5702453 3.8356972 -6.3887296 1.7359822 10.328507 0.06710991 68.26119660031989 
Car -1 -1 0 95.60119643895318 185.15061325189484 364.74404293494763 277.8897820356696 1.5028499 1.6196773 3.9280376 -6.57774 1.7352817 12.779503 0.025203826 37.262009705084175 
Car -1 -1 0 325.7597258395415 185.2827825202015 483.78188909570974 238.3741585419126 1.4314563 1.5954375 4.0910573 -5.842555 1.8065796 20.836102 0.07120496 72.68360597383227 
Car -1 -1 0 186.31349451699754 177.13525394598625 400.82749795745235 260.7084353828913 1.6375347 1.595564 3.8244374 -6.540337 1.732988 15.1599865 0.06870077 42.606538732553396 
Car -1 -1 0 341.0001894276112 180.94677116723787 473.60470686712085 230.0402301918558 1.5200322 1.589184 3.8542943 -6.4887905 1.7915518 23.406425 0.003752274 13.520576874859545 
Car -1 -1 0 641.8518325397795 173.0934247282994 672.8662964105188 200.84071080551223 1.7350688 1.6666307 4.0502615 3.0836687 1.7514086 47.198353 1.5468405 11.249433657648904 
Car -1 -1 0 366.53011242743645 168.2579276289971 480.6660098422485 219.0496892951391 1.7596292 1.6407418 3.6531494 -6.602121 1.6004028 25.856216 0.021401424 7.940948957667341 
Car -1 -1 0 517.2042411340595 177.56253223234376 545.2339774410173 202.50195256228722 1.4819019 1.5693911 3.5514112 -4.891436 1.7898718 45.37667 1.5148188 0.27609458565711975 

