Car -1 -1 0 0.0 182.46188348463605 288.32465256109714 340.6096685252685 1.6664565 1.733356 4.334678 -6.22952 1.8300449 10.078249 1.522042 122.70338576609556 
Car -1 -1 0 244.35270194043352 184.3808447845457 389.7809950485545 266.1542471840511 1.5808439 1.6683326 4.1076374 -6.5161567 1.8786333 16.584465 1.5734787 78.11596636107929 
Car -1 -1 0 396.46821366899053 185.5478299067176 462.32449100694424 228.46346734512403 1.4499207 1.6127975 3.8024993 -6.760472 1.9660918 27.42511 1.5535223 53.10594245871529 
Car -1 -1 0 476.04208370336494 181.8844302061053 512.3641242278587 208.66977317279594 1.4505603 1.517914 3.5189276 -6.6761894 1.9987651 42.034355 1.5816681 7.927482233407427 
Car -1 -1 0 496.9470200796577 180.27199943784626 545.2651681284076 214.54259113373115 1.4301555 1.7798425 4.383236 -4.0054746 1.7949945 33.27738 1.5496123 37.7796731724212 
Car -1 -1 0 626.4811979149507 175.16491631755986 654.6791670381484 198.68297643369604 1.5236993 1.5985957 3.6652846 2.0707202 1.6865493 48.98044 1.5263696 18.00670621696179 
Car -1 -1 0 1077.485980054049 153.98637848278736 1194.0273334368728 201.86126700846376 1.5271535 1.5959901 3.9817178 18.136576 0.9252981 25.1002 1.7132443 4.400783572906244 
Car -1 -1 0 699.8528246052272 169.20571591214085 777.9263782087797 196.3284372220106 1.5550257 1.7322714 4.3007073 7.531984 1.3458586 42.303616 0.03258257 11.205295966711265 
Car -1 -1 0 1161.347529666524 140.05786306765913 1242.0 172.60768787697194 1.4641986 1.5667453 3.470432 28.269073 -0.012282908 34.23207 1.588032 4.18448336421004 
Car -1 -1 0 698.2305465910225 163.5923136747924 770.4188512718792 192.5444188534251 1.7726098 1.6605775 4.181518 7.7670765 1.2055573 45.123817 -0.056604482 6.5928179336969155 
Car -1 -1 0 866.3224607593786 150.88129317001483 910.5626798006875 178.22332640525772 1.911723 1.6258295 3.8212833 20.190493 0.37541676 52.38685 1.5359889 7.40741414191204 
Car -1 -1 0 1025.140591177527 145.29960773798177 1098.9371525440056 175.7368188750662 1.6582568 1.7167162 4.0575995 25.82541 0.15705931 41.348175 1.5815479 5.302719676237505 
Car -1 -1 0 841.107869106889 159.34072810453742 876.5620609777449 178.95601727712838 1.5495683 1.5579219 3.7248027 20.29425 0.48204675 58.874058 1.5555874 0.25045642256736755 

