Car -1 -1 0 681.9353371016233 181.76823557445564 783.8766272477894 255.86531473659818 1.4486737 1.6308445 4.3808002 2.7214386 1.6836045 16.824888 1.5714456 129.16796520976075 
Car -1 -1 0 762.2009470759868 180.43775360927316 895.9200282294283 232.77683082126524 1.4814036 1.6266873 3.613988 6.514757 1.720305 21.722046 0.11050239 55.98308709507448 
Car -1 -1 0 288.1283090182652 181.4242203291538 470.61360079416255 242.40340403886816 1.4253643 1.5992706 4.0922375 -5.646221 1.6511918 18.071474 -0.0702298 59.597570149410124 
Car -1 -1 0 0.0 179.82678234477635 329.3133072355083 316.3035971900514 1.4883566 1.6529074 4.2679777 -5.8911705 1.5824778 8.849651 -0.029927718 125.05015734354912 
Car -1 -1 0 111.70137399473218 176.18748398614838 374.92397265893277 265.6427400756841 1.5479057 1.5997804 4.0953255 -6.6708746 1.6138192 13.408192 0.028994031 45.37725654771058 
Car -1 -1 0 669.047262763421 176.98422796049806 738.4303265477012 202.58559410281072 1.5782586 1.7182647 4.152211 5.918126 1.844611 45.64835 -0.011338247 11.057496580877228 
Car -1 -1 0 412.3194249190862 176.1212540074789 517.872171377568 211.96825902783246 1.4648359 1.6315067 4.2234163 -6.0615664 1.6079092 30.628607 -0.0730138 17.050332276739578 
Car -1 -1 0 0.0 179.6837640430039 298.08858103872336 285.2131002029984 1.4931262 1.585002 3.8247836 -7.089345 1.6074845 11.202157 -0.045868546 21.089284063268263 
Car -1 -1 0 173.5371897389371 172.4223419264694 375.21139519513093 247.84351781503923 1.5417521 1.6074022 3.6837225 -7.184876 1.5329281 15.775057 -0.12406894 19.442657846324092 
Car -1 -1 0 380.5275761168429 175.02466081766914 498.1067663762268 214.40086412153067 1.4798498 1.6189284 4.2880993 -6.577569 1.5677412 28.221127 -0.08783053 7.474487870890909 
Car -1 -1 0 451.81851829291503 169.451181002635 532.779502285109 200.95044892820616 1.717323 1.7053552 4.354025 -6.503005 1.5318029 40.37191 -0.08483015 4.110567391770049 
Car -1 -1 0 449.3376249009204 176.27059024925282 532.8872207033194 208.12479520983297 1.5147207 1.5874109 3.8457286 -5.749319 1.6858548 35.31447 -0.017266542 3.3600912298094023 
Car -1 -1 0 701.6229244708129 174.64150591134987 786.8388623826595 206.70655374287173 1.5533094 1.6051931 3.8939936 6.6898932 1.6450127 36.03935 -0.09160128 1.0686783496941672 
Car -1 -1 0 740.917425651544 180.04461887346883 856.60543157197 223.27841660220219 1.4778041 1.5931118 3.7198462 6.801421 1.748503 26.091476 -0.15353844 0.2734133303165436 

