Car -1 -1 0 307.48407825989057 192.37777771996255 468.6844571233261 291.4456603693122 1.4068978 1.7666504 4.461661 -3.860259 1.8306398 13.399099 1.5349133 130.7588326510374 
Car -1 -1 0 95.39584479164058 204.1318589410143 315.77588285079474 308.4611895544423 1.3611983 1.5973732 4.077296 -6.7865934 1.9992404 12.678155 1.5683303 96.04643991817774 
Car -1 -1 0 432.2357679561254 188.74099572702195 506.5730830403175 242.45337232799676 1.4035423 1.5411404 3.4579763 -4.109004 1.9175295 21.611378 1.5751418 64.31872128227725 
Car -1 -1 0 637.3467633884496 178.12650748773103 677.3973905730694 212.04972485797708 1.489426 1.5891423 3.8848245 2.2153676 1.7539084 34.24058 1.5564494 50.36858315150423 
Car -1 -1 0 757.9940821168672 163.6720198969405 884.9408711985553 208.79856953621638 1.651077 1.7296453 4.3037195 7.938561 1.3151293 27.300283 0.016810158 30.0914851604687 
Car -1 -1 0 742.6472541352856 159.23749870650343 853.189455428704 204.09315865999108 1.8240194 1.6717054 4.179282 7.8583374 1.2703152 30.308203 -0.063834116 11.362778389394895 
Car -1 -1 0 714.7842409994425 168.27334479113213 804.4680059887082 200.9454997541268 1.6012125 1.6626445 4.2614837 7.5025697 1.3767214 36.376484 0.08782998 5.721377619874139 
Car -1 -1 0 487.330353558454 182.82684899140926 518.5887856985677 206.5005408729548 1.5075486 1.5189037 3.874823 -7.2770376 2.219181 49.538155 1.5858523 1.3459201548426039 
Car -1 -1 0 914.6144950903912 155.121067794191 969.9051031680482 180.42095756015928 1.4793245 1.5307989 3.5018237 20.223572 0.44245172 43.999043 1.4857591 2.7071105231353036 
Car -1 -1 0 394.6488457333219 187.01258254384132 463.8188321674946 228.6017392385505 1.3870302 1.5650146 3.940256 -6.755036 1.9637492 27.403446 1.5927415 0.36065712571144104 

