Car -1 -1 0 820.7551238127845 184.27107329491355 1112.9343400619293 282.21803728920446 1.4597479 1.650383 4.0116615 5.732188 1.6621149 11.877575 -0.04350295 123.93649414875685 
Car -1 -1 0 644.0228026014672 180.5787056190751 700.4291145674705 223.30943171255583 1.3954062 1.580601 4.057067 2.2110128 1.6995771 26.358173 1.5379745 46.96135712275496 
Car -1 -1 0 53.53583304631292 188.11178266780743 356.72286200022796 284.07024186023517 1.4106641 1.5656528 4.014103 -6.361829 1.673573 11.64528 -0.0023985654 54.55568691742266 
Car -1 -1 0 289.7414814389635 181.30909693637525 459.0904111857956 238.56574484495422 1.4969257 1.6000727 4.157747 -6.4135156 1.7405932 19.953163 0.01970657 85.60512799307614 
Car -1 -1 0 639.3202636623985 177.6112793612477 678.4067142056244 209.80120709059196 1.4713895 1.6008072 4.216478 2.3842504 1.7208865 35.724144 1.5594969 8.436724262069507 
Car -1 -1 0 0.0 189.42304773456684 279.2077986931065 320.22754251785534 1.4485979 1.5784526 4.056492 -6.573078 1.6790674 9.128505 -0.05919027 29.772861718076815 
Car -1 -1 0 369.2358641855456 173.48383717450676 492.59048547579687 220.27383209712426 1.7094827 1.6496613 4.2379227 -6.691188 1.7340834 27.284184 0.034992106 29.608574663117093 
Car -1 -1 0 552.0778771412986 177.12855040445467 575.8586883703057 199.1195360839367 1.4491305 1.5902734 3.7238274 -3.1836705 1.7578777 50.203293 1.5010254 4.27603566808545 
Car -1 -1 0 621.1276523657913 176.01699742943046 648.3160990995223 197.61751958742977 1.5421815 1.593245 3.954455 1.8523309 1.7884603 54.145683 1.4899732 1.88106290590426 
Car -1 -1 0 453.2917879456077 174.98874511682124 526.6728136914735 204.1290304512161 1.6371824 1.6892705 4.04635 -6.8563285 1.7634232 41.676292 -0.07447483 1.1284387334917079 
Car -1 -1 0 475.9104183153817 180.41811989438577 518.117208268632 214.06755337389686 1.4418097 1.5873832 3.8600137 -5.2107244 1.8165798 33.77628 1.5126302 0.2845950722694397 

