Car -1 -1 0 361.05013573501225 186.87844699392065 425.6460568324785 223.4617060885651 1.3766143 1.5885079 3.586647 -8.5516205 1.4479136 29.019604 1.5555521 33.335428685369926 
Car -1 -1 0 476.1042416047952 185.3540748135468 521.8861811762364 219.66851613821683 1.3935106 1.5094199 3.6295981 -4.6134996 1.3998381 31.039242 1.547759 26.076992542807584 
Car -1 -1 0 577.7659713469925 181.17501881933978 607.5727439772123 208.43209717697525 1.4675684 1.6056541 3.689129 -0.8394188 1.2500112 40.573135 1.539638 13.730280875638854 
Car -1 -1 0 406.02577216251416 188.82667364661006 493.5110185933207 245.67949560689405 1.3956598 1.5874039 3.8700671 -4.225278 1.5050299 19.833118 1.5647851 69.09742820784282 
Car -1 -1 0 399.91135655549726 181.22005442440948 435.1408691452866 203.84766249243867 1.4903135 1.5811133 3.7036998 -12.942994 1.22715 49.23028 1.5272043 5.178618093626921 
Car -1 -1 0 421.618178716422 182.01027230073223 463.62949116165686 211.9844211694533 1.5837337 1.6247228 3.6678252 -9.067802 1.4143697 39.847286 1.5302415 4.659118257270588 
Car -1 -1 0 678.0389572273182 179.1597036138399 711.7744333617445 208.43186609147352 1.5673041 1.6283901 3.6571648 4.8805227 1.2430512 40.357384 1.6222688 3.4397412900525604 
Car -1 -1 0 454.4131558698394 181.20247802508436 480.67712806030704 203.86509395908254 1.4503103 1.5508554 3.9485464 -9.376742 1.1934814 48.104694 1.3343406 0.38759320974349976 
Car -1 -1 0 496.03435173539077 182.3906654713716 532.7339353878621 209.68211966344435 1.4876456 1.6039724 3.8220212 -5.2569246 1.3336543 41.095688 1.5709705 0.5374271787444184 

