Car -1 -1 0 711.6120359691513 184.04920927614702 896.4007920076268 306.994740490366 1.4633722 1.66193 4.4775753 2.7418027 1.6724877 11.236933 1.5685031 151.85633374703932 
Car -1 -1 0 367.1171781585453 176.63870960350744 499.0854799601939 220.03506207200368 1.4382244 1.6175464 4.224856 -6.031814 1.574359 25.015038 -0.062161323 33.62164598123469 
Car -1 -1 0 803.0860892086113 180.90097890613694 999.7832059011561 250.5265178266237 1.4347084 1.6090016 3.7845354 6.3835945 1.625922 16.124641 0.117431924 67.04670954819431 
Car -1 -1 0 135.19396432545236 180.28953278958605 410.95433693343284 271.58112157764987 1.4469634 1.5916586 4.0126386 -5.6428404 1.5844624 12.461341 -0.043055717 94.55259656808884 
Car -1 -1 0 725.711048872622 180.64030883299483 831.642055601187 219.2204761476858 1.4269425 1.5469036 3.7035444 6.5070443 1.7384737 27.961153 -0.07368392 23.38747436930709 
Car -1 -1 0 410.85974945074145 172.6280186215467 518.8016048595299 212.9321917422363 1.612633 1.6403563 4.116165 -5.894803 1.603591 29.696537 -0.003163408 26.50453445851734 
Car -1 -1 0 679.4839612139592 176.5164760483479 751.6191216967786 205.3463040287366 1.5512921 1.6908107 3.7014062 5.836404 1.758992 39.98977 -0.04557923 14.786699128781953 
Car -1 -1 0 715.6961162230627 176.60144730762784 811.1851036153831 215.49711476804598 1.5724565 1.5925235 3.625096 6.3988795 1.7340143 30.223368 -0.048491254 23.58669063367436 
Car -1 -1 0 321.38822324393357 176.48230189643945 471.6224212627339 224.94172081640917 1.4353665 1.6208493 4.285119 -6.5545044 1.5540354 22.563013 -0.10766118 18.756593269343327 
Car -1 -1 0 486.2367594297555 175.11530027897135 551.1756820400681 199.2544148003373 1.5737073 1.6345325 4.0520825 -6.042276 1.7279146 48.21476 0.086839624 6.787701809724386 
Car -1 -1 0 0.0 169.52099700249673 257.6247570901979 291.63511132972394 1.5609167 1.5828712 3.502522 -7.090149 1.5183127 10.159103 -0.08430432 18.20750207806536 
Car -1 -1 0 632.013385970283 176.423691119233 656.9143460532648 196.79967423263057 1.4620582 1.580584 3.729639 2.5961847 1.7401595 54.323677 1.5394149 4.45847806345466 
Car -1 -1 0 428.52714493438197 169.8372505259165 521.1932123233001 205.92610579636752 1.6836866 1.6675129 4.236625 -6.4086723 1.5429432 34.678566 -0.08765672 5.268959480545857 
Car -1 -1 0 776.4003282840575 179.48344830857104 930.7579066702402 235.76279626374145 1.5175905 1.6172292 3.8293567 6.8316555 1.7129769 20.456333 0.00030535198 4.318078583069003 
Car -1 -1 0 578.216210982986 174.01012306952285 595.744491787263 187.91334355097405 1.4698609 1.5873002 4.0083303 -2.4377642 1.599174 78.66296 1.6214461 0.2736874222755432 

