Car -1 -1 0 411.9640377007185 182.06124373715988 514.291869591579 251.5815344321564 1.4532185 1.6344235 4.3542213 -3.2942684 1.3872793 17.21494 1.5568174 83.07780957320801 
Car -1 -1 0 555.5883817577711 175.87008894607024 623.9354971807496 240.11747972300986 1.5758214 1.6778029 3.2403653 -0.46604604 1.3465979 19.271566 1.5467336 52.88894215569533 
Car -1 -1 0 259.5950191210426 192.11240851950623 469.10996631358336 314.33997291806463 1.3535523 1.647869 4.4821506 -3.2101073 1.4757924 10.478636 1.5435926 96.20630482188838 
Car -1 -1 0 269.86705228473596 178.61053331811814 375.2822846139711 238.17143190457983 1.5211425 1.6351669 3.5736377 -7.8532934 1.3524513 20.170385 1.5397718 81.897963680761 
Car -1 -1 0 514.8179608237615 176.9439828890041 562.6658310607258 211.45928759808083 1.5182741 1.6268382 3.8599691 -3.1372852 1.1544143 33.601185 1.6373929 9.733205808302506 
Car -1 -1 0 250.10830365084811 180.63130650704127 321.5454138999864 219.8162885965297 1.4481788 1.6110523 3.593051 -12.62556 1.2787511 28.451233 1.4437412 8.149042597148762 
Car -1 -1 0 343.02682089219115 177.73103510591662 397.25209687421926 206.58805522334347 1.4829987 1.6765693 3.951329 -12.7625 1.0983524 38.92899 1.5581957 19.354946562093943 
Car -1 -1 0 394.7125890434317 175.72270195970077 452.700503596535 211.58032023594404 1.5142381 1.5928018 3.7586634 -8.155796 1.1133566 32.24757 1.5855334 9.762090521456509 
Car -1 -1 0 467.3582235002528 174.65037361660976 534.4513898087225 225.41486175370218 1.5744395 1.6479205 4.1395655 -3.50651 1.2467604 24.367826 1.574482 20.400496593239968 
Car -1 -1 0 451.64939171364387 171.51337261661695 485.2577884864789 196.00858587318348 1.4777861 1.6146183 3.8641887 -8.70615 0.65113044 45.349556 1.5045915 3.1513275486357872 

