Car -1 -1 0 0.0 208.09553333169723 267.5347733723906 373.4633107374388 1.4601216 1.5804393 3.8207955 -5.993907 1.9988787 9.109991 1.557727 122.98787493341075 
Car -1 -1 0 207.51901665428892 198.91494380764507 368.0293386882734 294.5136048048906 1.4686671 1.5177784 3.6016111 -5.9894867 2.0354242 13.881615 1.558585 101.36519507792109 
Car -1 -1 0 331.7761658887366 192.1383058986337 438.39809646622126 254.3765835337398 1.4208312 1.6472876 4.2290454 -6.0357523 2.009453 19.904486 1.5649818 82.8610313260738 
Car -1 -1 0 415.06230215511005 190.147966524173 487.63758690832435 233.13907153766306 1.403659 1.6347917 4.2655306 -5.919587 2.1142569 27.476282 1.6212038 53.33622505808892 
Car -1 -1 0 911.5025481242579 143.63535240960383 1144.0998376598507 216.27250538433628 1.5090008 1.6562792 4.1386423 9.040109 0.9019978 15.82917 0.0055359164 119.58033080723247 
Car -1 -1 0 678.7197185640305 174.3726633244661 756.3913159892911 229.045041613968 1.4867063 1.6289489 4.190323 3.1591585 1.5371516 21.852787 1.5462307 37.6437616570867 
Car -1 -1 0 665.5758010461186 173.85724453138 722.3071494481774 221.15577769409217 1.6496763 1.6414697 4.2472415 3.1189618 1.6907065 27.382582 1.5671438 38.55777562283234 
Car -1 -1 0 895.9255312818045 142.87898176307735 1074.2683288081225 210.18255474447318 1.6316628 1.6074619 3.7014048 9.446163 0.90496844 18.331697 -0.019257257 30.52445471485105 
Car -1 -1 0 486.6363142153024 181.56512278106158 533.2169356318217 211.5842513224115 1.620722 1.5915756 4.2557545 -5.799527 2.1602159 42.465225 1.7163181 12.674488260843933 
Car -1 -1 0 789.6672481906098 161.51138839172143 940.3089052131618 207.96510529666548 1.4623182 1.6863905 4.3229885 8.252781 1.1052636 23.563135 0.003068576 32.486425367681946 
Car -1 -1 0 848.475755789237 153.18438381593467 1001.5080761934863 208.65240553237894 1.5260906 1.6042213 3.6933017 8.974354 0.98492074 20.70934 -0.030298995 33.89933006927335 
Car -1 -1 0 651.3531690739333 177.5220951974689 696.2008237170432 209.1397789167773 1.5075395 1.5771072 3.862513 3.2357132 1.7598612 36.997738 1.4660206 4.813461411742644 
Car -1 -1 0 454.87087884514204 186.45160575665832 507.45387076953426 223.10004756834903 1.5235287 1.5533109 3.7500818 -5.8661246 2.1879733 33.338657 1.6321958 2.0481241350268484 

