Car -1 -1 0 632.0413899732904 186.46083946449642 675.1039271036936 218.81711326524317 1.472902 1.6177735 4.1159525 2.182136 2.2057552 36.743904 1.4884524 34.22942693874397 
Car -1 -1 0 893.5524677704374 193.17820431237402 1229.8575720732342 311.18081134142614 1.5026217 1.5672165 3.811684 6.2851396 1.818596 10.3518305 0.04347801 37.99247353285435 
Car -1 -1 0 729.0211121979111 192.25789923505636 884.1015780479553 244.176360564482 1.4086702 1.5890322 4.107226 5.728501 2.0051208 21.23204 -0.07546969 46.61540811219299 
Car -1 -1 0 830.3825668843524 194.0084761612395 1067.7089879020537 281.77497943566107 1.469667 1.5607469 3.6642685 6.1616716 1.8858321 13.343556 -0.038893025 55.46656407009639 
Car -1 -1 0 89.93848437995838 189.6164842895681 365.59304006441226 285.0562163767887 1.5157979 1.6435223 4.0111856 -6.581867 1.8321664 12.70006 0.048467595 44.269935850043154 
Car -1 -1 0 0.0 194.90035695144346 319.2996461229995 313.5764942366999 1.4838582 1.6252729 4.0896983 -6.4618034 1.8200368 10.167272 -0.0110839335 69.3572056340344 
Car -1 -1 0 213.37219313198196 185.24824444281907 418.653874025817 259.57117157423914 1.629401 1.6981416 4.213662 -6.84496 1.9421284 17.182627 -0.084067 63.20235442371528 
Car -1 -1 0 760.4805908716763 191.05780906370032 932.8506760569096 254.9246565735953 1.4911454 1.5927197 3.849303 5.956541 1.9784305 18.354023 -0.08686063 42.78880213700833 
Car -1 -1 0 805.8107394258814 191.3927608987091 1005.849258481768 265.1549400663628 1.4831607 1.5846466 3.7646399 6.435962 1.9153118 15.895986 -0.07083068 19.19027141031026 
Car -1 -1 0 402.6216119188267 187.69933409689358 502.5540364371805 224.23569686618214 1.4967061 1.6022383 3.9448342 -6.6962805 2.1518927 31.031431 0.0060549597 23.413765820578035 
Car -1 -1 0 728.7547617349804 180.60889860397558 863.2979412824109 237.18241636719205 1.7525405 1.6778238 3.929581 6.026531 2.0162737 23.576988 -0.06329689 18.24016512993539 
Car -1 -1 0 614.3414882826214 183.11353464789696 645.8052480489533 205.59543032669734 1.4967964 1.546521 3.8552344 1.437459 2.2638862 51.919296 1.4045413 3.0103211810349704 
Car -1 -1 0 424.0382709929934 187.77196148548063 517.0522907618592 221.5520060735503 1.4973252 1.6076856 4.0025153 -6.4175944 2.2087014 33.566284 0.018582013 9.929310498879822 
Car -1 -1 0 263.0582843343343 177.74616870797394 442.11933314075725 247.52132316113045 1.80444 1.6723549 4.31162 -6.9093804 1.9445361 19.726658 -0.046693437 12.779686974789009 

