Car -1 -1 0 657.1674217781465 178.42607700746453 724.8047317175264 236.13823095868383 1.7687545 1.694574 4.264093 2.6878686 1.9761074 24.690582 1.5364133 75.57658732341196 
Car -1 -1 0 273.450943515334 185.9512799681438 444.2073615048681 247.41056495195863 1.551224 1.6171849 4.0366144 -6.670163 1.9200354 19.449818 0.029738715 62.889694279796 
Car -1 -1 0 358.0394821565096 188.69744984679434 485.5199075628647 235.22615600059396 1.4562259 1.5736707 3.8339508 -6.2525253 2.0096095 24.224869 0.10157922 21.15497048189324 
Car -1 -1 0 399.3343074625368 183.81901650971903 495.0017299964396 226.30815882559713 1.6144767 1.5735407 3.5489454 -6.427468 2.0668647 28.833921 -0.08516426 19.12646875858749 
Car -1 -1 0 644.3421262499908 184.4640216001028 683.8283084351348 218.08510738488468 1.5088077 1.5906576 3.7051682 2.6354728 2.1107342 35.5397 1.5499679 9.34904174847324 
Car -1 -1 0 316.975429449635 187.7349015304435 474.12983420037875 239.95711484779196 1.4825983 1.6195967 4.2597656 -6.369683 1.9484619 21.769869 0.004181757 16.743587220493108 
Car -1 -1 0 412.78335866600275 186.74811999529757 513.0852017545242 223.70628386915104 1.5150435 1.6154822 4.069108 -6.2782464 2.1341028 31.21452 -0.06286128 3.1171033004452022 
Car -1 -1 0 490.0473171837435 181.90445643416362 527.2047641719416 213.0333002982827 1.5649073 1.6066909 3.7515264 -5.4454136 2.0813956 39.27704 1.5402226 2.1114866095946887 
Car -1 -1 0 666.0255544520007 174.4312196702061 704.7250804624553 187.97129724701338 1.4601756 1.6127838 4.16637 8.274559 1.6349432 78.9933 0.07420639 1.398853172817562 
Car -1 -1 0 480.8728189506099 179.59760361641386 544.9250011932594 205.44174767420606 1.7777264 1.7103822 4.2728987 -6.7982273 2.2629745 51.012478 0.024414998 0.9071487285631307 
Car -1 -1 0 767.2275345714653 196.76381150358105 1022.6723865349429 348.7092623920224 1.4683543 1.4656304 3.0530274 3.4006846 1.8273729 9.166012 1.2954022 0.3051184415817261 

