Car -1 -1 0 721.4722626428562 190.50669478255745 907.6541445458057 308.16135515375396 1.4128245 1.5584881 3.4419768 2.9138837 1.7257147 10.99581 1.4656084 105.66753364081238 
Car -1 -1 0 657.5156238307871 182.36275942654598 739.0444751423355 242.49284442968099 1.48983 1.6126592 4.3093586 2.4337635 1.7923498 20.763206 1.5206037 92.01899301010357 
Car -1 -1 0 355.0485027478851 186.8920811706482 493.03855704465536 231.90663245962497 1.4281647 1.6181465 4.2360435 -6.228894 1.9230275 24.465939 0.07686381 59.34016576361059 
Car -1 -1 0 0.0 192.6528220352262 283.40816824373553 320.7874755352958 1.4577694 1.5617952 3.7939072 -6.4594336 1.7369099 9.322268 0.037025 71.07369324113571 
Car -1 -1 0 200.31041178734586 187.50613717629884 406.45494697777633 259.14185286948833 1.5045757 1.62697 3.9815845 -6.81799 1.8539532 16.353834 -0.018971402 40.37731620594494 
Car -1 -1 0 145.49549995321658 189.5067465165779 384.1928611202882 271.73747703298983 1.4480903 1.5848663 3.8603747 -6.530827 1.7892686 13.919376 0.037033163 49.53901130793567 
Car -1 -1 0 261.7345208186812 182.98143033505522 432.2074114437985 246.0134979177488 1.5318373 1.5934918 3.8583415 -6.762311 1.808876 18.788984 0.08028129 32.704266843602824 
Car -1 -1 0 367.3831679133837 182.5602213536444 482.8434552974123 225.5378955110578 1.5358872 1.5982656 3.9165657 -6.831156 1.909908 26.980593 -0.012345975 9.618318262501145 
Car -1 -1 0 649.6299055536708 179.7940603490508 697.4974164405512 216.96787071829874 1.4806271 1.5884894 4.1346107 2.736864 1.8048619 31.615274 1.5348829 11.545261456976487 
Car -1 -1 0 41.3314878618792 194.20334003730824 332.90096781588403 294.2621250645468 1.4361556 1.5396883 3.7897704 -6.617201 1.8024399 11.545626 0.03387946 32.23488358984549 
Car -1 -1 0 633.317895579333 177.15622086882536 660.739326781983 202.31438613158699 1.6846156 1.6264117 3.5895116 2.6023152 1.9981248 50.75862 1.5373416 5.458535523522972 

