Car -1 -1 0 639.4759432178665 187.09119684857367 705.6776155371693 239.10933895736687 1.3976109 1.5779935 3.7541144 1.8663003 1.8759973 22.337305 1.5306528 88.69067519334405 
Car -1 -1 0 792.3406227921527 201.2097859699737 1175.5933751779219 375.0 1.386219 1.5837985 3.873693 3.193733 1.7439041 7.1182604 1.5070634 133.59683518622518 
Car -1 -1 0 447.50284871756463 186.57009177530003 493.1925491193174 219.9847136838857 1.573251 1.6922417 3.9613986 -7.1930423 2.3261645 37.60955 1.5503018 39.94955968755159 
Car -1 -1 0 625.6636326527367 183.48436788722265 677.7352302037382 225.87902767825844 1.4734471 1.5997635 4.2080135 1.5778295 1.921783 28.290762 1.5225847 27.667109158993743 
Car -1 -1 0 881.906401285161 168.03174104427762 1017.5271353796419 223.85882334888342 1.5543823 1.6000453 3.4621046 10.220473 1.420117 21.752684 0.6265302 66.60133322769158 
Car -1 -1 0 1122.1697572371822 164.06070438094636 1242.0 215.21211197824113 1.4286826 1.6524235 4.005207 17.986307 1.1830816 22.158264 1.5741714 23.74804680574003 
Car -1 -1 0 802.796071117236 177.15793867270042 912.5404093029075 220.5019091927187 1.5656215 1.5746534 3.7966821 9.615054 1.7425303 28.022705 0.5270872 2.050072936444567 
Car -1 -1 0 862.9907445662271 174.9712738262172 981.9569070575064 221.6754108672305 1.4629765 1.5229688 3.4819975 10.52429 1.5389845 24.3237 0.568353 1.0395471122255644 
Car -1 -1 0 187.24933977934484 191.9900490878786 227.6665215619833 211.5449487590859 1.4848418 1.631227 3.5159924 -33.477016 3.1286476 60.163094 1.4905328 0.7923486338481089 

