Car -1 -1 0 680.9314961057219 187.83409115155374 780.0657016883996 263.28620269704726 1.4781371 1.5909919 4.1499662 2.7160506 1.8754297 17.0499 1.556325 84.95039862242783 
Car -1 -1 0 336.4790722154423 198.40114417453464 499.26160068362367 316.8484285687969 1.4551312 1.627532 3.7133687 -2.8524046 1.9291029 11.526527 1.5666549 99.13039385108637 
Car -1 -1 0 514.749102375987 189.71944010602593 560.5744018288091 230.9954342684374 1.4998173 1.6205896 4.0471134 -2.9182823 2.2474985 29.939442 1.539547 34.85732888559186 
Car -1 -1 0 419.1595943516166 191.96687050226302 522.3849224206841 266.92255059240966 1.4485044 1.5890061 4.1176367 -3.1373177 1.9555768 17.071318 1.5869446 47.411377489657376 
Car -1 -1 0 630.4908638377665 184.18702125174315 655.7509758295507 207.85761090942816 1.5376918 1.492888 3.7200217 2.3193011 2.3612711 50.55408 1.5421404 13.957585178486202 
Car -1 -1 0 645.1648318645412 178.02418485520369 693.458148953929 224.22463602053313 1.9036056 1.5844653 3.684654 2.5945344 2.1468372 32.049347 1.497397 20.385829185796087 
Car -1 -1 0 666.8584768140465 188.64966282391183 736.6193377816588 242.60612086616877 1.4495401 1.5592815 3.9489548 2.7868795 1.9869769 22.551874 1.5394199 28.347213042671516 
Car -1 -1 0 652.4262614087489 187.94193241592203 707.7130730067887 231.35416566046513 1.4594631 1.529023 3.8043618 2.6213827 2.0762348 27.551767 1.51233 31.99185107277203 
Car -1 -1 0 545.983719914973 187.84891573057416 578.2810733796038 216.92616283187314 1.4795427 1.52572 3.5072877 -2.6097844 2.3536696 40.297813 1.5848036 4.406076819877234 

