Car -1 -1 0 0.0 194.00736287898752 301.8660779360164 375.0 1.5181315 1.6269281 3.925616 -4.840342 1.7963687 7.519523 1.5604686 95.44096819596739 
Car -1 -1 0 465.72752973515156 179.39948900289386 522.1930280299396 221.26197581335518 1.5322144 1.5450747 3.3365068 -4.5265455 1.8076043 28.65021 1.6243823 61.285958032781075 
Car -1 -1 0 224.7941194142706 191.17931126955588 413.88451328816245 295.07193328710383 1.4215786 1.6613762 4.335715 -4.8708286 1.802473 12.819263 1.5583754 99.10578691708292 
Car -1 -1 0 740.7688083241443 182.67136945168244 897.6831530193982 284.9312399486685 1.4906211 1.6556956 3.9511015 3.5259743 1.6926767 12.873754 1.5719877 67.62666848181608 
Car -1 -1 0 804.0364133687104 189.3876127831314 1169.7430908853455 375.0 1.4644886 1.6476747 4.2003965 3.5111847 1.6899761 7.723175 1.5495216 107.98363381988133 
Car -1 -1 0 715.7222433040284 180.9230886582147 810.0366669318933 248.14204381700614 1.4911938 1.6429062 3.9285555 3.793354 1.7197685 18.46045 1.5887516 51.91177874783284 
Car -1 -1 0 695.5353296802697 179.66390890946622 765.705496312868 229.16236288314997 1.4638082 1.6123325 3.9418902 3.908658 1.7077378 23.864191 1.557915 30.181336535260765 
Car -1 -1 0 491.9163670117357 178.9807772062328 539.5526108252197 213.48268133894112 1.472365 1.5225899 3.7464442 -4.2806664 1.7720743 33.3835 1.6264399 22.3735668448018 
Car -1 -1 0 628.7987100592161 175.52669482054554 678.8807620292681 191.27215449140442 1.441633 1.7017977 4.6061134 4.1076355 1.6944509 67.316574 0.0371489 18.067013416451964 
Car -1 -1 0 692.1800409756979 179.52764037444578 741.1156768870798 218.81989463268664 1.4679539 1.5123568 3.5681431 4.296893 1.75613 29.361654 1.585856 10.285190834285032 
Car -1 -1 0 1095.1857763969135 171.81093763841855 1242.0 244.63268750567968 1.534547 1.6431235 3.8135486 13.977426 1.5125668 17.251991 1.3311656 1.9648777353696436 

