Car -1 -1 0 125.06022083386028 186.6776231925496 339.79279461402064 308.0905816374547 1.4809368 1.5205082 3.4014342 -5.4456353 1.7227664 10.907072 1.5509505 123.48084066273252 
Car -1 -1 0 743.9580432401078 180.56229447377882 907.4870569695723 286.66092541135504 1.4434426 1.5607436 3.5568395 3.3568995 1.5894368 11.87145 1.5498214 84.62012477124135 
Car -1 -1 0 276.3723267539932 181.3451990178241 417.8638261549235 264.5393744530569 1.5164084 1.6141958 3.8511488 -5.4407854 1.7212541 15.476251 1.5769086 89.93033257429491 
Car -1 -1 0 809.794019097802 183.9395493673033 1242.0 375.0 1.4826854 1.6153045 3.9381397 3.2246466 1.6114824 6.3688073 1.5102274 110.41009906933948 
Car -1 -1 0 477.3711424340301 178.03794640974104 529.3796910428548 202.01864595149684 1.4188256 1.5680274 3.625256 -6.7130947 1.7586015 45.40024 0.87206614 26.145943013959172 
Car -1 -1 0 278.1780693339826 178.62153836944557 323.072915782569 213.77143157120435 1.4669406 1.525844 3.764277 -13.9816 1.7453288 32.8022 1.2613103 1.5735990795250918 
Car -1 -1 0 683.448843075759 172.1241416828762 733.8968284114941 189.10952630040288 1.4207318 1.606256 3.9547157 8.435312 1.3596829 61.514168 -0.18971156 2.830977137390611 
Car -1 -1 0 581.4463468024106 175.04056902378125 636.5243825495354 194.46066868527333 1.5141263 1.6227292 4.2329445 -0.031114459 1.6966819 58.45015 -0.5448162 1.368379370827031 
Car -1 -1 0 634.2765645453565 170.02098953688886 674.8670147968402 186.78414531756468 1.5590776 1.5906212 3.7758667 4.24963 1.2955897 68.039375 0.07354582 0.2768300473690033 

