Car -1 -1 0 772.6266601371303 196.36811220938304 1146.1405744494195 375.0 1.406476 1.6025504 4.238783 2.987728 1.7135831 7.2793555 1.53828 99.63489229195392 
Car -1 -1 0 652.7765313310172 176.3996916864807 716.5383050381229 229.74480776727899 1.7857155 1.7277935 4.3697214 2.6807227 1.9276669 26.667522 1.5287977 70.79632349933061 
Car -1 -1 0 310.99958161887434 182.73598766454896 459.94510060464654 238.373225315057 1.5580993 1.5833857 3.9073863 -6.5552244 1.8621126 21.352201 0.027689213 44.97614389005288 
Car -1 -1 0 643.4459712688406 182.70051852629956 681.3013501313374 213.58603436591295 1.479481 1.5703638 3.59929 2.7028444 2.0169964 37.558956 1.5311381 9.038233407846826 
Car -1 -1 0 633.0074212141124 181.25087869425164 661.296158388577 205.19744813086257 1.5433867 1.5785143 3.5879552 2.5510077 2.1421866 49.621853 1.5187359 5.351245259878118 
Car -1 -1 0 413.0388442392006 176.09757719666968 510.64365781156766 216.05539879649857 1.7810186 1.6491942 4.179674 -6.7356534 1.9342384 33.194546 -0.031221107 15.722797790099944 
Car -1 -1 0 379.7299625748489 185.71187646063652 494.9116585191063 228.06359904837143 1.4389079 1.5570745 3.7604651 -6.218688 1.9248438 26.212444 0.15331097 7.937841378053523 
Car -1 -1 0 344.261984605417 184.10033408387778 486.1266035149699 232.2486040163867 1.4879483 1.6028605 4.201564 -6.311306 1.8714967 23.671436 0.064961046 6.031777976731027 
Car -1 -1 0 413.52391165892317 179.96428544784777 505.6909469573722 219.49603315726895 1.6216301 1.5814457 3.5574694 -6.3765364 1.9351813 30.877613 0.08622075 5.409737972450646 
Car -1 -1 0 428.2262017294738 175.92961112948245 517.5273840785155 213.34567079682444 1.7851737 1.6571002 4.1083164 -6.663738 1.9401951 35.47059 -0.03377914 1.3288482395363472 

