Car -1 -1 0 805.1702920318548 164.85153719828995 1164.898056057822 295.0744211526503 1.4574351 1.6164654 3.7214155 4.553226 1.3678727 9.052633 -0.092861615 126.69154678226239 
Car -1 -1 0 689.0706513129707 157.22678131689395 831.6405042868842 212.66045804344398 1.446575 1.5595676 3.5191052 4.0766 1.0387733 19.786545 -0.10361114 104.05209687642215 
Car -1 -1 0 666.176427239178 157.71273289910783 803.9434760369494 207.0168473185567 1.4469514 1.5779867 3.8842473 3.8108253 1.0025933 22.204 -0.12703407 24.092690412238667 
Car -1 -1 0 245.21321328385477 148.90498606459613 408.91355789880566 204.25702034459067 1.5148013 1.632771 4.066904 -7.9934597 0.8593962 20.690004 -0.063569166 51.22367049461414 
Car -1 -1 0 16.309744925022173 153.56888312679334 306.4109086443386 244.44031805215246 1.4873452 1.610142 4.075224 -7.729277 1.1716945 12.746044 -0.06525114 58.36028020152442 
Car -1 -1 0 117.4573960274634 153.1556310524855 350.1793812253983 226.1765396194906 1.4861217 1.6062875 4.1754937 -7.954311 1.0852203 15.514996 0.013020633 41.27886032605474 
Car -1 -1 0 460.1026598966354 150.81319751928058 493.1541575626755 171.51960014299564 1.6080147 1.6431335 3.729855 -10.776005 -0.11163908 58.330376 1.1029038 3.4645366792937673 
Car -1 -1 0 271.561258765087 146.8904030703346 406.1867801858974 201.10679746036956 1.6712492 1.6212988 3.7885413 -8.634224 0.87090737 23.271393 -0.11889157 2.9486250602256714 
Car -1 -1 0 357.69936122597187 147.88593557550996 417.86068257802265 197.2457424280792 1.6711524 1.6425556 3.5818882 -8.014088 0.8258199 26.331083 1.404252 3.419731275493927 

