Car -1 -1 0 171.25402771629692 190.0845433022334 398.9527066228392 314.6366306499995 1.4150759 1.5616274 3.6505184 -4.254477 1.4961373 10.139189 1.5756655 97.87097984501965 
Car -1 -1 0 386.48430798993746 182.86726553674495 478.49895277385343 239.31483139697224 1.413106 1.5911832 3.8571925 -4.7203054 1.3543154 19.92952 1.5772731 80.86540314957686 
Car -1 -1 0 464.73680559440027 179.91155679171484 516.3213691925507 216.34657650939084 1.3926737 1.5467132 3.7110558 -4.695058 1.1899309 29.342236 1.5582993 55.90220395866935 
Car -1 -1 0 335.869630854768 181.60577354027177 413.0519206877784 222.6845414305989 1.4340949 1.618752 3.9395206 -8.6579275 1.3080693 27.0685 1.5743479 30.192334547614404 
Car -1 -1 0 202.85707148896202 178.57883093189122 328.6914273568078 245.5286560481726 1.5285532 1.5588363 3.6955028 -8.521682 1.3770248 18.288017 1.533426 17.195597668571953 
Car -1 -1 0 575.8354669368786 174.8474084826824 609.1047997624784 205.66928691144662 1.5059996 1.6259246 3.8366416 -0.7537309 0.9993906 37.05689 1.5528634 19.012587000066052 
Car -1 -1 0 0.0 162.74317589878538 146.25248836382167 266.524872401702 1.9122078 1.7163537 4.3914676 -12.128128 1.4981451 15.468462 1.5371865 7.6822820623347 
Car -1 -1 0 454.83284629995643 171.56919725289697 488.11322690890205 200.29427043603718 1.8631809 1.6995288 4.0270486 -9.143857 0.9780343 48.683723 1.5161872 0.871970495732899 
Car -1 -1 0 390.48059662999225 175.0710956675085 427.99656064249433 199.76973655401986 1.4938884 1.6207292 4.2161217 -12.516544 0.88029575 45.659443 1.4686644 0.2518623173236847 

