Car -1 -1 0 672.8846956348918 181.98511649433013 794.3018560852713 265.2277289318954 1.4820629 1.6524796 4.3983455 2.4966266 1.7075348 15.577196 1.5182676 99.66759994879841 
Car -1 -1 0 111.37572254623286 197.1616602407992 387.13394114858454 288.25666272993845 1.4212813 1.585475 4.039708 -6.150063 1.8746812 12.589842 0.03788884 84.03662415475486 
Car -1 -1 0 247.7170066016421 188.74015238392803 419.0619034160207 253.64727620400703 1.4844286 1.5673995 3.6419897 -6.7621613 1.8980128 17.867609 0.07451519 60.699454363014105 
Car -1 -1 0 648.040443089814 179.34565716344628 693.3855259516416 218.26470421230997 1.5214324 1.5940603 3.6538184 2.5404522 1.8136683 30.649622 1.5644082 22.226035474879083 
Car -1 -1 0 0.0 198.4916074392181 311.0427462378222 313.84104469221006 1.4177067 1.5864167 4.020873 -6.500201 1.8045467 10.061177 0.016335102 90.95004004460935 
Car -1 -1 0 404.41309595977816 182.2562184778616 501.5883840431198 215.0269706616689 1.4708626 1.6409642 4.261262 -7.2879457 1.9248044 33.88378 -0.062656395 9.26610430202108 
Car -1 -1 0 373.790241340466 183.58044038617157 498.0319533331836 226.054107123601 1.5000418 1.6441495 4.2539477 -6.5130553 1.9220594 27.228148 0.1647645 13.418237780121373 
Car -1 -1 0 641.5660085269618 179.00956436044518 681.0456341778405 211.724161075991 1.5070052 1.5643387 3.5378647 2.513779 1.8270313 35.71366 1.5306449 8.138611440454847 
Car -1 -1 0 536.6648906369516 181.35516266084574 561.6162373997633 201.35630134290724 1.4891133 1.6313777 3.8248935 -4.8422103 2.1900716 57.467903 1.3940296 1.8201868810799975 
Car -1 -1 0 456.0872033116799 182.1009694047092 531.5478015399761 209.5110783753074 1.5223923 1.6489488 4.152049 -6.63138 2.0681329 41.645977 -0.055312663 2.448369241163868 
Car -1 -1 0 518.0450330719879 181.83830410102016 543.891649556603 205.6958419350231 1.4641626 1.547311 3.5754 -5.1409254 2.078479 47.500343 1.5030094 1.6552314632497882 
Car -1 -1 0 149.10065201393286 194.01416187353064 371.3654526541184 272.74386157312597 1.4702885 1.5356867 3.8815227 -7.110615 1.9336048 14.88282 0.07747395 0.7186890606820735 

