Car -1 -1 0 706.8766754927485 177.42414504739463 840.6309693621363 268.0189575987332 1.4285523 1.5700153 3.5432494 2.8770885 1.5245091 13.35426 1.5392817 50.41264501855183 
Car -1 -1 0 677.6555613505905 172.8379082367089 768.582335362131 237.30621577103594 1.5068996 1.664983 3.93557 2.844633 1.5065234 18.85348 1.5456915 67.84752956343354 
Car -1 -1 0 654.0077321482374 171.77122588504304 698.5092096101333 207.6568940177772 1.4401598 1.580327 3.7697182 2.7932239 1.3967059 30.847202 1.5780327 46.062769999194046 
Car -1 -1 0 750.703399769696 151.80518371414814 1083.8838144693445 375.0 1.7557788 1.7253729 4.283102 2.8424082 1.5906396 7.8161163 1.5545675 88.41161888451329 
Car -1 -1 0 0.0 180.54050734643818 302.2721889810346 296.57728326970044 1.4738412 1.5951606 3.8655999 -6.5628233 1.589713 10.073982 -0.002799206 43.72406361392919 
Car -1 -1 0 83.08044370426951 170.96858907757957 357.90441972488793 274.2104881880875 1.6220121 1.6138788 3.7723398 -6.422928 1.5923908 12.225838 -0.0444244 49.453066511522785 
Car -1 -1 0 325.7472797806236 167.73281568872326 468.3078504028097 223.83216811639969 1.6090124 1.6545383 3.7641377 -6.2613344 1.4621291 21.531336 0.0049457867 29.820448892457655 
Car -1 -1 0 383.87466286911985 171.9509603961501 501.42773732903237 210.0559984477951 1.4870329 1.6508982 4.338886 -6.720092 1.451792 29.2448 0.123836614 15.583729782273679 
Car -1 -1 0 167.1805491907611 163.55093483666425 417.53141888632047 254.67227395916032 1.738973 1.6740272 4.332727 -6.2768826 1.5614319 14.6090765 -0.0009838885 33.75766619215022 
Car -1 -1 0 276.7762411314596 173.48256496045516 452.8187822374741 232.21035796838427 1.4700993 1.6164484 4.0966563 -6.384415 1.4875402 19.05168 0.079879895 5.900073280355243 
Car -1 -1 0 425.8205067550656 161.1755327208929 521.1923592036572 199.57945590263267 1.7728188 1.7114987 4.1907854 -6.387184 1.2337121 34.17094 0.0034620834 3.3276037243238865 

