Car -1 -1 0 635.2156137305786 177.72662592723512 709.2722369964993 229.60791838633642 1.4188558 1.6148577 4.2892294 1.834615 1.5846052 22.34498 1.4956347 80.87058135186197 
Car -1 -1 0 268.40145868391767 184.72687488781995 438.3014472390035 241.46808334288647 1.4110367 1.5748497 3.937138 -6.6948943 1.7388823 19.104853 0.016075557 32.7888218374205 
Car -1 -1 0 618.030785056726 175.52457362431696 652.3503479192589 205.0086355618431 1.4427786 1.5261695 3.6059356 1.2888151 1.5882301 37.468777 1.5344648 11.540065238140965 
Car -1 -1 0 325.83216461728654 178.74111086427857 447.4026499800302 226.15788808702615 1.5113801 1.5668727 3.5797799 -7.4534225 1.7176898 24.268488 0.13506164 23.054879959705264 
Car -1 -1 0 883.3310878062559 159.72846968111313 1242.0 316.2737858686175 1.7854788 1.6607413 3.8738222 5.7363367 1.6357754 9.1790495 -0.062403183 40.88592716228024 
Car -1 -1 0 198.30803676842973 182.44077078457863 401.67937550540665 250.84461620165627 1.47085 1.6332821 3.9700713 -6.9953003 1.7019677 16.570374 0.0039391355 27.61003272148291 
Car -1 -1 0 609.7718525059175 172.07075665501554 643.9345554224503 199.869294885093 1.5671353 1.5641708 3.6514363 0.9793167 1.52298 42.573162 1.4674456 1.7796690394358543 
Car -1 -1 0 391.2867672359744 176.59353673318842 491.1760281875418 210.1206079065618 1.5088313 1.6705216 4.235416 -7.80665 1.688389 33.667583 0.06829219 1.9506660883907405 
Car -1 -1 0 336.8268062946311 152.8818101143648 383.37045672312587 178.97079738104918 1.5431668 1.6598549 4.034753 -15.399772 0.36180907 44.73384 1.522901 3.633798380078298 
Car -1 -1 0 464.9107449450756 172.83416057787463 501.298630224633 199.96141328651927 1.4864279 1.5691056 3.7969456 -7.327402 1.4853406 41.583443 1.2623711 0.6421969785007787 

