Car -1 -1 0 666.0093207189722 187.84402453138165 745.7013809367141 242.19737489778677 1.4145312 1.5523765 3.381094 2.7858195 1.8986273 21.528751 1.4478269 90.12083954024317 
Car -1 -1 0 977.4180402721565 190.4833100285005 1242.0 348.9510975488896 1.4231576 1.5709755 3.8049684 6.8272977 1.692917 8.988666 1.102049 84.64410374812124 
Car -1 -1 0 72.58720174596881 191.65005429225096 341.4357048446937 285.4956157152371 1.468026 1.5705166 3.7594974 -6.806508 1.8155891 12.486052 -0.037999846 50.545831547662395 
Car -1 -1 0 641.8534152467372 185.2807986251858 689.7534892022571 222.54205708092294 1.4314032 1.5500226 4.088853 2.36468 2.0043964 31.188145 1.5193161 36.33988645348199 
Car -1 -1 0 239.043274378691 191.83892008256012 436.70942124848966 256.6619926836503 1.4459028 1.6343179 4.1494074 -6.437398 1.9250963 17.393051 0.000935384 79.48487440363998 
Car -1 -1 0 0.0 192.4051025803342 295.21988558437965 309.67919376433656 1.4820065 1.6094449 3.9625435 -6.7964606 1.7825778 10.246471 -0.021014355 52.2972188108713 
Car -1 -1 0 314.9634749370917 191.34369156348376 456.4936196765487 241.88568734795135 1.4376111 1.5744302 3.8413615 -6.812993 2.0296717 22.159561 0.08362125 27.629806291743094 
Car -1 -1 0 343.93364148432374 189.87942919268576 476.23955822493394 234.53927578675783 1.4153726 1.5912849 4.015501 -6.664178 2.009925 24.353695 0.023920938 23.74635121398163 
Car -1 -1 0 289.8455759811713 190.00562196652638 446.63540532778416 247.94455558318202 1.4840672 1.552659 3.7751558 -6.539013 1.973989 19.788998 0.023854472 13.271378505426187 
Car -1 -1 0 371.4972522088465 187.28625780184615 482.39254007541786 229.19012217184977 1.4624059 1.5773652 3.6764297 -6.733651 2.017408 26.792814 0.092100516 7.167352586234188 
Car -1 -1 0 431.261389123233 187.7218349647327 523.7298974285959 220.0902339640292 1.4873325 1.6388927 4.1393747 -6.336094 2.2244883 34.876762 0.0380086 4.458467206965002 
Car -1 -1 0 438.9071797340018 186.19381358574205 519.6432895815083 216.84757918956817 1.5254109 1.6142396 3.8623605 -6.800147 2.2440362 37.83708 0.12010185 0.874396026134491 

