Car -1 -1 0 566.0037420859277 182.2494230613091 612.1433106543705 214.23501103764048 1.5029981 1.5413238 3.3182251 -1.0879625 2.00549 36.779186 1.2794304 44.46962643621682 
Car -1 -1 0 846.5025426265611 182.00854458557552 1066.1146380853484 261.42609350587975 1.4538388 1.5945503 3.728649 6.8495407 1.6537633 14.614823 0.19458714 126.60473407245298 
Car -1 -1 0 633.9606363789047 178.99390695278802 723.5198330766248 236.29609739519984 1.5884324 1.6522427 3.4675717 2.0466404 1.7942009 22.293434 1.3113934 56.63682899188713 
Car -1 -1 0 606.5645931451684 178.45398999360154 662.0315216809983 202.15000723052597 1.5096334 1.5858982 3.611153 1.6877909 1.9004995 48.58474 -0.70840913 5.273644951334879 
Car -1 -1 0 515.251404484423 179.77229145810392 573.0119011317234 202.6469789408607 1.5453584 1.6387105 3.961501 -4.673785 2.0614204 51.87329 -0.7492699 30.289719371956778 
Car -1 -1 0 649.5301146833946 174.11086022676 704.7457518630044 195.856805453098 1.49607 1.6146548 3.9962568 4.8748894 1.5895782 51.771088 -0.7054547 1.4661006615883794 
Car -1 -1 0 694.8115082700252 174.78467606434162 738.6468508837241 195.38735019559053 1.5178175 1.5460562 3.378078 8.215729 1.6700971 55.194237 -0.749037 2.4431955294724017 
Car -1 -1 0 796.3400401270376 172.0254337016588 837.1541647844863 189.28846772230926 1.5219276 1.6134796 3.871491 18.809837 1.44888 65.4491 -0.67310464 0.5490468827356962 
Car -1 -1 0 792.8738755797399 171.6916269434369 820.1689905505498 193.13927683410782 1.4807017 1.6159024 3.9303842 14.207093 1.4004536 51.93548 1.909507 0.2594871520996094 

