Car -1 -1 0 767.1472143588495 177.4477081147114 1024.7395820376073 346.2713720937761 1.5386311 1.6273937 4.0103474 3.0972137 1.6070459 8.716209 1.6022519 113.9180612604982 
Car -1 -1 0 186.47583895541962 186.7438211662444 375.0077656530174 294.0335215479459 1.6165187 1.65063 4.0608144 -5.8552427 1.9141724 13.429911 1.5731905 97.56726280167902 
Car -1 -1 0 1004.2519385078355 143.42345367333982 1242.0 253.05435791195447 1.4954461 1.6959444 4.3660555 8.510996 1.0939918 10.733837 -0.020033352 90.02934485049776 
Car -1 -1 0 442.45608193367184 182.79162051489033 502.6889032599331 222.3107096608169 1.4823778 1.5931594 3.9023676 -5.6260123 1.9236767 30.053164 1.620149 29.13553980223795 
Car -1 -1 0 400.2236688713968 185.01326448398922 479.2055296104721 234.31908233986684 1.4687535 1.6138098 4.0267286 -5.6679068 1.9166751 24.539879 1.6053737 38.007664876167354 
Car -1 -1 0 468.8880946385826 182.77598564399926 514.7296154808973 215.33614692336826 1.4368644 1.555535 3.6116045 -5.6175346 1.9400392 34.77101 1.5900307 12.600994191048951 
Car -1 -1 0 768.8253104985599 163.58903769510462 853.189652566991 194.11770299087453 1.4930912 1.6355826 3.8651567 10.074889 1.0399617 36.29684 0.10073019 21.250150310631643 
Car -1 -1 0 1035.5958465883314 148.2875698119799 1133.5892948395804 182.51337467120507 1.6338315 1.6183994 3.7731743 23.211073 0.46110776 35.331055 -0.041692194 18.97449453173157 
Car -1 -1 0 967.4393046541095 155.90819639638448 1046.799256058834 181.50772456793166 1.5166408 1.611921 3.9564958 24.022837 0.5126886 43.66813 -0.058746666 5.495614293479219 
Car -1 -1 0 491.6143175511242 180.48058821744337 529.7191088627876 209.57628002063922 1.5104564 1.6123857 4.3716354 -5.5347357 1.964985 40.80558 1.5572112 4.28665058024503 
Car -1 -1 0 982.2981718146766 154.7944386820635 1063.1921472916965 180.53058921386358 1.4418553 1.5725819 3.8084884 23.657154 0.43007696 41.372482 -0.086948164 4.142707128000005 
Car -1 -1 0 515.9443614041712 179.38469349422073 541.1169649672556 203.7383988788885 1.5172868 1.5854893 3.8991923 -5.431645 1.9709342 48.08343 1.4379617 2.7134381359571456 
Car -1 -1 0 0.0 202.9635192139391 284.90887317860836 353.91484782584746 1.4292848 1.5623564 3.8714216 -5.914814 1.9101418 9.567587 1.5445243 0.7415717991767315 
Car -1 -1 0 708.1796064762652 173.56691300999142 744.9744408608803 197.18615746482465 1.4151261 1.649776 3.941638 7.3006663 1.4618616 45.325375 1.564703 1.1531562776164281 
Car -1 -1 0 1004.1189261949999 152.46366163640744 1095.268656326597 181.56770480896574 1.5179691 1.6318508 3.8573768 23.412151 0.45447737 38.467274 0.009541152 3.111625185169546 

