Car -1 -1 0 564.103951178444 199.8812060568611 968.4903777043749 375.0 1.535434 1.5989411 3.5210302 1.0401242 1.8451793 6.337862 1.0966618 99.60272087366423 
Car -1 -1 0 447.2190621141727 206.2757818970407 656.9479841002855 353.90721974517754 1.5155706 1.6151845 4.140999 -1.0605283 2.109902 10.61968 1.0985637 108.86996569938098 
Car -1 -1 0 388.34783617018866 208.09530454842235 513.8822874336347 303.27126171924976 1.4719514 1.5266955 3.7834802 -3.3394408 2.288458 14.689149 1.0798061 90.28945363926928 
Car -1 -1 0 282.43970151029595 209.981585916585 335.449811188665 254.89057242274106 1.5080981 1.5972042 4.237744 -12.626854 3.1762414 30.177382 1.0675719 21.330058527352254 
Car -1 -1 0 326.290836497116 202.9656254409672 417.6967765867214 280.2103665420789 1.6649399 1.6385484 3.6369278 -6.3603053 2.5444965 19.088741 1.0624259 86.80909635777496 
Car -1 -1 0 0.0 228.43051207910557 100.66159266089689 336.6869009230278 1.4738346 1.5733649 3.4361436 -10.770269 2.669122 13.636628 1.0488579 57.234692742670674 
Car -1 -1 0 75.8897630610522 209.71008317706014 148.65825634875833 277.16548165527615 1.7745419 1.670578 4.0063105 -16.074383 3.083735 23.48047 1.0381594 64.51790510416534 
Car -1 -1 0 140.7237160740181 215.6625820302388 174.36581143105053 247.4722487031948 1.5302408 1.5900072 4.0091686 -26.656689 4.177339 42.50525 0.9887276 4.025408191946055 
Car -1 -1 0 1196.7649769957443 154.95336184598997 1242.0 183.3466986764517 1.5848343 1.6360776 3.848022 36.03501 0.585672 41.899048 -0.48818678 0.524115783673559 

