Car -1 -1 0 693.6868769128592 187.09661781462157 822.6460309974627 271.4748137581251 1.425456 1.5642886 3.5252242 2.867024 1.7507685 14.644803 1.4644336 122.07527524795749 
Car -1 -1 0 650.6038077464425 182.02355008754535 715.9607617071243 230.92687550232876 1.4494433 1.599687 4.1854424 2.3906293 1.785381 24.308619 1.5268995 65.33554872105903 
Car -1 -1 0 0.0 195.67245409856616 337.07189945676566 304.49070216524103 1.4095163 1.5998946 4.067953 -6.2995906 1.767014 10.494932 0.0046673995 136.23261271756675 
Car -1 -1 0 381.8576215480107 184.81965850985378 503.07761047401567 224.11174398952514 1.4485335 1.6335397 4.311132 -6.4126 1.9265954 27.973755 0.017202374 28.01206885123378 
Car -1 -1 0 107.11028465906088 192.1106459088265 365.53849830752904 281.09632738912114 1.4423221 1.5433049 3.8095574 -6.511447 1.8065281 12.844428 0.016093323 40.94953430291106 
Car -1 -1 0 238.96192018893817 187.50522319404473 425.8465430799543 251.91075274174332 1.4512341 1.591063 3.9175913 -6.6207905 1.8234909 17.487728 0.025404744 38.59399980144665 
Car -1 -1 0 642.0872196622762 180.4031441483231 684.2175171584829 212.7782186219115 1.4442029 1.5438242 4.164419 2.5620084 1.8356502 35.294594 1.5188701 8.495066252814587 
Car -1 -1 0 283.65263964282866 184.59895044769704 442.0123555535659 242.4916823394938 1.5045717 1.6148217 3.8405228 -6.732439 1.8436198 19.965683 -0.029322531 21.489784258101494 
Car -1 -1 0 176.21723868181084 192.2058681773172 392.13326661520705 266.3376141496636 1.4272043 1.5521624 3.829659 -6.7071934 1.8555733 15.146875 -0.025652725 23.88079343152943 
Car -1 -1 0 320.8287986070977 183.33341613420578 455.88335057861116 236.194700376613 1.5429506 1.5309494 3.6970186 -6.7993336 1.8812134 22.35999 0.091050304 11.152965527593729 
Car -1 -1 0 742.3977660982664 179.9886209358783 808.2787628224072 221.8372852708568 1.453577 1.5618958 3.8478177 6.269366 1.7463322 27.665434 1.5476575 6.38226558061526 
Car -1 -1 0 489.7363526360311 179.81632554303917 547.8415451551848 201.53293099461305 1.4987241 1.5988901 3.8224146 -6.51038 2.0110707 51.846855 0.251556 0.5956631302833557 
Car -1 -1 0 628.5292935930748 175.01872526699972 654.8873233939519 198.81402594620204 1.7210519 1.6823397 4.0306025 2.3965514 1.8909917 54.601166 1.5369809 0.5906008100672479 
Car -1 -1 0 514.416105103512 181.51645125494355 541.0917014906281 206.92518524561993 1.4666378 1.5001187 3.5605824 -5.037057 2.0255668 44.726048 1.4983917 0.554384538174899 

