Car -1 -1 0 708.9698686672177 188.83935288406636 836.2975762942435 273.1653189553449 1.390312 1.5808816 4.1914454 3.1639528 1.7652371 14.810242 1.5483726 108.42031369494033 
Car -1 -1 0 655.3835203904289 175.64749457723752 703.7758076118082 216.6959680990806 1.8091967 1.7283562 4.2617464 3.2542496 1.950203 34.25835 1.532365 49.34476034182209 
Car -1 -1 0 0.0 190.73966037005877 302.0068837158282 347.9101898373532 1.4563484 1.6255643 4.188898 -5.773696 1.6740742 7.84177 0.062324952 93.48899192123757 
Car -1 -1 0 0.0 183.85261389660283 329.39385924062225 298.92715672617646 1.5125549 1.6282672 3.8962243 -6.340913 1.6857138 10.50365 -0.02160441 59.35617516657143 
Car -1 -1 0 103.18973252978908 166.67350154994884 367.9204600236919 274.27216699326897 1.7778935 1.6628958 3.8294415 -6.47575 1.6757708 12.805912 -0.027441297 35.495238782473585 
Car -1 -1 0 402.6622765184174 177.79510608471858 506.09023914134536 219.3146312054486 1.6131552 1.6134576 3.8175707 -6.187259 1.817571 29.038704 -0.002585983 11.449181141215632 
Car -1 -1 0 486.406083747849 181.38902561818995 531.989344505216 216.43540936055982 1.4424657 1.5989206 3.8511984 -4.4710746 1.850884 32.58523 1.5499727 4.158800059024559 
Car -1 -1 0 381.1119077184574 183.6621780302539 508.12069461914626 231.03106638583887 1.4673841 1.5793684 3.8093705 -5.3154106 1.8331225 23.575676 -0.026820246 0.5812928236837659 
Car -1 -1 0 457.8158672185149 171.13074255767563 531.5285040085358 202.0121911325644 1.7119403 1.6418617 4.0035176 -6.4725676 1.6164098 40.957954 -0.06997247 0.5574604713448714 

