Car -1 -1 0 674.2126104706363 183.97709011934674 743.2728849679386 237.6030714753631 1.409104 1.5531172 3.423185 2.8585408 1.7653077 21.389137 1.5634457 69.57501484132891 
Car -1 -1 0 757.8720519368546 178.48272154385955 1051.8635656294143 375.0 1.6146066 1.5852762 3.4321942 2.7829707 1.6878209 7.635515 1.5262024 138.58433857731967 
Car -1 -1 0 723.7363783627645 176.25567509707474 838.8481014595876 223.6557825297267 1.672783 1.6995323 3.8827314 6.2447586 1.8025043 26.558252 0.056099415 51.196573733289924 
Car -1 -1 0 249.6662625696486 186.84698335562524 439.2270642593713 253.56049000152547 1.4449968 1.5649327 3.8336186 -6.0705776 1.7864454 16.788923 0.018410137 76.59607472119181 
Car -1 -1 0 0.0 186.8207673858288 304.2691927828794 321.3232971420681 1.4816196 1.6130147 4.0117292 -6.156814 1.6731021 9.011603 0.037218403 77.8330360170973 
Car -1 -1 0 304.69380586160105 181.60275430604767 473.0371978015756 242.90528109869078 1.5192535 1.5628636 3.940217 -5.723443 1.7597821 18.981583 0.03793461 67.47494688421352 
Car -1 -1 0 350.6962344981377 182.00932917984028 494.38963881643207 229.89094414113538 1.4888446 1.62395 4.3138165 -6.1422095 1.8057146 23.907843 0.12027502 18.091150953168096 
Car -1 -1 0 118.87614993617314 185.13185052918269 361.67788869545404 266.1404327146512 1.4616414 1.5834174 3.9289598 -7.080495 1.7159829 14.109762 -0.02328755 13.268292872880524 
Car -1 -1 0 328.6544991068784 180.28633434491496 471.170593647913 236.30062622554425 1.5725801 1.5660489 3.7522302 -6.160424 1.8026981 21.420504 0.07399296 11.281249280326438 
Car -1 -1 0 632.6422571604588 179.48758577358313 657.4852932122171 200.86287441590483 1.5419064 1.6915 3.9396348 2.6846483 2.0679684 55.246513 1.5664303 5.6764447399177325 
Car -1 -1 0 363.30695547606484 179.56397402228544 478.5250190770473 224.45981153998684 1.5815716 1.6258179 3.8069067 -6.858757 1.8355038 26.48469 -0.004358583 7.26141481557716 
Car -1 -1 0 412.6145242698425 179.88012278050635 509.10283208884715 216.46896763714926 1.5231473 1.6086762 3.821866 -6.3858643 1.835624 31.228369 0.029840205 4.935572386236115 
Car -1 -1 0 391.0014664579801 181.94714474868562 502.65263009766346 221.28222581072532 1.4987359 1.6092641 4.0694027 -6.4203873 1.871454 28.729034 0.020426556 2.7117546466006823 
Car -1 -1 0 428.3418867821717 171.75384577495532 511.23915552948057 206.26158238510988 1.7869937 1.6232948 4.07926 -7.3505173 1.7300217 38.190994 -0.007018163 1.6059287366989143 
Car -1 -1 0 678.180420890938 177.83113651594462 713.1592537561023 208.42161892781215 1.6116378 1.6686343 3.9924934 4.8087745 1.9064417 40.70633 1.6155202 0.5835550208966177 
Car -1 -1 0 0.0 164.68070763567388 308.60705668165514 285.8315627318369 1.7335088 1.6459186 3.8325052 -6.9378414 1.6165597 11.222948 -0.039875112 0.640563241802294 

