Car -1 -1 0 729.5305347305193 189.5869488361229 938.3635990305502 331.0153859562647 1.4479911 1.6106555 3.6435645 2.7412386 1.7144728 9.656191 1.5544447 100.97716342405957 
Car -1 -1 0 666.8760129947699 177.5061325192496 741.6048222866171 243.38400252027782 1.6724759 1.6576662 4.0507936 2.6032124 1.8186941 20.641928 1.5841434 81.64558419859681 
Car -1 -1 0 276.4621357253308 188.57434829323216 446.0718830251251 251.0231559435202 1.4596422 1.5526211 3.716884 -6.1234784 1.8707389 18.068224 -0.013015138 35.582038476590284 
Car -1 -1 0 641.4230582300033 178.7106796482095 680.8834862131284 213.96808509006343 1.6320567 1.6248192 3.6051738 2.5128675 1.9376161 35.824577 1.5487041 24.36498297489512 
Car -1 -1 0 654.2395399751213 182.49890538116807 712.2443619696179 228.6145936995348 1.5193303 1.6126459 3.9869177 2.6408165 1.9023333 26.634302 1.5387685 15.680540231696328 
Car -1 -1 0 307.8050925530529 181.60742637046908 465.3982266130972 240.153148380414 1.586148 1.6762596 4.0301332 -6.307324 1.8487713 20.73458 -0.037583582 36.74310254019071 
Car -1 -1 0 112.87407037780383 168.05973999878591 382.67259674029 274.8120299733002 1.8044277 1.7000902 4.0323515 -6.390888 1.7233906 13.0582695 0.0060162507 89.4281625258397 
Car -1 -1 0 199.19799606851174 185.22779546570516 411.7698920681024 260.1595749717254 1.5002995 1.5714331 3.9235792 -6.4363976 1.7817112 15.567294 -0.029028252 2.158702624445489 
Car -1 -1 0 381.2879626501989 181.65929527660614 488.59575241383703 220.44655022043412 1.5392327 1.6091098 4.1123505 -7.1858225 1.9163197 29.976345 -0.05857172 3.2234462984106598 
Car -1 -1 0 474.33223931747887 180.79651471415622 540.5097918221214 205.00603877478954 1.519712 1.6244351 4.0002317 -6.6093335 2.0466652 46.900593 0.080537 0.33542630076408386 
Car -1 -1 0 472.42725026110406 181.6142866261651 542.6788326263893 206.81920437168608 1.5148766 1.6439284 4.1098595 -6.3015165 2.0698423 44.84007 0.023240725 0.2563478350639343 

