Car -1 -1 0 682.306318161841 184.24410552018205 779.5122192679587 253.0216754274348 1.3497686 1.571228 3.9806082 2.694571 1.6467367 16.816746 1.5640924 82.81841331278969 
Car -1 -1 0 553.1880842326499 177.09267215318826 587.4921947077132 204.4256613261448 1.4601934 1.5985489 3.721501 -2.1865416 1.7123147 41.02558 1.612411 14.856492977062748 
Car -1 -1 0 640.7780553547097 171.23939855309098 675.5985449422134 199.15161441841897 1.6451758 1.5744861 3.5356288 2.9494414 1.5500093 44.36482 1.4723765 28.218779304984235 
Car -1 -1 0 664.4906674565194 178.3690484411844 723.0127598258929 221.12887614707594 1.3861645 1.5773953 4.0450087 2.9462535 1.6000457 25.948618 1.5564336 44.231615368412825 
Car -1 -1 0 0.0 174.68131138169426 358.15024266693007 294.9006051612982 1.6169612 1.657427 4.3507876 -6.1726713 1.6462094 10.640696 0.036865845 141.43022367646537 
Car -1 -1 0 261.264727746735 168.58758394377952 453.4700706544883 235.97147431915727 1.5958008 1.6346312 4.2078495 -6.1711435 1.4947624 17.950134 0.021574214 67.40313575939219 
Car -1 -1 0 385.87858168869684 180.94647121186247 504.0856576752253 223.18402003334256 1.4327664 1.557501 3.858247 -5.9061356 1.7374543 26.037422 0.18998905 8.86357044139072 
Car -1 -1 0 490.6028161703951 175.49759930573006 550.3649384305804 198.79350809686048 1.5100815 1.6390737 3.8386173 -5.876094 1.6890109 47.909218 -0.056921583 8.49896914273155 
Car -1 -1 0 298.85746448303996 173.57978908532198 445.3392639743802 233.62022325988943 1.6317215 1.5701388 3.680501 -6.664648 1.6532714 20.52738 -0.06136341 7.220084015898786 
Car -1 -1 0 354.1128294793168 180.90380602465214 498.34399492706615 228.79087607987486 1.460161 1.6084886 4.2214127 -5.858794 1.7310529 23.305141 0.082793534 6.9004796062650735 
Car -1 -1 0 419.67301451512355 173.1852934093439 517.9174471352455 209.54804628543144 1.5753238 1.691827 4.1314983 -6.2264767 1.5905862 32.25881 -0.066904195 6.353012487551122 

