Car -1 -1 0 697.4839306270526 173.3949687014599 829.6841025897497 272.1184938043642 1.6129239 1.5691187 3.5099888 2.7475522 1.6244701 13.604192 1.5147636 126.20416685499131 
Car -1 -1 0 659.4525860524353 178.95905449379543 707.9305037268134 219.39837658396291 1.4059486 1.5621668 3.4103923 2.7499354 1.6517606 27.328808 1.594152 51.76367666134049 
Car -1 -1 0 112.19412535366915 181.61598188262008 392.0006196055975 280.8761550005248 1.5403249 1.6081704 3.9953904 -5.9507 1.7006179 12.27963 0.05890315 62.030903463070835 
Car -1 -1 0 187.95472067271078 179.81372576247608 417.420776491755 258.77697833517436 1.5087869 1.6248059 4.0932145 -6.259332 1.6625656 14.952068 0.088790186 37.88201530365159 
Car -1 -1 0 333.68617919066924 181.09803566373444 480.01394784082623 229.21126033625313 1.4388222 1.6000278 4.145524 -6.2912025 1.7072504 22.675644 0.008617442 39.14065489280705 
Car -1 -1 0 379.0174064329069 178.0599163115211 500.5178424050269 222.72392149282848 1.4788504 1.5647917 3.8205903 -5.7843103 1.663925 24.862808 -0.0031878215 33.05444347031622 
Car -1 -1 0 702.7807853937154 173.82398832951685 802.6686937752982 210.83121352033407 1.6134583 1.6685766 4.1915016 6.369178 1.6582658 32.418278 0.037611865 10.929351501355043 
Car -1 -1 0 377.1890297345392 173.69641187681273 488.78465105554704 217.89640796597863 1.6128004 1.5818331 3.8038297 -6.6703763 1.6460418 27.419962 0.14187121 3.2065651444486343 
Car -1 -1 0 452.88646286328145 167.15880203695156 527.5863027614186 197.50492267232772 1.8188293 1.6216283 4.2902026 -7.245777 1.4774809 44.06577 0.004091618 3.525934630804687 
Car -1 -1 0 666.9219610809627 170.29771267996895 731.6772798369692 197.00525947288506 1.7381799 1.6672378 3.9832072 5.9534073 1.5718114 48.064026 -0.1408343 1.4513509708029912 
Car -1 -1 0 626.1579420477233 174.72591239752455 649.4938792511 193.0375190638633 1.4887698 1.6411033 3.9154162 2.3612404 1.6523657 61.064583 1.5233972 0.6017127054315506 
Car -1 -1 0 257.805118178791 178.67257129619284 427.03109126557496 234.03269081406674 1.4584708 1.6122017 4.093629 -7.307915 1.6263115 19.996944 -0.005000026 0.5440553254411441 
Car -1 -1 0 411.69501729856995 176.2158507019296 499.85384173358955 211.1028979446026 1.5158821 1.5928547 3.6000545 -6.8434324 1.6703376 32.329884 0.013231357 0.568806184960157 
Car -1 -1 0 225.43796694700774 164.52573346105004 415.587243905018 243.44280376565214 1.7917813 1.6769415 3.8720565 -6.79255 1.6026912 17.237255 -0.008565333 1.024273464773004 

