Car -1 -1 0 47.86839547671608 199.69080372989222 316.9214845900214 327.6104097924282 1.4132352 1.6149201 4.0545626 -6.054421 1.8929843 10.862232 1.5822093 143.88451671589587 
Car -1 -1 0 754.6531016410761 178.46507428240199 1028.4970510929493 347.5627850244045 1.5479519 1.6743553 3.8605928 3.0384004 1.6308129 8.695204 1.5336763 116.06809108133207 
Car -1 -1 0 318.2114423288391 176.71341197948064 435.22290611377304 250.75514698910348 1.7133051 1.7395489 4.3063126 -5.9827576 1.8269343 19.082542 1.5615926 81.58163240774309 
Car -1 -1 0 543.2232032279027 178.276914258894 571.5279157393625 202.04579774012853 1.4575087 1.6489727 4.0286393 -3.3741062 1.8275616 47.204487 1.5482613 10.792080492250793 
Car -1 -1 0 391.8834087007233 178.38505061772634 470.2296672069426 228.97992942621744 1.6190636 1.7055705 4.2920914 -6.244576 1.8326495 25.711372 1.5771155 20.57767197207576 
Car -1 -1 0 509.64159073299817 179.62224821534497 541.1101969770132 201.6813439362704 1.4723703 1.6708212 3.8841476 -5.9475956 1.9723613 51.334846 1.602227 12.448769174460914 
Car -1 -1 0 934.7365623377865 155.99885097581824 1067.6990206387427 200.11764638212406 1.5239754 1.6292019 4.153797 14.233162 0.94175553 26.486485 0.40229464 11.612101019493428 
Car -1 -1 0 638.2346721134263 174.34141336462295 659.2220490618711 193.12350555247386 1.4463422 1.6108602 3.8018181 3.1095116 1.5694648 57.797474 1.6071198 4.488239502996793 
Car -1 -1 0 459.9839358911653 181.3716851940771 509.0883553891869 212.88377343282153 1.4620632 1.6180909 4.047451 -6.2829914 1.9190271 36.650097 1.6179055 0.9485865628841065 

