Car -1 -1 0 218.73945661431117 188.02336938308125 381.6159840920646 285.22324863039773 1.5583568 1.5817381 3.7154503 -5.7971025 1.8920176 14.009811 1.5667409 139.12438689071374 
Car -1 -1 0 771.2597817819595 179.5167259782748 1072.6176624005661 361.9066300205672 1.4854548 1.5768145 3.7551646 3.0425105 1.5761647 7.9194965 1.535949 98.95113304510424 
Car -1 -1 0 717.1756985909038 177.53918798805228 862.1989172946062 272.9039541553306 1.4842322 1.5585101 3.4408975 3.1242256 1.5813515 13.180565 1.4923673 88.0537414208618 
Car -1 -1 0 338.4725992964408 186.9963561215649 433.8371711143109 250.4904415191471 1.4536641 1.5235382 3.5508926 -5.8006344 1.8636312 19.1183 1.5399741 73.57281423425846 
Car -1 -1 0 699.606012354429 177.9268685234816 790.7722462155315 238.61546793253626 1.4000003 1.6427175 3.855387 3.431286 1.5464681 18.900366 1.5649674 26.597467213465787 
Car -1 -1 0 376.18875191225663 176.87046392652508 453.32540788203795 204.54827218777572 1.6182468 1.631078 4.177781 -11.685394 1.8652252 43.415688 0.06662262 11.361142243039584 
Car -1 -1 0 329.61409360347824 183.40397376310486 375.08915388089946 205.88131653435596 1.5301099 1.6543515 4.145517 -18.978107 2.3377476 53.15417 0.8228531 8.491862832725777 
Car -1 -1 0 730.0894781846697 170.29562688017936 766.1493026647438 193.756815604695 1.4875646 1.6204032 4.171074 9.256236 1.3253498 47.986717 1.9442487 0.637100121069071 
Car -1 -1 0 757.3456604200233 149.0429525161474 881.6119754183967 210.49542256305105 1.8446388 1.6312183 3.8787506 6.8122606 1.1298947 23.336391 -0.52496237 0.27948135137557983 

