Car -1 -1 0 298.5844350675472 186.409397018823 445.04880517320055 275.21903921872587 1.4907267 1.6317337 3.9601939 -4.6475525 1.8045245 14.711298 1.5853918 105.82641710747892 
Car -1 -1 0 46.327862287934146 193.67926752617967 353.7722515533459 357.9882387865696 1.4963776 1.6494434 3.9282122 -4.7118278 1.8142439 9.041989 1.5621064 124.17732827206966 
Car -1 -1 0 729.7910400086566 179.38749786215084 864.3056290702704 263.3168833281123 1.4475201 1.620388 4.3644915 3.6885214 1.6029474 14.975042 1.561312 93.62530095473886 
Car -1 -1 0 388.09100200325776 184.27887561337664 489.21035432122443 244.92851840610172 1.4336476 1.6743798 4.372981 -4.6085215 1.7868154 20.096056 1.5977423 82.30437789292304 
Car -1 -1 0 504.6021685924053 177.29274272317696 548.2107909262741 209.96843001562132 1.5313148 1.5558217 3.3688545 -4.1025753 1.7636192 36.024246 1.6456845 42.61635239864443 
Car -1 -1 0 798.1366238689945 181.425212770896 1023.7855361264267 320.17829041537317 1.4670546 1.6003065 3.665627 3.7677724 1.6045105 9.714766 1.6014681 111.51547773583576 
Car -1 -1 0 699.8068658246585 176.86353065370656 757.5538756666758 223.1900896214613 1.501863 1.5905807 3.8283324 4.1612544 1.655383 25.677872 1.6171271 25.670219427814423 
Car -1 -1 0 709.709833863284 177.6920305269604 790.3635134598275 237.51748563871328 1.4758658 1.6409523 3.7656102 3.7913294 1.6229508 20.022766 1.6097298 27.660921395219532 
Car -1 -1 0 685.2309463346895 176.16740907051462 737.5701745636114 214.21633432036947 1.5218601 1.5765331 3.775257 4.324237 1.6735483 31.113012 1.528742 14.798062059858603 
Car -1 -1 0 522.7787790308859 177.21437292642185 562.2607235575932 205.3178611563404 1.4839349 1.5755283 3.7040014 -3.7242143 1.7408891 40.606308 1.6579168 0.5789532699416584 
Car -1 -1 0 577.8707801946606 173.68463700963935 620.3096811348297 189.458670379008 1.6130371 1.6448784 4.2957377 -1.0650065 1.7002565 74.82338 0.055626642 2.487642755310056 
Car -1 -1 0 1058.8177132132487 174.25091467921115 1193.9043621679898 219.80728175601234 1.4790196 1.6036783 3.9199407 18.17693 1.5326021 25.614159 1.4112961 0.8744449163777842 

