Car -1 -1 0 576.6541015858751 168.99591871262882 627.6837289287462 193.34618286326466 1.4935929 1.664102 4.1517954 -0.5291823 1.2569462 46.487972 1.1160793 23.048127831424356 
Car -1 -1 0 544.2929497374588 168.05753329708241 592.4158404460889 196.42707583145355 1.6631302 1.7151456 4.263564 -2.602371 1.3819429 44.597054 1.1936638 20.326137994938527 
Car -1 -1 0 831.5183773092693 164.49355086752533 882.2616002049535 186.36387633509545 1.5418334 1.5194441 3.3413055 18.025229 0.95243084 52.69608 1.0578825 29.938488400054677 
Car -1 -1 0 623.4198508067744 169.13909139458514 680.9793879579496 193.04228500842237 1.474838 1.7191049 4.431361 2.707652 1.2456262 46.88286 1.0964198 16.667001181790308 
Car -1 -1 0 946.34706483645 168.22124748697405 1010.0163401522714 188.23350295954353 1.5208595 1.6827178 4.1151834 28.494741 1.1687866 55.83387 -0.078235 3.2185410488799104 
Car -1 -1 0 1001.0630462004444 167.29697639397008 1059.6328999213865 186.3794958264296 1.5042727 1.6893182 4.251718 34.413593 1.0662129 59.1407 1.3421832 3.1316012964822897 
Car -1 -1 0 762.7632150275531 166.36681740526157 817.8567202919272 191.57385309665847 1.6399376 1.5737753 3.7219832 12.2145405 1.2178895 48.958145 1.1025772 3.706925909218702 
Car -1 -1 0 788.2091699226925 168.48535776288918 839.4259721269856 190.30368143885167 1.4917278 1.5745755 3.5034332 14.46479 1.1930417 51.251694 1.1225427 1.9897662658947086 
Car -1 -1 0 876.672450958978 168.81367811834923 931.207870682331 189.1594595150881 1.489206 1.6027681 3.8352826 22.169514 1.193475 54.332756 -0.42440158 0.2931574583053589 

