Car -1 -1 0 174.11668884147983 198.01127082361208 413.9140932590341 345.64837963248374 1.4670185 1.5972608 3.4114637 -3.8658385 1.8576753 9.48078 1.5938419 120.6240964251353 
Car -1 -1 0 660.398335084472 182.5478795309467 717.1040840611704 229.28828627517152 1.4414004 1.5967156 3.8422859 2.6663299 1.8030502 24.98562 1.5856798 75.10604243404237 
Car -1 -1 0 836.0774663125756 167.51045021547347 1051.0591057872384 234.26792511036086 1.5769218 1.7250172 4.5646324 8.195054 1.4506983 17.962572 -0.024720531 81.23816049613923 
Car -1 -1 0 759.7400242613197 168.9552136041368 888.1060235369042 211.21308487143472 1.539982 1.6604738 4.341296 8.033474 1.3979003 27.25042 -0.058529668 50.71484238967281 
Car -1 -1 0 397.76164929376324 191.02687973570298 459.0115605167847 236.2020755443114 1.4154651 1.5014284 3.6165476 -6.437026 2.1156607 25.949059 1.5083828 32.38163489573669 
Car -1 -1 0 1033.0588550972814 153.3071086782068 1137.760196351292 189.38940376556292 1.6426463 1.6529471 3.841132 22.19841 0.752774 33.743 -0.035965756 21.73870725928717 
Car -1 -1 0 304.0195104739873 196.55912136336747 411.51473012974117 264.71014131349756 1.4350548 1.5888281 3.6642241 -6.2660456 2.0992808 18.35389 1.5287836 14.649499512395494 
Car -1 -1 0 803.7851817427476 162.50925592701898 961.1541615218528 222.8743529539452 1.6868169 1.6564215 3.9717548 7.8984866 1.3977476 21.091557 -0.051432617 35.684207373200564 
Car -1 -1 0 696.652751407304 172.11863779700883 757.3946498740183 193.89340685462304 1.5689932 1.696605 4.3145933 8.592243 1.516006 53.053574 0.101617336 5.890063694120204 
Car -1 -1 0 996.4387326417021 157.5822045615081 1085.1869733316498 188.0544153903721 1.5213594 1.6001651 3.5826974 21.974487 0.75889766 36.845917 -0.012456309 4.883355991422337 
Car -1 -1 0 473.8096905363977 185.17367040517138 519.2853261506461 214.57489730888182 1.5053777 1.5429593 3.8823814 -6.309416 2.2339513 40.652958 1.6880533 3.4714510865649633 
Car -1 -1 0 1082.1156303797156 152.1270263640313 1205.6881352960997 188.92160129195406 1.5009804 1.6448071 4.1264825 22.474712 0.6554539 30.423384 -0.08234241 6.958225729608515 
Car -1 -1 0 946.8329812727839 158.80619458780896 1002.2571352952489 186.70523514992743 1.4873983 1.6748923 3.9731197 20.439308 0.738459 40.565605 1.7372026 0.8427871925691925 

