Car -1 -1 0 310.89317608601306 189.8118264447652 400.13294477309194 248.56930676696905 1.5249584 1.5831739 3.7078652 -7.1890106 1.6706698 20.873291 1.4822676 91.57765274816286 
Car -1 -1 0 668.8492661514052 183.07838870272425 730.2569072719215 238.51201987451083 1.5711921 1.6873713 3.285277 2.9075747 1.510613 22.14545 1.7570057 58.79796526614024 
Car -1 -1 0 121.48620027305975 191.7414398873777 318.87578095600713 302.70964744224 1.5858434 1.6347315 3.9343967 -6.4762726 1.7182412 12.548574 1.4756311 113.47971074087317 
Car -1 -1 0 75.99586231397305 201.19633590228938 240.97961212037438 272.81495243939867 1.445121 1.6216928 4.0615444 -10.681498 1.8798989 17.492195 1.5255213 10.181741989495476 
Car -1 -1 0 290.3547014014831 195.12630557603404 351.78466694065264 231.29626953527267 1.4184844 1.5053977 3.594149 -12.286048 1.8724004 31.066875 1.4807746 9.470359090709797 
Car -1 -1 0 753.4563815369052 181.96573164242034 790.1896948195108 206.63360069592696 1.650044 1.6458068 4.099201 11.555109 1.4326524 50.288612 2.0170784 5.8668958281094366 
Car -1 -1 0 206.58649439532334 192.84949582884147 311.0500937336359 242.810792483418 1.4714135 1.6149149 4.071199 -11.415502 1.7467515 23.864735 1.5350244 9.008338809521833 
Car -1 -1 0 8.105092393961744 207.45977341875917 149.45174358628515 265.1340610662534 1.4033326 1.5820469 4.03375 -15.382006 2.1244278 21.20621 1.4504805 7.184204912001848 
Car -1 -1 0 358.7758667004326 188.20766982886715 403.52414888735274 217.72861989526848 1.675382 1.6608043 3.967083 -13.533236 1.8638008 43.239082 1.5094566 4.2222007238670045 

