Car -1 -1 0 707.8462752935015 186.80243619122476 830.7394905904343 271.10892103692197 1.3893684 1.5885966 4.17676 3.070465 1.7134697 14.674167 1.5744318 94.88580538191687 
Car -1 -1 0 534.0831654771412 179.34330682657722 579.2210067164522 217.77418203692332 1.447998 1.5507898 3.6917286 -2.1177185 1.7314656 29.66518 1.5804067 50.19505239852454 
Car -1 -1 0 655.3485724699412 173.62017498652938 704.02979265691 214.64439875687944 1.7707036 1.6620584 4.2406645 3.1740184 1.8084352 33.378685 1.5267031 73.51018610616336 
Car -1 -1 0 105.61544312444532 183.3730152371046 406.99596261130324 283.76824804138107 1.507329 1.651966 4.1816053 -5.6731358 1.6939831 11.911635 0.03161308 87.14041915826321 
Car -1 -1 0 459.2047971976956 174.06324007121967 537.204702658595 207.3058895624958 1.6357745 1.7104893 3.808566 -5.5933056 1.6988249 36.60027 -0.08904221 38.950044812499385 
Car -1 -1 0 327.07851108967367 175.61489796749981 475.7247031764057 232.01913348943418 1.5468268 1.661991 3.9073253 -5.9280205 1.6307862 20.915033 -0.10279018 44.16776787407385 
Car -1 -1 0 226.54648788790155 183.33445027691332 432.6022433941438 262.3853243411922 1.4720082 1.5401902 3.5875726 -5.5945797 1.6983047 14.633176 0.10065575 57.77290119875833 
Car -1 -1 0 0.0 166.96195634284368 267.14444221497445 309.12444025930273 1.653671 1.5956309 3.7202945 -6.6449566 1.5851332 9.281662 -0.049318224 21.547332216570727 
Car -1 -1 0 705.793746757611 173.63153211096378 765.6559835383422 194.76933983428376 1.4895761 1.6368724 3.9623194 9.041426 1.5464966 51.869144 -0.06869105 2.279904617469562 
Car -1 -1 0 272.17992348545823 182.6663089528174 450.62255292156067 244.71330464658624 1.4822837 1.6071881 4.003856 -6.260007 1.7456613 18.447672 0.058632564 0.8431039528115446 

