Car -1 -1 0 641.3824741661615 177.0750279265173 680.9793537018699 208.8492816314128 1.473336 1.5554614 3.6699018 2.5131903 1.6937921 35.8186 1.5288439 24.35633178565488 
Car -1 -1 0 696.3094625622272 167.6068193519129 858.2642809642033 289.11861427607425 1.7913232 1.7445596 4.451916 2.7486358 1.7139693 12.886567 1.5425816 108.62303085490846 
Car -1 -1 0 660.8346581711098 178.5225090007002 726.6309673376123 228.94446376074688 1.5028921 1.637262 3.9147525 2.7029552 1.7063922 23.92701 1.5470221 38.46198671009526 
Car -1 -1 0 0.0 188.81293148916717 339.04602335643347 307.9003058831721 1.4730949 1.6271636 4.2538795 -6.178686 1.7127674 9.99362 0.013627375 63.66394100612697 
Car -1 -1 0 244.39049894864692 177.3089235871482 422.0902742257192 249.8507192910269 1.6223313 1.5912504 3.629506 -6.454037 1.7336826 17.140657 -0.05505683 39.328609225371565 
Car -1 -1 0 97.45336921791397 187.68444453242347 370.24519556461894 280.4829779315773 1.4307377 1.5694195 3.885748 -6.2972 1.7029551 12.3302765 0.067398 48.36791830692008 
Car -1 -1 0 375.49908721662774 173.26224550536583 490.09529933782676 219.34056704706666 1.6306403 1.6571805 3.760746 -6.4519534 1.6462252 26.548517 0.09139827 21.229659951640798 
Car -1 -1 0 677.6572654447551 182.85609598466087 763.6760428546377 247.16973963170665 1.439565 1.5377167 3.3210852 2.7323139 1.7177314 18.372078 1.5243062 23.7513686014997 
Car -1 -1 0 412.2092784888271 177.14050386351894 512.2824427719473 210.4183455932564 1.5228474 1.6793001 4.40739 -6.9069204 1.7308568 34.130085 -0.02006858 9.803138936341528 
Car -1 -1 0 440.4176872294355 170.8724816175974 523.4028433107695 203.92867576255273 1.746825 1.6843737 4.1822557 -6.8473935 1.6421132 38.976875 0.0027147313 6.65894322643092 
Car -1 -1 0 633.3867962155438 175.45503802328446 661.4274847751892 201.81725640923497 1.6232611 1.6299618 3.7168682 2.4112113 1.798162 46.657185 1.5740205 6.433757975884965 
Car -1 -1 0 172.42215318319566 182.94019321488406 394.36124643663555 258.4525393332933 1.4656662 1.5875438 3.9012368 -6.6660132 1.6867058 15.015173 0.0018526746 9.921240306741376 
Car -1 -1 0 279.6274010868861 174.21318475936195 461.6800453100166 238.29951981773237 1.6558225 1.6788881 4.369101 -6.3578486 1.6941806 19.520613 0.0012838803 16.273030049655507 
Car -1 -1 0 537.0543700256412 174.8579289831246 562.350637367844 196.69546682386675 1.6551036 1.591797 3.2647932 -4.7346926 1.8176639 56.770798 1.3639853 8.448034742775015 
Car -1 -1 0 343.26941443756203 179.93767548799863 476.1281219876925 227.2383970295456 1.4833915 1.5873849 3.925725 -6.544654 1.726648 23.843 0.07309854 1.64880343202544 

