Car -1 -1 0 681.912658603893 179.85744386514796 863.6765259827654 304.8467884021408 1.4658446 1.5510328 3.3717632 2.1563666 1.5840464 10.418527 1.4633133 103.04483663935675 
Car -1 -1 0 581.3547536930685 171.2926575415591 692.4036716087045 214.995641121076 1.4629588 1.5990932 3.7707386 1.0112495 1.4106927 25.879536 -0.60143465 107.39066237894309 
Car -1 -1 0 773.7118373532147 166.37810279301937 898.6717031055475 218.29553279047707 1.4346616 1.5688397 3.8571115 6.8547597 1.2557096 21.693085 -0.6159483 52.847024319095716 
Car -1 -1 0 862.6183123518048 163.82013951109028 972.5768683531079 210.58233491551934 1.4651325 1.632836 4.070274 10.498894 1.1820874 24.488424 -0.64995426 71.84730675206927 
Car -1 -1 0 944.6719559975205 166.47455554968013 1033.5029219116939 207.15543688822973 1.4372152 1.5509393 3.5298097 14.307676 1.2118356 27.153526 -0.6258145 61.44902226803798 
Car -1 -1 0 719.5093818467091 172.36748235515668 815.978463984929 209.69143790887796 1.4435232 1.5646 3.950434 6.5295415 1.4247067 29.64952 -0.5856194 21.4021728261839 
Car -1 -1 0 1002.3847178536964 155.43404053818068 1093.2329047031396 203.58302128578183 1.8568716 1.720485 4.214774 18.113607 1.1850685 29.765291 -0.63204443 39.39116032569735 
Car -1 -1 0 1107.6419814254134 161.6678404001484 1172.9811841173396 193.72994038312515 1.5088068 1.6251056 4.026906 26.396088 0.9823984 35.846222 -0.6739588 3.681252525560475 
Car -1 -1 0 1089.3822369990344 164.91718544568607 1136.9633923869544 187.68731056876993 1.5250353 1.5522397 3.7095919 34.937218 0.9934647 50.03425 -0.6197133 0.6830809328755266 

