Car -1 -1 0 650.8342803403444 179.88170784128667 792.2382456035687 280.39323814101544 1.4984183 1.5792562 3.3363352 1.82951 1.6398838 12.763586 1.4331487 99.45438577599832 
Car -1 -1 0 563.5614238600728 175.6704400621738 667.41974205039 214.8892637125733 1.4199045 1.5989457 3.8995092 0.27140072 1.5370979 28.20398 -0.6529938 101.11022944465361 
Car -1 -1 0 736.549046743621 169.30505185393127 849.0830458330452 216.69279548772082 1.468406 1.5996583 3.8831186 6.1837435 1.3584344 24.177578 -0.6571295 62.057529351248164 
Car -1 -1 0 817.6608853215844 165.67625969099802 918.6392672880065 208.5850265288381 1.4943314 1.6478192 4.092504 9.735885 1.2443608 27.043968 -0.6694151 67.89559772459549 
Car -1 -1 0 896.1299080505311 166.5055310217024 975.5731899067302 202.95448611724484 1.4218185 1.5403204 3.5081778 13.51707 1.1741742 29.833008 -0.6633303 55.16000631541993 
Car -1 -1 0 948.3486409096732 157.65625907532356 1031.8205203194964 199.9613889185318 1.7933493 1.7171987 4.2149997 17.199207 1.1491044 32.54722 -0.651464 31.856173820156858 
Car -1 -1 0 692.350509073221 173.0476862004568 780.6456439106006 206.32708632567895 1.4004719 1.5576948 4.032672 5.7058606 1.4096158 32.22473 -0.6492121 15.301114997948867 
Car -1 -1 0 235.8538921576464 176.2544728247618 288.83421092316894 211.96545939378782 1.5148785 1.6021461 4.170557 -16.022217 1.6815869 33.197895 0.9750844 3.7823463826630594 
Car -1 -1 0 1097.4972905660204 157.69330713877366 1162.6696493632687 185.67075180052146 1.5411801 1.6453077 3.9890957 29.952738 0.7060301 41.49767 -0.5553789 1.434078672603113 

