Car -1 -1 0 634.8460076819017 177.62318268364535 673.6324880401678 206.92107140501838 1.4976057 1.6413388 3.9666097 2.3988013 1.7726116 39.57496 1.5075793 31.504232062288136 
Car -1 -1 0 716.7540988895983 182.85953155753322 854.6580464048336 227.66428852056137 1.407316 1.5956669 4.1985025 5.8551197 1.7573998 24.190405 -0.12609777 35.66956790358568 
Car -1 -1 0 793.3770470689849 183.33282251622708 983.1757495795059 253.8888956637665 1.4769846 1.5656676 3.664992 6.1826773 1.72555 16.23989 -0.05116418 39.8336478022652 
Car -1 -1 0 743.8102928512251 183.0610543463629 888.2934745216157 236.20442765105665 1.4673554 1.5729563 3.7903771 6.044912 1.7831503 21.316502 -0.119655676 49.82058897327013 
Car -1 -1 0 195.94962366087668 179.20465613067398 407.2174363098854 253.9130593333513 1.5040205 1.6111808 3.8853545 -6.5506563 1.649204 15.587709 0.05307351 27.65644763176087 
Car -1 -1 0 0.0 176.0829407041971 292.15090165141385 335.35544191221743 1.600934 1.6472946 4.1905513 -6.0550632 1.6416159 8.189924 0.03711736 90.24342288719934 
Car -1 -1 0 105.00821680206604 183.1395262069333 379.71557959443214 272.5345324896109 1.4800454 1.6237373 4.125353 -6.468855 1.6787534 13.045591 -0.040111963 57.20914108229937 
Car -1 -1 0 281.58747139863686 173.77812396873873 446.5987456293509 235.4887970724441 1.6452127 1.6629721 4.0541625 -6.7546883 1.6721687 20.154922 -0.030013263 38.472273045210926 
Car -1 -1 0 714.9835570014621 173.4903756742804 833.5445986465119 223.7087821441876 1.7629855 1.6811535 3.8945212 5.9698567 1.7871628 26.384798 -0.09859659 18.992502684227038 
Car -1 -1 0 834.66265865758 183.7426702415668 1089.170200722508 271.1630034643866 1.4691378 1.5465097 3.8793864 6.281476 1.6803014 13.162658 0.029486708 21.0945285971535 
Car -1 -1 0 883.2566826310579 176.12708844407805 1203.6076727247066 289.0394866290555 1.5488582 1.595996 3.829708 6.3302603 1.6022913 10.864853 0.06154736 63.985727919432485 
Car -1 -1 0 781.3747598993957 182.56028399594527 947.9433957081734 242.06092534354062 1.4512386 1.5761204 3.8090155 6.619064 1.7189305 18.910347 -0.108199485 11.17783786510903 
Car -1 -1 0 0.0 179.76525878350125 294.6558315006326 292.9740986884931 1.538657 1.6149833 3.8048267 -6.9436464 1.6495854 10.744852 0.0150963785 39.510096086378546 
Car -1 -1 0 430.1833579908909 175.8042777237072 520.7591532771354 210.56155412044959 1.5831902 1.6537879 3.9217725 -6.252798 1.7254555 33.905037 0.03151689 3.7529348559525477 
Car -1 -1 0 312.7780422370899 166.91270093737276 464.69514753670904 227.47077671173557 1.8258822 1.6736429 4.269059 -6.8379397 1.6467464 22.651222 -0.027970508 6.846426127091968 
Car -1 -1 0 446.1278694197744 177.23089991858131 528.9505644268792 208.10663230994427 1.5058057 1.5950884 3.846748 -6.120344 1.7324238 36.408463 0.08062379 2.0452914269992903 
Car -1 -1 0 431.5043573805204 154.8101793856892 457.85752277516116 175.8582545699545 1.7596579 1.666703 4.0394535 -14.221784 0.2511609 62.403458 1.4882296 1.3717833560845079 

