Car -1 -1 0 767.9831429342278 192.10476986603905 923.7258959236731 290.5689453361725 1.4097693 1.6326636 4.0513787 4.0960503 1.816216 13.1832905 1.6027466 77.55087457257544 
Car -1 -1 0 729.9706835204371 183.6617712733811 822.5076446434158 250.65756980974544 1.5388199 1.5723317 3.4070556 4.2451677 1.846839 18.845478 1.55175 69.07262494444487 
Car -1 -1 0 481.12819741617244 189.3402550981353 542.1789919497944 230.20766911194352 1.4454641 1.7272476 3.8926187 -3.871468 2.156403 29.1218 1.6288958 46.38797124908508 
Car -1 -1 0 701.8965346609377 184.60331801778722 750.5471021460443 224.82276226607306 1.4812827 1.5448974 3.5715754 4.7005596 1.9904163 29.45075 1.6114085 14.489172068567234 
Car -1 -1 0 712.996311088675 185.87152755500327 778.4125811702522 235.84350029771738 1.462928 1.6089836 3.814654 4.454176 1.9321963 24.07189 1.6119289 29.226772789943055 
Car -1 -1 0 571.940937482271 185.87310393770738 599.0692591457984 207.74251724269263 1.5731846 1.612555 3.844318 -1.8415537 2.62451 56.272064 1.6722617 6.292350757386904 
Car -1 -1 0 845.1841153454839 150.9958799144695 1242.0 375.0 1.7540188 1.7269243 4.5382104 3.820602 1.6176963 6.7712536 1.5683142 33.38077860264772 
Car -1 -1 0 1005.080358746866 175.6734583033204 1083.4731174898118 209.28978342699767 1.4627795 1.5893826 3.9448776 20.239431 1.6027286 33.77688 1.6643392 1.416960679716861 
Car -1 -1 0 519.1588958225063 187.56688801510907 565.7784457291399 223.08748846531125 1.5318122 1.5206082 3.995534 -3.18188 2.2852023 34.88554 1.667114 2.1154963708194603 
Car -1 -1 0 1089.3730118527747 158.55962564038603 1232.374325105464 233.38842876662818 1.699446 1.6493645 3.5982375 13.819114 1.3748046 18.339067 1.8352718 3.573745398396427 
Car -1 -1 0 1087.4115942463436 130.90076882501305 1242.0 252.71982371851064 1.7312677 1.5826764 3.631568 9.724683 1.1350368 11.729387 -0.42908645 0.6054325105264066 
Car -1 -1 0 880.6771205238929 179.24337936203304 921.3120358105086 201.9673038801098 1.4725574 1.5833668 3.9340932 20.114717 1.9328607 49.942307 1.6749674 0.25466129183769226 

