Car -1 -1 0 640.1277186289236 187.1083140006663 698.7859841687177 228.15809361514627 1.4200656 1.5336698 3.44974 2.2628226 2.0099134 28.04013 1.4262774 69.21893409556505 
Car -1 -1 0 819.0659770111725 181.25591338778634 1007.8475789192387 260.0611017899953 1.4598472 1.5706158 3.613471 6.473135 1.6660907 15.748358 1.0786557 118.86339473285666 
Car -1 -1 0 623.3113564013114 184.90086047213177 658.8988835552615 216.4011587721284 1.4891363 1.5350963 3.9112148 1.5969326 2.150228 37.61149 1.5316942 21.010158918011268 
Car -1 -1 0 330.1958164628841 192.33120818923308 465.32778889082476 239.64750754254436 1.4547511 1.6013589 3.967464 -6.872613 2.1158638 23.673862 -0.008349927 38.833430288572245 
Car -1 -1 0 241.33472797246353 192.29355608460355 416.7018205325458 253.23801018287796 1.4802997 1.6241817 3.9646692 -7.2594833 2.0127017 18.913723 0.017898474 15.638325705757502 
Car -1 -1 0 0.0 201.08439559922238 261.9318387382223 332.2837029452499 1.4570614 1.6063883 4.00814 -6.8315687 1.8511744 9.225515 0.022247586 29.29830287362487 
Car -1 -1 0 389.3934037158036 191.54316265361223 488.60418827843745 227.42353430861468 1.4391663 1.578103 3.82592 -7.1883965 2.2539 30.628263 0.019602442 12.80810514351532 
Car -1 -1 0 190.45440975947952 185.413384524411 389.0252407557631 263.74314942067434 1.6593335 1.6293055 3.7980385 -7.161422 1.9602463 16.424599 -0.0255365 7.8043377255567945 
Car -1 -1 0 367.0932400357469 191.54080401277812 476.030494885589 230.5505900427168 1.4435798 1.5689188 3.8582232 -7.3449345 2.2013254 28.393684 0.041865177 4.5651753753781845 
Car -1 -1 0 492.22290769120633 187.99172498662296 524.6540588448319 215.80722026599096 1.4688479 1.5953419 4.0512056 -5.900181 2.4025805 42.43267 1.5051191 8.607741192655213 
Car -1 -1 0 341.43212054218077 191.86220074676578 458.7429322462289 236.4292429259929 1.497103 1.5627303 3.7406917 -7.4810176 2.2049422 25.94687 0.07660255 2.9351895230391194 
Car -1 -1 0 409.5477467490391 189.52370991279983 498.29110651833025 220.83984473456348 1.4539695 1.5547408 3.9821057 -7.6153812 2.2955933 35.47339 0.0913539 1.8655539641909915 

