Car -1 -1 0 341.91265203717256 185.28939992854308 465.8879095359377 264.63308383090526 1.5275044 1.6587903 3.7954817 -4.515706 1.8433433 16.408829 1.5947411 110.01133835945171 
Car -1 -1 0 779.6680003335644 185.3172576896072 957.3488667579774 301.23858510362373 1.467073 1.6148179 3.8450832 3.890235 1.6997584 11.511883 1.6187344 94.63931775357705 
Car -1 -1 0 731.5585198427661 179.8237994846937 836.4338394541222 252.51801070208666 1.4954522 1.6226735 3.7608051 3.995974 1.6788781 17.097466 1.5846074 72.15003216883584 
Car -1 -1 0 534.7838938150735 176.8805710154249 569.8697822232236 204.81651523215436 1.5951238 1.5820678 3.4162512 -3.4086368 1.8475984 43.47531 1.6520597 24.661057075899528 
Car -1 -1 0 425.3713865658689 184.73669096688815 505.9167488106439 238.1680531467679 1.4357005 1.5626034 3.7129154 -4.311201 1.8312058 22.122744 1.6205783 43.72137195848323 
Car -1 -1 0 701.380864807676 179.68009571410425 778.8356495648444 233.52609417082544 1.4717271 1.6341692 3.9800491 3.914668 1.7008729 22.22443 1.5622405 46.99198204677915 
Car -1 -1 0 465.33909075282304 182.57983903851706 528.4131970498371 224.8940562275692 1.4317472 1.5745966 4.0974684 -4.200252 1.8299524 27.457157 1.6197177 19.08407546496316 
Car -1 -1 0 689.4948445429216 179.10323253376123 747.4594646056746 222.82134571801555 1.5180128 1.5818865 3.5477214 4.0594535 1.7704953 27.358994 1.5462866 6.153680159908043 
Car -1 -1 0 687.4737129946085 176.8093204830714 733.6105081739302 213.08782564384438 1.538394 1.5655662 3.4848971 4.525428 1.7274201 32.730724 1.5586288 1.3949337651347036 
Car -1 -1 0 933.0279139731067 173.53137840452405 994.2544473215729 203.38492625689335 1.481227 1.583288 4.1014366 18.567146 1.5189118 38.01911 1.6762381 1.13974058035958 
Car -1 -1 0 550.9855352464749 175.76840521151917 581.1025841610248 199.65820125475642 1.5102708 1.5286722 3.9854898 -2.863257 1.7129749 48.14804 1.6335484 0.8870238465732373 

