Car -1 -1 0 318.73316141875927 185.86388178515853 502.8752468913609 313.1036928828364 1.4859331 1.7261655 4.408868 -2.7757504 1.7263706 11.108223 1.5441781 147.3904016326739 
Car -1 -1 0 504.8698276989001 182.53453005926232 560.474800321202 228.17178986516885 1.5014256 1.565557 3.4257932 -2.7275038 1.8762983 26.207314 1.5983478 50.072138400477584 
Car -1 -1 0 654.2542441022463 178.18046849258937 709.0964523003811 227.83663646187452 1.6762193 1.6280967 3.5098624 2.5820823 1.8848504 26.498327 1.5602559 82.17152008684205 
Car -1 -1 0 743.1402531821515 191.0937740013364 1128.9421448144558 375.0 1.4659497 1.7142602 4.0772357 2.5350995 1.6897435 6.795331 1.5480125 87.7504558698949 
Car -1 -1 0 713.2655215231712 179.39595672115087 861.1246726578902 289.3418076732387 1.557356 1.5537083 3.6004424 2.8341055 1.6849309 12.25369 1.5485585 41.92868608156655 
Car -1 -1 0 641.9691855607234 177.1374729159073 679.9666484676661 213.33795267606126 1.7014656 1.5639349 3.8456025 2.536817 1.9285271 36.309807 1.5508236 15.902244564098497 
Car -1 -1 0 550.1096266134203 180.92598187784054 583.6682616210397 204.30982095081464 1.5258974 1.5204352 3.8308082 -2.944965 2.1132946 50.49064 1.7389169 5.702656747436859 
Car -1 -1 0 635.1149878423968 175.25380518816124 663.5330321242518 205.35532453901288 2.0188172 1.6416563 4.0256753 2.7582045 2.1944172 50.756763 1.5360557 6.113081869163579 
Car -1 -1 0 643.2463151205744 180.34206839612983 689.1022265717222 218.91598429563638 1.5439571 1.5129055 3.3744364 2.402968 1.8866363 31.286606 1.504851 1.7246510594831872 

