Car -1 -1 0 672.6612108351262 180.86123013703346 739.2958515309349 235.7396382424648 1.4472288 1.5621032 3.7858424 2.7842932 1.7069793 21.495941 1.5938029 98.52457298950834 
Car -1 -1 0 220.9274282024615 194.62949231641636 372.9404384291713 280.7572616593467 1.4513332 1.5723008 3.6368325 -6.2640414 1.9559556 14.900047 1.5677816 78.80724518006447 
Car -1 -1 0 786.2784077367929 163.36867838049346 941.0377728501644 213.8486801610855 1.5938388 1.7028177 4.491137 8.278756 1.2943523 23.735752 -0.0461778 78.53883504611701 
Car -1 -1 0 363.453100630279 189.53429784520137 447.9720607155188 243.91855313200656 1.4641051 1.6046798 4.1433992 -6.319433 2.0396345 22.802288 1.5428315 52.54835154274566 
Car -1 -1 0 890.5562271047961 165.56396828207835 1161.8506775980422 244.48409033175378 1.4868019 1.6952089 4.474881 8.202703 1.3494625 14.471312 -0.013632946 116.92936565531541 
Car -1 -1 0 1084.5911612257212 149.94425237139387 1201.6487941383355 188.40961931669244 1.5608957 1.6134356 3.7039838 22.19941 0.6312352 30.10665 -0.011081663 21.35363844777862 
Car -1 -1 0 1149.1879779803162 146.7559239322768 1242.0 188.77492446865966 1.5096284 1.6537393 4.2270284 22.766663 0.5719954 26.829317 -0.03793376 16.283839608586543 
Car -1 -1 0 1037.9922705936194 152.3377330537156 1146.0270240908665 185.7650824612073 1.4988921 1.5918875 3.8770678 22.146057 0.5789365 33.21766 0.035212986 9.829626228227855 
Car -1 -1 0 464.45428497736697 182.42478085358573 509.9802407386826 215.25907493126795 1.5514781 1.5588074 3.8758187 -6.2481833 2.0710485 37.20494 1.60763 11.709497378307722 
Car -1 -1 0 842.2887518766568 154.9253457293403 1048.2170716740154 227.91106408161656 1.6895366 1.6991172 4.2576475 8.095625 1.2745085 17.635387 -0.03933058 18.964294638378803 
Car -1 -1 0 708.017979162925 168.4412348657147 769.9768987851987 191.44569550895537 1.5426416 1.6669801 4.062824 8.821252 1.2467285 49.42095 0.10189946 3.4066696536345304 

