Car -1 -1 0 556.8486463523755 175.5870897539362 626.1951803318973 240.97379213744262 1.5742337 1.6746423 3.3140144 -0.4684376 1.3424177 19.008108 1.5150144 64.8819497077687 
Car -1 -1 0 316.78180607842575 189.93515626662565 482.970225965253 293.0016580026513 1.385153 1.6184386 4.4440684 -3.2327976 1.4793619 12.107975 1.5456495 101.15850976322105 
Car -1 -1 0 429.4378509451455 179.34546581075816 519.5290778789584 242.96338010440977 1.4789749 1.6342137 4.2092032 -3.3431435 1.3425051 18.827003 1.5576001 75.48972615217497 
Car -1 -1 0 286.7960079139263 175.75250446870456 390.93371467777877 232.94292933726402 1.5379453 1.5996518 3.6836405 -7.7808704 1.2834643 21.197426 1.6024308 30.34269186228683 
Car -1 -1 0 400.39676506742853 173.65184637245 460.75220925045693 208.96981290732745 1.5411834 1.6594105 3.992391 -8.124488 1.0365672 33.401665 1.6173912 12.096757612621982 
Car -1 -1 0 520.4394857376867 175.84604858180444 555.0937694711972 209.26393910288675 1.5162731 1.5682589 3.7548323 -3.290574 1.0911431 34.546135 1.4980977 6.899736186826167 
Car -1 -1 0 348.7986501796312 176.53783985930514 401.75486416193615 204.93319665160672 1.4970522 1.6446965 3.8592544 -12.782454 1.0395405 39.839996 1.58444 10.255988931731924 
Car -1 -1 0 480.4693121577644 174.61955892830846 538.8701681668435 222.15703173406038 1.5901641 1.6536356 3.9576473 -3.4518247 1.2357153 26.041199 1.5508428 19.534939318989203 
Car -1 -1 0 454.3644098233328 172.07330406332485 490.41125539213147 195.9547500145263 1.476475 1.6737823 4.008819 -8.663343 0.66394395 46.46859 1.5451925 3.2783586642962406 
Car -1 -1 0 624.5286416538165 176.13527311959274 642.3858318146248 193.40061710565658 1.5291631 1.5813797 4.1578712 2.4146104 0.7249248 65.778305 1.6129504 0.25202691555023193 

