Car -1 -1 0 676.6720284128195 181.5136929010335 764.6418218778367 245.91985932907764 1.4245622 1.6271315 4.279888 2.7451942 1.6744226 18.676968 1.5730351 89.99808318747249 
Car -1 -1 0 747.119535586078 180.42673474054683 871.819659471451 228.48829734712726 1.4832652 1.6320673 3.7152538 6.4506826 1.7415453 23.597912 0.10787426 59.80695974614569 
Car -1 -1 0 314.32624791551854 180.00457441303703 483.88565926726915 235.90975166244345 1.4559703 1.6402507 4.2688656 -5.7241535 1.6640497 20.019005 -0.07489076 65.34394762497972 
Car -1 -1 0 16.67131037979296 180.7390764401331 368.7384892257921 289.5842736576262 1.4744658 1.6617353 4.2763996 -6.000433 1.6011307 10.7438345 -0.0074914983 127.12735081307898 
Car -1 -1 0 167.98687319833516 177.26094934473122 401.922603932394 253.19790899612545 1.5090723 1.6118183 4.216921 -6.7269716 1.6071498 15.245587 -0.0030767624 37.63005860534727 
Car -1 -1 0 665.9587351821694 177.11250673669412 726.3262017588569 200.72177485500922 1.5148189 1.6376337 3.7321749 5.6708674 1.800549 47.51572 -0.04221922 10.625933490906458 
Car -1 -1 0 423.6562199791222 175.65266261544835 522.2852319214479 208.99862272097477 1.4577956 1.6305853 4.1057973 -6.140365 1.5882862 32.674343 0.07566631 10.55460858781739 
Car -1 -1 0 219.96004803702235 173.02257729016537 400.6077399836863 240.69937392091362 1.5676622 1.6141295 3.7828035 -7.2168245 1.5720239 17.693714 -0.09076998 19.59869790059794 
Car -1 -1 0 88.32054880810455 179.3715228774309 342.4588052852112 270.7015981071015 1.5232391 1.574156 3.7276552 -6.9865856 1.6497546 13.085829 -0.07269831 13.501354034930728 
Car -1 -1 0 462.49395777921745 175.6061657039222 537.7208532737128 205.81633397678252 1.507082 1.5844021 3.725681 -5.580062 1.6522224 37.109203 -0.08217828 3.972134089730485 
Car -1 -1 0 735.1174637189879 178.51050691330465 848.0654221719366 218.21426876465114 1.477127 1.6164492 3.9822319 6.982649 1.7028952 27.943207 0.023888491 5.622182911994045 
Car -1 -1 0 466.74837198270023 170.9117667002991 536.4471720006417 199.17274727995886 1.6204491 1.6270689 3.8990514 -6.282695 1.5090836 42.283115 -0.050575502 7.100761924614745 
Car -1 -1 0 627.538864421639 176.537977396043 651.3020673573361 194.0790677861367 1.4408342 1.4856832 3.454032 2.5322263 1.7657495 61.8317 1.4465914 3.025813100259607 
Car -1 -1 0 404.885321964098 176.55082319611734 505.7814457426465 213.10029135986292 1.4678456 1.5759335 3.9555783 -6.3727417 1.6271055 30.127434 -0.0868725 2.400934311380094 
Car -1 -1 0 704.0730778372683 173.6516171657668 789.5579248001414 205.52120562160573 1.5369438 1.6122899 3.9000733 6.746828 1.5773606 35.70096 -0.02827973 0.6089520142604204 

