Car -1 -1 0 335.1911178690858 190.92482932274973 440.36882861988613 255.61974407610828 1.4652058 1.6044104 3.8237 -5.8045673 1.9975798 19.335682 1.5825148 81.03589742111136 
Car -1 -1 0 397.31435035782135 188.60796175262163 469.6457439017806 238.0791461843644 1.456152 1.5137832 3.5477557 -5.8069377 2.0225601 24.15791 1.5841357 46.22011516651061 
Car -1 -1 0 208.6476188238512 195.7963160225887 385.2029829111054 293.1752243807839 1.4856579 1.618156 3.9726083 -5.8069935 1.9931998 13.957491 1.5942683 85.75850498933475 
Car -1 -1 0 799.5786001169471 154.83192700853326 933.9906185800068 200.15529827655376 1.5742912 1.6852263 4.2571106 9.182956 0.9483008 26.005299 0.047600985 69.54257809357512 
Car -1 -1 0 439.8620617112468 186.66525105331934 498.7517941836396 225.54981481901808 1.4434643 1.6012741 3.8674788 -5.7791624 2.0576932 30.131998 1.6009791 18.69219597456039 
Car -1 -1 0 478.4856690936482 183.34037610180454 525.2671644987525 215.59460526208423 1.5380355 1.5830833 3.778546 -5.556118 2.1131656 37.623547 1.6556101 16.186493912730853 
Car -1 -1 0 661.2728719799983 175.29007261171787 709.4548383264964 212.07621331030845 1.5166225 1.5482641 3.9616158 3.300101 1.6315615 32.02908 1.524333 13.991114608537908 
Car -1 -1 0 802.5211742051894 157.31446101366805 914.779435241033 197.91189219430024 1.5545404 1.641812 3.8595636 9.76486 0.9595065 28.466824 -0.008871428 15.516612264743403 
Car -1 -1 0 772.4117841803653 163.5548307907847 878.510477090823 199.1755236659885 1.4794002 1.6639228 4.0729065 9.283226 1.0931865 31.138966 -0.17403941 9.8500674087121 
Car -1 -1 0 1098.3064203314436 141.12716203297197 1225.2413103727217 176.5942490856375 1.4747958 1.6467209 4.1491055 23.536894 0.15552723 30.851416 0.012082217 5.518943120010251 
Car -1 -1 0 1126.2199349505988 137.26409748230296 1242.0 177.65970265656063 1.5286403 1.6898748 4.0103507 22.806774 0.18185604 28.254135 -0.05295495 9.28038971922456 
Car -1 -1 0 657.4564087233816 174.5315998424973 694.8742805365789 206.45657171658814 1.5717442 1.5589144 3.719327 3.4219718 1.6634879 37.58937 1.5575821 5.281638569062467 
Car -1 -1 0 644.6847140335369 177.00493334147302 673.3780988149501 201.20003905533886 1.5067844 1.4633623 3.7314248 3.2193708 1.7908753 47.48416 1.5236847 4.267917161877644 
Car -1 -1 0 739.2243115724965 164.80676849568147 832.2100936257456 197.24655274910438 1.4784148 1.661117 3.9234521 8.276825 1.1116691 34.03099 -0.16836406 4.763718680358532 

