Car -1 -1 0 255.46716548487936 182.01043025864558 366.48779567603526 237.72897768744568 1.4407928 1.6097627 3.5866377 -8.268545 1.3579097 20.398836 1.5925021 62.321085977601804 
Car -1 -1 0 570.2200941703957 175.5902815070296 653.3576835955835 252.93267003382672 1.5649602 1.6826339 3.4044235 0.100568056 1.3701978 16.2515 1.5753596 68.83154409885522 
Car -1 -1 0 345.30167600275314 186.53778341444675 458.58676450165353 254.92741037694194 1.3877425 1.557521 3.535444 -4.551873 1.4212185 16.428623 1.5779469 79.79298941667608 
Car -1 -1 0 442.6921838686675 180.58239332553163 508.94138285894627 226.76332119655154 1.444613 1.5630118 4.160861 -4.3955665 1.2996758 24.578857 1.5558262 55.04560805944292 
Car -1 -1 0 94.61844775578979 184.24515522747572 228.91296472457722 241.17270789836377 1.5080845 1.6494315 3.6460006 -12.760864 1.4823736 20.869497 1.5670574 41.9069435296439 
Car -1 -1 0 400.25631639465496 177.9261544024743 450.72418659130466 209.89429169201284 1.4260252 1.6038203 3.7038083 -8.516112 1.1008554 33.953735 1.5242372 3.140836186128266 
Car -1 -1 0 633.0095025873292 180.24889735584225 654.409138101176 201.4071649764321 1.5822433 1.599228 4.184282 2.8697605 1.2108194 55.897175 1.6365631 1.3352781209817013 
Car -1 -1 0 315.34498030037514 180.96222925237166 367.2329420295608 214.16953441527454 1.4377017 1.5780631 3.7936122 -12.181014 1.2535489 33.12616 1.3996537 0.33199572563171387 
Car -1 -1 0 190.20967477679957 182.29478375413314 272.78586650889946 217.4573301527364 1.4294367 1.6199925 3.821151 -16.166517 1.3106949 31.144184 1.5576376 0.3221413791179657 

