Car -1 -1 0 631.3210440936958 179.8077893223046 702.5614748436351 228.82322725222676 1.3938675 1.611265 4.2185287 1.753365 1.6394256 23.307266 1.4821522 84.46950685784891 
Car -1 -1 0 902.8305353412576 192.50238312669734 1242.0 351.42272100175967 1.4566996 1.6084832 4.0482416 5.5031247 1.6934645 7.768668 -0.06089445 81.68883547345514 
Car -1 -1 0 613.5288844256244 175.90733534258712 649.7635191171045 205.20556634144373 1.4657388 1.5231819 3.9363432 1.1318896 1.6373739 38.538887 1.4945022 9.573657151236059 
Car -1 -1 0 860.8659460294926 163.70110734153522 1202.2834494210067 302.2036524492875 1.7631677 1.6423979 3.8687878 5.748256 1.6466494 10.115192 -0.056890234 51.73932971507236 
Car -1 -1 0 289.13209102531835 183.8086713753997 445.0275273525785 238.9937057564506 1.445419 1.5496243 3.8089535 -6.6680117 1.7628613 20.070082 0.03367975 19.438745299140013 
Car -1 -1 0 338.6439374475244 180.09580444852375 453.40916599502947 225.14160310115523 1.5006585 1.5424669 3.527978 -7.401823 1.7622429 25.190449 0.058207296 22.74768106069909 
Car -1 -1 0 215.67752601143147 183.50372855691816 408.40878461711674 247.95432503838472 1.4674325 1.6251835 4.013117 -7.118643 1.7384758 17.533167 -0.008939717 43.71064314034199 
Car -1 -1 0 406.8265687596836 177.82421872491153 499.2347921279548 209.99664091207313 1.4958516 1.6465883 4.0800853 -7.459961 1.7401165 34.632114 -0.0024963936 5.337220027286602 
Car -1 -1 0 610.2433859616727 175.15778361752623 643.5582237257225 203.41776263579317 1.619092 1.6279066 3.768442 1.0060248 1.7645051 43.599396 1.4902201 3.575250591521013 
Car -1 -1 0 471.0566945354688 173.9089037397361 501.0885654587536 200.59663884183695 1.4932493 1.5791644 3.988209 -7.3372436 1.5587051 42.65506 1.3580898 0.2958780527114868 

