Car -1 -1 0 399.48594986660794 185.43108603132225 477.3202131564225 234.2549825062538 1.4324932 1.5858288 3.8066611 -5.6134915 1.8860352 24.091309 1.6032457 56.56385959825281 
Car -1 -1 0 325.7395756523015 188.81417688758665 442.5786917845144 256.8156300789993 1.4760094 1.6591958 4.008693 -5.663803 1.933276 18.643162 1.6019872 59.179735849769735 
Car -1 -1 0 438.20824829759164 183.01195583004073 498.1509043375027 223.69946949447154 1.4738218 1.560877 3.6148453 -5.587233 1.9064193 28.890898 1.6109394 20.271675768447043 
Car -1 -1 0 1108.0333832637116 135.0420680875982 1241.260394864854 175.56767302585922 1.6040092 1.6632082 4.0614614 23.02972 0.107407406 29.51894 0.06430192 37.07204871775708 
Car -1 -1 0 498.8973496171476 179.76588265242933 541.7583133448004 208.16697274758238 1.5458847 1.6002425 4.083152 -5.1885347 1.9725366 42.42138 1.6810533 9.70039516040549 
Car -1 -1 0 1019.883093403302 145.77828256782632 1112.5471595161985 175.02261477231087 1.4992031 1.5870643 3.884741 23.903175 0.11117327 37.842537 -0.030863652 11.377968341445975 
Car -1 -1 0 469.3890621644782 182.6764425652191 518.6626534949888 214.94692156648227 1.4126413 1.6028934 4.0950155 -5.522505 1.9162374 34.920242 1.6039791 11.634204297928422 
Car -1 -1 0 1072.6779965093356 139.69828673856222 1191.5717017403574 175.63615375382105 1.5676714 1.6330887 4.1035004 23.36952 0.12136215 32.369495 0.038435593 6.354924209244703 
Car -1 -1 0 725.4519401069255 168.17946636982705 768.2617876383147 195.9739143481046 1.442187 1.6529753 3.9206529 7.4410787 1.1996365 39.41272 1.5875099 14.04878736747094 
Car -1 -1 0 785.5126968379727 156.96881910051738 844.653578985132 194.56052281726093 1.5497442 1.669447 4.1074233 8.985264 0.8948664 31.847116 1.6324204 3.6610411518009247 
Car -1 -1 0 757.2298603995572 163.37222894940274 844.9308316270976 194.41888118850457 1.4844761 1.650264 3.8380423 9.400437 1.031111 35.54995 -0.12063693 0.7492557248422403 
Car -1 -1 0 519.8032979921593 169.2996299900935 535.4484282215973 183.86338240009937 1.5828726 1.6240114 3.9114213 -9.112235 1.1965628 80.43849 1.4857612 0.7866420808832633 

