Car -1 -1 0 660.0860523098363 174.01741889769372 726.8307889996611 228.33043273814607 1.6308374 1.5926414 3.6320283 2.661851 1.671875 23.597904 1.5213442 85.1348602987627 
Car -1 -1 0 691.1210174411905 182.46626818631952 821.607621249393 271.5934670680459 1.4773161 1.6385741 4.226267 2.7744532 1.699827 14.562042 1.5357106 72.88792350180974 
Car -1 -1 0 744.6251232456019 174.4847469687627 1005.2655085843119 363.297671169795 1.6679543 1.6586657 4.012665 2.7366552 1.6916004 8.435724 1.5961653 112.43370208470196 
Car -1 -1 0 642.8477639593617 177.76272134726722 677.8419896038906 207.41319848291775 1.4378511 1.4970595 3.4153817 2.5832157 1.7032223 37.283806 1.5492852 26.06670401499474 
Car -1 -1 0 0.0 189.39535217035882 293.9049568238574 333.5896449687361 1.5107778 1.6348901 4.0686502 -6.191158 1.7307701 8.682748 -0.04762688 84.92829664068084 
Car -1 -1 0 12.32610438331788 191.83286413127487 336.60460932240915 293.0828388014534 1.4242876 1.5830574 4.139345 -6.640901 1.7431976 11.292942 0.019321945 23.360884684283292 
Car -1 -1 0 339.0899139859435 181.70773581285556 480.12875052196875 235.37419571280432 1.546055 1.6039088 3.8571587 -6.091931 1.8309844 22.175787 0.12968385 21.48708451642783 
Car -1 -1 0 420.08871981040585 180.0232363198842 514.5454259960118 214.11840085558248 1.4809136 1.5934448 3.9241254 -6.3711205 1.8129897 32.56139 0.032448694 15.846823365932574 
Car -1 -1 0 360.64540715297204 170.4723192740978 478.61484210915995 220.02073343749268 1.7983634 1.7192568 4.0314884 -7.069644 1.71192 27.158894 -0.055757638 12.067263707997697 
Car -1 -1 0 368.09050105825395 182.33870805406798 490.9248059260328 226.72669802257394 1.4633987 1.5545511 3.8537045 -6.2144384 1.805762 25.115078 0.080558896 1.9939898095888615 

