Car -1 -1 0 346.8394028326367 188.47587118757687 459.24647737063833 253.98751040810325 1.4130807 1.6156259 4.408422 -4.922327 1.5045078 17.942804 1.5552163 102.38415341355456 
Car -1 -1 0 232.55896908563992 189.12084354241657 342.2125233168539 245.0874641184857 1.3896444 1.512826 3.4440603 -8.684997 1.5066926 19.8182 1.5628972 79.24067722288878 
Car -1 -1 0 37.64496309603432 189.80308586953538 259.8472819895321 288.12861013046245 1.4411596 1.5954032 3.7536647 -7.7513895 1.5337977 12.615181 1.5386999 107.46745283191817 
Car -1 -1 0 0.0 182.2492154429259 136.496036896105 257.3770611711826 1.5435609 1.6098223 3.5297203 -12.727676 1.4826121 16.587711 1.4987133 34.27026669494355 
Car -1 -1 0 347.01044378530725 179.88677055089354 399.0171053760965 209.0960671680649 1.5861824 1.6755459 3.9585848 -13.2902565 1.2968001 41.01663 1.5714667 8.248413147152668 
Car -1 -1 0 572.8149475389595 179.8005866009792 602.7652305292379 206.1459978178729 1.4131827 1.5893111 3.579213 -1.051802 1.1227131 40.350517 1.5694503 9.626046289817298 
Car -1 -1 0 259.3520558504039 182.58902011568736 344.64847756366504 226.70963106925691 1.5679754 1.6696182 3.8744736 -11.558433 1.4746275 27.49751 1.5545704 18.49212723347923 
Car -1 -1 0 370.7749849467455 184.6493214801776 429.3184965184809 222.8105398143348 1.4704452 1.5901029 3.537865 -8.431417 1.4486213 29.51617 1.5057232 6.659340109479481 
Car -1 -1 0 417.6479172064982 181.80325868269875 465.40373509924575 213.20046964299965 1.4865779 1.5959338 4.032631 -8.246826 1.3250076 36.078747 1.5361485 1.5061790571499603 

