Car -1 -1 0 43.71316981882251 195.27526310193036 269.61562364311004 293.71455950210196 1.3986471 1.5715976 3.8755136 -7.5675926 1.6017742 12.563982 1.5529461 89.08956000876593 
Car -1 -1 0 427.53529547590483 186.1626098935766 497.1779490605605 230.35852950726968 1.4225221 1.6325154 4.4696007 -5.025116 1.4590471 25.481094 1.5553033 74.94401756151785 
Car -1 -1 0 286.29182238589345 184.83064778070465 387.6869997100322 236.9026156538036 1.4062493 1.591769 3.6919665 -7.863035 1.3958507 21.264408 1.5772347 18.975914914981136 
Car -1 -1 0 48.281920317443095 190.99731637887868 196.89167588372317 254.08279648858033 1.4673094 1.58913 3.734663 -12.601156 1.635412 18.985966 1.505748 17.5949768273479 
Car -1 -1 0 572.6449122449449 182.18398191350076 605.1098326284076 211.04930094521765 1.471144 1.6547855 3.8355615 -0.96827114 1.3166301 38.569534 1.5526667 19.032264911155597 
Car -1 -1 0 215.52405176340736 189.77713869859312 451.94105713642625 331.90417363297865 1.4890075 1.6286035 4.16101 -3.3653932 1.5640646 9.746679 1.5691001 86.85928359074529 
Car -1 -1 0 358.5064243361676 186.60445083354637 418.417380583595 223.69000808504538 1.4142687 1.5395947 3.3877573 -8.833997 1.4741484 29.269201 1.5267442 25.135684325061863 
Car -1 -1 0 387.6796466561659 180.36490105948383 425.13658200177804 204.74250895209553 1.5663483 1.6226288 3.888395 -13.404341 1.2546673 48.176 1.5142623 4.4346677440370135 
Car -1 -1 0 138.85709645031562 185.6414015291373 274.948852420222 230.85965432999012 1.5161403 1.6136444 3.81975 -13.805428 1.5313851 24.930408 -0.0028758044 3.2874191788568465 

