Car -1 -1 0 152.92941700946628 195.81839988582297 376.4806736114953 303.74619306210997 1.43378 1.7125406 4.40725 -5.768566 1.911438 12.772331 1.6101522 121.19757141943455 
Car -1 -1 0 687.2915532925365 181.60861787687185 760.3520789746934 233.6921474346274 1.4271381 1.5252004 3.581396 3.428331 1.7187517 22.209263 1.5232149 74.40515106581056 
Car -1 -1 0 732.3486963020167 178.42610416505335 891.3902325295073 285.9356252764263 1.5163809 1.6276841 4.136442 3.267275 1.6287106 12.468994 1.5813713 98.76133770864746 
Car -1 -1 0 329.9152798190849 189.75048935675585 434.349295070036 257.36795810943806 1.4921806 1.5231575 3.5180423 -5.7308846 1.9688537 18.582329 1.5898943 75.75527207640667 
Car -1 -1 0 803.9741100205166 186.85186936655333 1216.8779629145179 375.0 1.4167932 1.6695071 3.9699168 3.27618 1.5897194 6.907686 1.5447649 80.79619305235056 
Car -1 -1 0 420.9714423444379 185.040995684031 500.27239806301327 228.2767890821524 1.4477854 1.6560311 4.27989 -5.5968184 1.9524751 27.649652 1.70368 34.21410264588456 
Car -1 -1 0 653.7271600720601 178.13801277346118 694.3890527682447 208.96698847803594 1.4599466 1.5416018 3.677045 3.229505 1.7424197 36.6928 1.5141119 24.80380239538452 
Car -1 -1 0 669.38000983154 179.31043430473818 730.0745092276276 221.64183715448019 1.4792528 1.6407031 4.136614 3.4093318 1.7483261 27.963383 1.5205895 18.33529557746663 
Car -1 -1 0 496.75188859638513 179.67411387240097 532.000677311556 206.68806287098684 1.4902133 1.5718474 3.8728313 -5.5880623 1.9123117 42.71885 1.5719358 6.185719204981506 
Car -1 -1 0 646.3895545789085 179.64236901321956 685.9776559333982 207.42492632630191 1.5089476 1.5281173 3.4361467 3.2444763 1.9201884 41.893814 1.412332 0.9305387869748959 

