Car -1 -1 0 682.7970062166157 181.4763951163064 776.1314199354816 250.82136829844288 1.4762983 1.615721 3.6731725 2.8188372 1.7095902 17.671726 1.5531304 106.70445814436921 
Car -1 -1 0 654.0676749755638 175.812366957481 704.8038227251615 219.94183280213036 1.6128287 1.654052 3.8364873 2.6973553 1.7377696 28.550514 1.5756898 58.15891091779249 
Car -1 -1 0 206.8818798437215 175.99320122174615 423.3666279091201 249.58556199283424 1.5449646 1.6714494 4.201413 -6.5176125 1.6198411 16.221115 0.07417184 110.53085327096359 
Car -1 -1 0 0.0 172.9093169704023 282.3687497684565 325.4272440855795 1.6062434 1.6799774 4.157657 -6.3236685 1.6069698 8.537985 0.047832582 84.30710035425498 
Car -1 -1 0 13.410799516945609 179.06746626508834 311.49718561744123 286.28633584390815 1.4989426 1.610348 3.683204 -6.778238 1.6032386 11.154742 0.08386956 14.766388487678748 
Car -1 -1 0 631.2350032504023 174.95006632906347 668.1872480486545 203.245214590117 1.6378202 1.6246414 3.9374342 2.4070995 1.7719197 44.115013 1.4595964 9.306799676653576 
Car -1 -1 0 307.58990393564915 167.58185049970206 465.4295110399825 231.34231984238312 1.7862637 1.7216451 4.0798674 -6.4482927 1.6385632 21.140469 0.032388136 45.38741959652888 
Car -1 -1 0 396.56336408908663 173.40562252717115 507.2281599134852 215.27335965581642 1.606564 1.6700482 4.1023626 -6.19446 1.6292481 28.69228 -0.071469754 10.124237694590171 
Car -1 -1 0 636.6795817406316 177.1309528251051 678.2536102458183 213.01335141264786 1.5965123 1.6034353 3.9994884 2.2411795 1.81367 34.610657 1.5383695 2.656970746352342 

