Car -1 -1 0 414.9912987513722 181.9324892680777 490.0494777930711 230.67556723317364 1.3982139 1.5534596 4.0308986 -4.7671437 1.3040338 22.6476 1.5557067 74.64290760801877 
Car -1 -1 0 274.63817767051455 187.9759833293918 438.1483103728128 281.70029978170817 1.4163218 1.5927702 3.5672483 -4.254648 1.4722738 12.770317 1.5934144 91.80301321418125 
Car -1 -1 0 476.90719622784854 178.90544310331413 523.6423465532309 212.59472339139455 1.4153986 1.5283425 3.501625 -4.696679 1.1502838 31.95897 1.5795563 41.927960507947816 
Car -1 -1 0 575.6999698653907 175.50809176023935 608.3027308009453 206.35809831438738 1.5289268 1.6163456 3.6223025 -0.7974851 1.0478177 37.45703 1.5461538 18.178318855433197 
Car -1 -1 0 255.45677153113357 176.1391606081717 363.8960109433287 236.41363235029917 1.6022329 1.6319444 3.8455667 -8.563595 1.3609579 21.043919 1.5554405 33.07943665867987 
Car -1 -1 0 461.44222453929183 171.75531245639274 494.070976902777 197.3863630664221 1.7616591 1.6276374 3.628466 -9.184017 0.8365074 51.232986 1.5841947 2.8545001067716735 
Car -1 -1 0 362.2053969974091 178.60329311581532 423.9398274199791 216.16843638215525 1.4498259 1.5810101 3.9320886 -8.775609 1.1946203 29.751287 1.5150205 5.385680531661645 
Car -1 -1 0 13.562311984792993 159.42873582094558 205.0150689371292 250.75009844807045 2.0073497 1.7842844 4.5285273 -12.225908 1.4405223 18.091671 1.540341 9.80403929622478 
Car -1 -1 0 622.6399164514334 176.88736857837318 648.463826520876 200.36464795873258 1.5189006 1.584019 4.142802 1.8792562 0.98008585 48.579403 1.5713613 0.2517438530921936 

