Car -1 -1 0 656.8642288806744 182.09016286192923 724.2564599383004 232.37440503729107 1.3838708 1.5660362 3.9903731 2.446299 1.6991141 22.612333 1.5449234 68.67242810637487 
Car -1 -1 0 912.6034520274891 186.40341277860264 1242.0 337.3394948153626 1.4640839 1.6584812 4.1105614 5.7853003 1.6322525 8.057732 -0.03351105 86.6026567297456 
Car -1 -1 0 648.4136056449875 178.94686278669937 690.9365725024794 214.80798713381802 1.4469922 1.5497537 3.9293385 2.587184 1.7316806 31.747896 1.5724026 24.384800260695275 
Car -1 -1 0 551.2163886034105 177.67893038516905 580.7130144032853 201.74582774743521 1.4661148 1.5850928 3.8255982 -2.7805347 1.7910556 46.66114 1.5954211 9.882174240060895 
Car -1 -1 0 214.06507450648755 184.0488046346551 433.27368375891416 253.6327597061172 1.4545226 1.6200525 4.298999 -6.3245783 1.7202289 16.24555 0.032761477 120.80527875647152 
Car -1 -1 0 0.0 192.50602333470934 289.6656519075526 304.0512377235754 1.431063 1.5596337 3.9521592 -6.9046454 1.7344704 10.339389 0.010450057 18.794653371970764 
Car -1 -1 0 339.9045919229847 174.6426692347317 479.5750814771409 227.1241594330271 1.6472343 1.6269555 4.1022663 -6.4653964 1.7079589 23.601896 0.039617322 23.164247079814785 
Car -1 -1 0 628.349016055654 176.80230920175057 657.6902010741845 199.70553433208653 1.5148927 1.5773453 3.3591063 2.2896156 1.798457 50.07366 1.4760427 9.228623191106974 
Car -1 -1 0 347.84935252316484 173.20477636381025 468.20603805621323 223.87722604545513 1.7557192 1.5772897 3.942623 -7.1717134 1.768799 25.959124 -0.08117954 0.2577749192714691 

