Car -1 -1 0 124.3371653929039 183.94679185730388 297.76867151878287 261.59982212179744 1.443361 1.5896113 3.7699065 -8.1767645 1.4197755 15.249868 1.5749874 110.81817449821808 
Car -1 -1 0 338.5074953270893 179.3037667118226 462.3858362777592 263.33802113673215 1.51016 1.5739075 3.458861 -4.065963 1.403918 14.658736 1.5567118 112.00287772731282 
Car -1 -1 0 470.22368482792155 180.44988264566263 525.7473968137208 219.17811303915568 1.3813796 1.5823452 3.4909296 -4.0931454 1.2113899 27.386654 1.5716077 38.44574401937471 
Car -1 -1 0 656.5854702765223 178.2326417989434 698.3207139562259 211.3920907366224 1.4050298 1.519006 3.4197598 3.0949793 1.1091442 32.172577 1.5663211 25.97250915716718 
Car -1 -1 0 593.5408696626735 174.70154472847614 626.5510617041537 205.8414572539751 1.5195014 1.6114469 3.5120413 0.16668426 1.0064534 36.84577 1.5865731 31.54258950023473 
Car -1 -1 0 515.0377898411926 175.60447449194234 551.806348754473 203.80856158926616 1.4303335 1.5788233 3.7861643 -3.8871424 0.9429128 38.35019 1.569195 13.75377460504869 
Car -1 -1 0 301.9119008459926 165.96544482160544 392.465271006118 224.44099637014563 1.7499415 1.6401461 3.7773225 -8.349296 1.1738577 23.415377 1.5531147 48.1824987301291 
Car -1 -1 0 622.8953443843138 175.65196635359493 644.3651483683253 193.53062651264258 1.5180502 1.5892487 3.6561315 2.2864442 0.7060081 62.89788 1.5272913 4.519349335057003 
Car -1 -1 0 445.71565611770194 175.6749715122334 484.9224181264513 204.86783487560592 1.5122702 1.553819 3.6104364 -7.661586 1.0180345 39.07383 1.5304008 4.438564171845454 
Car -1 -1 0 576.7447958711275 177.10014551881753 613.6278344058895 201.6927788290892 1.4614185 1.5772297 3.5603223 -0.7043114 0.97915137 44.61712 1.7654061 2.917578742360367 
Car -1 -1 0 384.51350594327937 167.32847158655917 449.47361025573537 212.53013165134163 1.8600683 1.7029613 3.9065402 -8.264031 1.124001 31.562254 1.6047003 0.7814669251848669 

