Car -1 -1 0 668.0532035624163 181.55407635448768 743.3220374511673 242.4274501598905 1.4996988 1.5845729 4.082621 2.6114821 1.7703012 20.400953 1.5708781 88.31722644552076 
Car -1 -1 0 44.87387328744143 194.08245120635704 360.8741385675785 374.0058950737079 1.5325881 1.6225866 3.9375947 -4.413666 1.8441821 8.602982 1.5466042 136.2640951130121 
Car -1 -1 0 761.9604963082405 188.42630622619947 1004.8597118065653 360.9610863158246 1.5272812 1.5508002 3.3387625 2.8914177 1.7437412 8.359108 1.572238 124.3303367944392 
Car -1 -1 0 452.31568601712894 183.93424286226593 513.8947132568402 228.95910392810782 1.5057113 1.6953213 3.809933 -4.648796 1.9496939 26.99291 1.5539954 58.02208517516228 
Car -1 -1 0 718.422106124975 186.34711921081623 852.6598182208436 287.0326673742003 1.4996765 1.496383 3.2965496 2.9871418 1.7715474 12.866619 1.5385392 73.40878069825963 
Car -1 -1 0 481.5010318466496 177.4487960107701 526.5859861808991 218.57982846527844 1.7262671 1.5851612 3.721734 -4.706293 1.9457467 32.58446 1.5442475 28.62719827048652 
Car -1 -1 0 218.48618800578424 182.028440813745 374.15987329401094 231.2299551747667 1.4420974 1.5546222 4.1261816 -9.579664 1.735644 22.269653 -0.019195627 14.651360338541153 
Car -1 -1 0 658.0644203675298 179.7982120771427 714.3386813975375 224.80280057532366 1.5139902 1.5640956 3.4994464 2.7590098 1.7871742 26.603981 1.5285374 21.478978219849566 
Car -1 -1 0 644.8838306491726 180.1221255062986 686.6573341541797 214.4721517723941 1.5474476 1.5890727 3.589402 2.6844707 1.9195582 35.11029 1.5228329 0.378462553024292 
Car -1 -1 0 533.0012150992239 178.99634699730055 556.574981260224 194.29087986651763 1.4658561 1.6374828 4.0934463 -6.5912433 2.1068828 73.10802 1.291837 0.25693437457084656 

