Car -1 -1 0 724.5094264099367 183.4144248013453 812.9477354765776 245.81501810476885 1.516933 1.5777181 3.521532 4.2890153 1.8346467 19.92559 1.5428665 57.473569280286966 
Car -1 -1 0 759.1420720649372 190.1860836839204 900.3135768817253 280.4201249600533 1.4262834 1.6597311 4.0931096 4.152533 1.818908 14.273002 1.6027653 75.85539098069664 
Car -1 -1 0 490.1705452536813 186.0571004099489 549.2145465992504 226.89545134351286 1.5209916 1.6533384 3.7768898 -3.6754587 2.1076663 30.100948 1.668866 34.83016649838682 
Car -1 -1 0 712.4322400943196 183.31739328102722 771.9366940842923 231.1574774064278 1.4769337 1.6147201 3.8316875 4.5330143 1.8694847 25.10278 1.6396843 24.251704415169304 
Car -1 -1 0 700.4349942208923 184.1179898523511 747.7810190609257 222.16400298601357 1.4606684 1.5861502 3.5087676 4.790643 1.9653966 30.545216 1.6128634 9.168919491088108 
Car -1 -1 0 524.5300556368571 185.27641600095396 573.3554429353165 219.03088094694553 1.5188935 1.551641 3.9428577 -2.9670672 2.1752172 36.055252 1.7231872 4.4006719972392006 
Car -1 -1 0 680.6889155434258 182.27690743486696 726.4656514511075 216.25138163028353 1.5219007 1.679822 4.1836066 4.57059 2.0140214 35.58438 1.5625457 2.466286514867986 
Car -1 -1 0 574.3536524805248 184.13700731302015 602.8814737212188 205.20992569543915 1.5534679 1.618861 3.6968465 -1.6273454 2.4788883 57.229523 1.7239364 2.5959733442699573 
Car -1 -1 0 824.0882623183722 156.19176644299935 1242.0 375.0 1.8207693 1.8151221 4.627986 3.9219804 1.6937754 7.8146205 1.5693469 17.40817507708402 

