Car -1 -1 0 204.76274374938674 179.09398489927483 380.4896703615171 277.66112874910766 1.6614829 1.7222867 4.3098426 -6.15143 1.8065503 14.605707 1.5545443 112.81150112434841 
Car -1 -1 0 335.77682241274715 179.43476436037656 438.7273685939301 242.9660071765707 1.6465423 1.7062918 4.2008953 -6.3960543 1.8595209 21.244226 1.5791444 38.43897720033448 
Car -1 -1 0 521.890029535115 178.91432321443278 555.8092078714841 206.79262243401664 1.4234314 1.7583498 4.097251 -3.856988 1.7759358 39.86274 1.4992884 19.784366833258634 
Car -1 -1 0 1057.807799243892 149.70614447569105 1242.0 205.33450609591785 1.4785287 1.6252027 4.1952972 15.596925 0.86328906 21.049297 0.61323905 47.375259009302766 
Car -1 -1 0 434.92417452098516 183.36761895741319 487.26660375083105 219.36163356182175 1.4535155 1.5620393 3.6448503 -6.524205 1.9468013 32.02855 1.5742421 16.02980658539212 
Car -1 -1 0 493.84203626574237 180.04464878662444 526.4428407949538 204.74868178046574 1.4930158 1.667337 3.975841 -6.401046 1.9793022 46.786343 1.5439835 4.6309867568039165 
Car -1 -1 0 633.5752913433623 173.79968318344822 656.2293448239594 194.98510423822688 1.5107007 1.5852622 3.8522506 2.593491 1.583461 53.57017 1.595039 8.42385253118398 
Car -1 -1 0 695.8603772158579 163.54906318796378 761.2017962978284 189.53239965999592 1.7594862 1.6492387 4.2023945 8.170948 1.1293933 49.760277 -0.036461852 2.7974390806975133 
Car -1 -1 0 853.7825207040672 153.2110516318867 892.0021851854567 178.54751252646284 1.9245697 1.6305696 3.5327365 20.609148 0.43248165 56.59602 1.5438825 5.152602787131544 
Car -1 -1 0 715.2635703455751 167.88284806814505 779.4789956927433 192.69450247568412 1.5682845 1.6825448 3.8004155 8.841095 1.2540698 46.47799 -0.015879543 0.9388598181860368 
Car -1 -1 0 1141.9900168413637 144.12520445419804 1242.0 172.07485022486796 1.455076 1.5713682 4.307411 31.117378 -0.042638868 38.550846 -0.070294105 0.5029407048589115 

