Car -1 -1 0 355.99027430536745 188.48399284593344 451.1811593363795 248.11113931391765 1.463233 1.5830399 3.68572 -5.743938 1.9485427 20.542795 1.5942088 77.80482661550558 
Car -1 -1 0 248.93517911583717 191.6338473108732 404.2836693178034 280.01787566470284 1.50768 1.6384993 3.9652953 -5.7325163 1.9542401 15.15759 1.5920749 82.4311885946987 
Car -1 -1 0 407.4363505261036 186.23724302258628 479.07121651785656 233.60077488368302 1.4689682 1.5619993 3.7571783 -5.7506094 1.9743756 25.349766 1.5971768 36.08955634181222 
Car -1 -1 0 796.1087485871981 155.5823382944887 923.5373618843726 196.79435205206255 1.5024858 1.6887457 4.2106934 9.343712 0.8728045 27.155312 0.0026132867 58.392485809709484 
Car -1 -1 0 663.726785863592 173.35692621135166 706.2096992529405 208.14432666860765 1.5029585 1.5340505 3.9035807 3.410729 1.5274504 33.184097 1.5676403 12.083903125849389 
Car -1 -1 0 449.31718737575494 184.45043929360068 504.0734299459265 221.45313933375581 1.4386638 1.5997161 4.02745 -5.6952353 1.97488 31.342102 1.5807843 24.882698429095278 
Car -1 -1 0 1055.2641474843915 141.8872698525994 1155.3604041574229 174.32753811456143 1.5123031 1.5682943 3.727201 23.627363 0.06869334 34.463028 -0.022742003 14.521293070909822 
Car -1 -1 0 485.22850043032895 181.77928294935245 531.0854653711486 212.19098900011144 1.5001197 1.6015295 4.146419 -5.412769 2.0084798 38.96868 1.6470506 11.034042659924726 
Car -1 -1 0 771.8487724708931 159.91249914107885 867.5147924698222 194.9156685424301 1.5100633 1.6170741 3.7627404 9.331806 0.95175695 32.17178 -0.12914288 7.345285239303915 
Car -1 -1 0 732.2513327800351 166.45963642639774 783.1662776404403 196.77984867127887 1.4297938 1.6656425 4.360556 7.3571577 1.1282581 36.206696 1.5723048 9.123099537719519 
Car -1 -1 0 1131.9950988162927 134.15006789993254 1242.0 178.1703319601762 1.5491881 1.6158403 3.7808468 21.934206 0.18709548 27.28444 1.5692866 10.250532344317122 
Car -1 -1 0 657.4498113225985 174.77608334549006 692.8065202799053 204.9306920214241 1.524616 1.5716987 3.7160354 3.460326 1.6323496 38.58045 1.576071 7.491449085617131 
Car -1 -1 0 509.19477573820353 169.3392792122486 525.2423185538316 184.30968155405876 1.5544205 1.6159542 4.114425 -9.884954 1.1894764 77.073166 1.4229263 0.5881400322365132 
Car -1 -1 0 797.8098914761831 154.79557276314182 911.9459541119408 193.44024168844396 1.5142307 1.6387619 4.047965 9.849446 0.80663943 29.14705 -0.027501784 0.26799028023792365 

