Car -1 -1 0 628.8182167384401 179.4327621903261 683.6967363229287 218.83476315110408 1.4320602 1.6383381 4.26144 1.8074129 1.7176714 29.139463 1.4967562 53.54392955500312 
Car -1 -1 0 855.3495506902773 185.3876768694139 1166.8945898954557 296.73323866477426 1.4707632 1.5666981 3.7825694 5.7933464 1.6719028 10.658615 -0.0737499 73.40701920701679 
Car -1 -1 0 784.1397251230012 188.13103028110825 1038.1016338824736 271.70491653577557 1.4236833 1.5897388 4.1323514 5.5565333 1.7307818 13.568875 -0.06901589 68.1120527047781 
Car -1 -1 0 974.798592089418 188.59089616690827 1242.0 339.96489434397455 1.4767894 1.544653 3.517226 6.2760086 1.6767886 8.20494 -0.1126013 43.53323312859628 
Car -1 -1 0 0.0 177.75884294021643 266.9869154996982 317.65844451094904 1.631163 1.6819265 4.078703 -6.9515443 1.7026695 9.501632 -0.0882847 75.73840156141728 
Car -1 -1 0 359.0753932921564 180.12593674051175 480.99711668401613 222.88197932668348 1.4652014 1.5893412 3.9392815 -6.724248 1.734057 25.84311 0.019718722 23.425361408133544 
Car -1 -1 0 770.6767173348709 171.85481607576463 967.8137034498465 256.13224515249533 1.7488346 1.6322482 3.7477536 5.6270976 1.7281005 15.900933 -0.060734387 20.410881892595995 
Car -1 -1 0 20.92672245917153 159.30384041106979 341.66906397628475 280.9260060839262 1.8831859 1.6881534 4.3460326 -6.975085 1.6733764 12.098554 -0.038145486 41.47281616447875 
Car -1 -1 0 323.7695348134895 178.41374281395292 458.95996757601097 228.34138065935457 1.543474 1.6015484 3.8817134 -6.968371 1.729187 23.293694 -0.0037118797 13.532534899991534 

