Car -1 -1 0 703.5413094142167 177.31573240407798 862.5160676684295 282.34074331966633 1.473532 1.6223595 4.357154 2.7685452 1.5644393 12.505606 1.5490987 89.22366575817604 
Car -1 -1 0 74.16912824219705 195.79358447344683 405.084322282973 375.0 1.4953278 1.6404548 3.8285096 -3.54309 1.8035977 7.7715178 1.5578027 123.90828773863088 
Car -1 -1 0 331.9188843741608 188.9059644809439 477.0703211586214 288.0662496926892 1.4866525 1.5788984 4.015188 -3.6283078 1.831195 13.477712 1.5683508 117.89327580485947 
Car -1 -1 0 776.8705815946303 177.48666524248029 1149.9502884322528 375.0 1.5274171 1.6262883 3.7174196 2.7748528 1.5820138 6.6403675 1.5762162 80.84598940361889 
Car -1 -1 0 682.7349301932555 170.5299156428725 778.600999662263 239.1898726442715 1.578313 1.6777115 4.4162197 3.0117025 1.5248883 18.81033 1.5512762 49.47049688234979 
Car -1 -1 0 455.5257726701345 180.42611192601314 526.4855947679249 231.562680311486 1.4987754 1.5493268 3.9000092 -3.8018723 1.768396 23.712841 1.6102039 43.82581948577327 
Car -1 -1 0 669.5822931278286 170.40213069284232 730.2626939397394 219.95055826464863 1.551718 1.5818195 3.577112 2.9795423 1.4749322 24.390072 1.5644605 33.93155599206916 
Car -1 -1 0 414.8831838157138 182.13939752951774 497.00689497444336 246.48112269985356 1.4956499 1.4955764 3.3775082 -3.9409232 1.7616224 18.965782 1.5526083 32.21060324956666 
Car -1 -1 0 623.1948250933712 171.93732802099612 675.3652692531426 197.2804540836678 1.5369507 1.594173 3.831411 2.474256 1.4813583 45.826553 1.097354 7.025073172099864 
Car -1 -1 0 592.3284047865529 173.50656624050993 621.2409625419785 192.66856874891778 1.5474172 1.5931551 4.096698 -0.26960063 1.6041774 60.58752 1.3526949 1.0695935972908532 

