Car -1 -1 0 730.9543976006274 187.79284489086766 919.5962640606758 314.5871316922668 1.5122784 1.6298836 4.4125214 3.1009798 1.7927151 11.335661 1.5670816 114.01438220180053 
Car -1 -1 0 385.3032774417822 193.0207531751928 495.9010011193685 274.7197009589036 1.5243189 1.5757873 3.8078601 -3.6756535 2.0338187 16.317589 1.5806378 95.02724410185587 
Car -1 -1 0 700.7013851610277 185.21877961141612 794.5348472587929 260.28558637858896 1.5094407 1.5631292 3.6193242 3.1210833 1.8308045 16.930925 1.5869249 66.05364838435673 
Car -1 -1 0 276.7423455146566 195.23104929125293 437.18212343877497 316.90980283122065 1.5502868 1.5498383 3.520134 -3.8817673 1.9679027 11.661272 1.5090007 92.11755043199578 
Car -1 -1 0 638.3121635686208 185.13696997523857 685.5273324119396 216.9457128836256 1.5448301 1.5969892 3.3376594 2.727374 2.2264814 38.23871 1.3492386 20.484276916024694 
Car -1 -1 0 554.0388989116618 185.5994185866474 595.767626480165 202.19854048071502 1.4566929 1.5503097 3.7834177 -3.2449994 2.6895008 67.96096 -0.720086 24.358886102925343 
Car -1 -1 0 601.7552383527526 185.13619048902072 628.606493465045 207.63439911099312 1.5251081 1.6150656 3.753455 0.4460223 2.4603777 52.992912 1.6758741 4.039171393353193 
Car -1 -1 0 757.1542373363018 183.66344694612403 856.3078955509932 222.10292125158057 1.5233492 1.6412121 3.8741794 8.216593 1.9948783 30.350761 0.1630294 3.8501546972212055 
Car -1 -1 0 619.6728895412627 183.1583137782742 662.6994058952366 201.20225801075787 1.5081112 1.6680421 4.1641617 2.8746805 2.4648824 64.86682 2.2717624 1.572563689859686 
Car -1 -1 0 940.2020383850837 158.8497885463909 1084.4145177637465 205.24120445066822 1.4816343 1.6156254 3.8951654 13.366803 1.0343721 24.143944 0.15550339 1.2637274738844924 

