Car -1 -1 0 646.5610776577431 176.97335086258954 685.883180794468 210.41095636303348 1.4598035 1.5736184 3.736805 2.6060777 1.6636701 33.835533 1.5771832 39.137502617426094 
Car -1 -1 0 687.0551072897659 181.71285278449434 790.4413151164046 254.2803077646896 1.4220005 1.5737612 3.623399 2.8143468 1.6463389 16.430285 1.5308398 40.08978579245559 
Car -1 -1 0 713.1978787679543 166.44314408823965 916.4585577448142 316.381483072469 1.8000288 1.703039 4.3164253 2.7860453 1.7230656 10.8472595 1.5378284 114.39466602325842 
Car -1 -1 0 666.8942088016289 177.8429677383375 740.3370010350376 233.4572303823241 1.5052294 1.6524911 4.0483027 2.756144 1.670927 21.92913 1.5572078 49.094011342245565 
Car -1 -1 0 2.163548897058651 189.48401632747542 332.4751712220281 301.0864656292265 1.4299397 1.5622174 3.8682818 -6.230647 1.6906433 10.412113 0.061873976 53.88460022920839 
Car -1 -1 0 96.74528405909429 183.1421092850378 360.45385010631003 272.2024063929022 1.4783685 1.6018538 3.8959002 -6.705913 1.6751642 12.984064 -0.008702075 28.953786418784954 
Car -1 -1 0 193.51275545356293 176.38526817625086 401.3342970945333 257.9745158571006 1.6098024 1.6019444 3.6836429 -6.4426517 1.6883726 15.182949 -0.038453348 41.60428294957416 
Car -1 -1 0 399.57777726375383 175.58373806721818 507.5227223011026 210.88212802051814 1.5112263 1.694304 4.5129776 -6.8603845 1.6365407 32.087566 -0.085239016 10.574212700286894 
Car -1 -1 0 359.71238321925546 173.01892541608908 483.0592869471838 221.7951819744669 1.5982802 1.6497492 3.7428288 -6.3374434 1.6040959 24.546608 0.039149854 22.188220961004262 
Car -1 -1 0 239.9041412020199 169.36888218343296 444.53570074146893 244.1930616545626 1.7277862 1.6802781 4.3527403 -6.373474 1.6473103 17.536854 -0.016356682 34.020663866492285 
Car -1 -1 0 638.5895339396135 174.3828492188071 666.4897247008158 200.93367344276268 1.5671993 1.6542006 3.7613845 2.6513662 1.6660546 44.732887 1.6237009 2.689843991445682 
Car -1 -1 0 511.15060983331813 174.5866237194316 537.8579258896818 198.95215382532527 1.4735682 1.5783397 4.0048094 -5.383712 1.5889738 45.995174 1.4816945 0.30369803309440613 
Car -1 -1 0 441.50595907834526 173.31936809397163 520.6025679690924 204.60551988682437 1.5686908 1.6143435 3.788683 -6.550972 1.5931208 37.040585 -0.016167048 0.29068487882614136 
Car -1 -1 0 532.5380313917742 175.56902266548275 556.5123394466816 197.8148547407299 1.6361301 1.6684091 3.5465074 -4.955809 1.8510802 55.316723 1.5271503 0.25803884863853455 

