Car -1 -1 0 699.2069087381184 179.5549745733879 922.1363809395688 343.8756961615509 1.6972191 1.6531926 4.2778125 2.4097786 1.8085166 9.807118 1.521532 164.06981645251656 
Car -1 -1 0 4.755467762439097 204.73457547145352 428.6978770485896 375.0 1.433244 1.5584962 3.6190407 -2.7732816 1.7815953 6.064881 1.5833881 90.79688190310307 
Car -1 -1 0 241.37183090987642 193.46166753402426 426.8442826585235 257.8232192772663 1.4603881 1.5944154 3.9580479 -6.687581 1.992163 17.768017 0.02736481 32.827486137458486 
Car -1 -1 0 631.7569200899513 186.14450410560218 661.9886883017592 214.6736217699973 1.5678227 1.6029689 4.0095334 2.2091725 2.4066133 43.530197 1.5673407 12.434598982446465 
Car -1 -1 0 91.47497088123559 193.89066201845597 352.9926308157186 285.8479725343989 1.4761202 1.5840672 3.833154 -6.7969565 1.8828728 12.987282 -0.09155955 106.87173989353283 
Car -1 -1 0 272.9635080749012 191.32811447550415 423.37132845833054 248.81314677952906 1.4850868 1.5710801 3.6278343 -7.2397842 2.025254 20.167542 0.08092771 8.873129693800259 
Car -1 -1 0 383.20402369144693 190.11729928298078 499.0713546477146 231.3463006862844 1.4893677 1.5848334 4.0624743 -6.4501677 2.1786966 27.843384 0.08798955 11.671777932798957 
Car -1 -1 0 406.2126562641843 189.2126805684396 500.8095127448236 223.2925305305469 1.4760413 1.5749927 3.9535997 -7.100851 2.245605 33.03372 0.06263542 2.5934150303004864 
Car -1 -1 0 494.5207016847493 187.88114756886245 536.8876722214966 218.56910991941737 1.4816463 1.6888626 4.172018 -5.010766 2.3373642 38.98964 1.5854907 1.1361821874784523 

