Car -1 -1 0 716.8494661113874 183.4917088295656 905.7692467018538 311.0253045264449 1.5039558 1.6147866 4.3898253 2.8135145 1.6999065 11.084002 1.5555053 120.24789230566316 
Car -1 -1 0 297.11302448061446 194.97022383682693 467.5006895057503 310.1744333991985 1.4785097 1.5877076 4.0657034 -3.5636992 1.911147 12.078332 1.5663215 117.01630760278071 
Car -1 -1 0 691.3673197560009 179.5912416970198 797.0429989114222 253.70922635735954 1.5094256 1.6443186 4.4002466 3.0702705 1.6917326 17.310625 1.5536429 92.74539486679679 
Car -1 -1 0 452.0298349649169 186.88834436409937 524.3763364164081 242.86582582892055 1.5081543 1.5283427 3.789353 -3.657668 1.9791869 22.307127 1.5910213 58.13172560692503 
Car -1 -1 0 678.1021353246704 178.95578258811102 743.2172599541792 232.00631937833742 1.5139455 1.5682632 3.7395773 3.1237946 1.7234457 22.898003 1.578115 43.33306357797381 
Car -1 -1 0 400.62203965585803 188.38766958527964 490.72350604173073 261.34718122661695 1.532922 1.4666278 3.3358169 -3.881433 1.946811 17.549313 1.5598992 48.67252290936115 
Car -1 -1 0 633.647065411617 178.3654787441614 675.2094499477032 205.285710228449 1.5567255 1.5962793 3.5462804 2.7175176 1.9105716 44.41509 1.3395665 14.41529350742681 
Car -1 -1 0 597.9027361480712 181.60949047759036 623.0845203757998 201.22025070958557 1.5012009 1.558376 3.8986907 0.044574663 2.2428641 59.085445 1.4389604 6.128344678025819 
Car -1 -1 0 880.0645452638685 153.4785469139638 988.9978636323048 190.9111769147962 1.4938197 1.5882055 3.836431 13.380285 0.72060555 29.892399 0.16482186 5.301378190674969 
Car -1 -1 0 560.1770668715069 179.36860476029767 600.0479002530054 195.29755140856776 1.5598874 1.5629652 3.9999955 -3.004915 2.246377 74.12616 -0.7210977 1.890563909589399 

