Car -1 -1 0 628.6086366303144 180.3007237134878 682.2351887099363 218.00671025969768 1.412762 1.5795213 4.25556 1.8369198 1.7459862 30.093987 1.4755833 47.8239565852559 
Car -1 -1 0 773.9341675025182 187.4447805391934 1010.3733514570918 265.07704909143894 1.4288511 1.602745 4.148738 5.5863595 1.7416525 14.547468 -0.05839457 64.0662415252272 
Car -1 -1 0 836.1897901326176 187.684928146756 1114.4660167197997 287.78154709141484 1.4529352 1.547574 3.7268572 5.7643585 1.7100245 11.621746 -0.060961165 88.48481647947654 
Car -1 -1 0 0.0 177.94986365570034 297.0374356027016 302.30122421797626 1.6132431 1.689767 4.072591 -6.929637 1.6943876 10.466991 -0.08897887 101.58547056936162 
Car -1 -1 0 367.121819976201 179.07303281806324 486.94352136461816 220.27639225582294 1.4697382 1.6042875 4.0395536 -6.7475286 1.7093652 26.904984 0.047312964 30.314698394245717 
Car -1 -1 0 937.1195125009446 187.32084020468898 1242.0 320.3737355171144 1.471755 1.5833731 3.8065443 6.409073 1.6753922 9.1755085 -0.10177049 37.501514363967694 
Car -1 -1 0 766.9503399251131 172.65815773336496 952.0536778079597 251.04532298701125 1.7337602 1.6390824 3.7518027 5.7585526 1.7294285 16.886347 -0.058293857 27.97155214851048 
Car -1 -1 0 340.07064238842923 180.47832873667184 469.24673677493035 226.15647796575874 1.4657819 1.5883081 3.8842328 -6.8238807 1.7310269 24.267063 0.020985534 23.532451163279873 
Car -1 -1 0 61.22239363596699 160.22576078944013 355.41267637467337 271.6615570721743 1.8732419 1.6939573 4.356659 -7.068401 1.6609604 13.047537 -0.033027213 72.59975344045576 
Car -1 -1 0 381.27502049352614 151.5179774499705 423.5114402677283 177.00716771580522 1.7844045 1.6981813 4.120311 -15.048349 0.29074773 52.616653 1.6267961 0.5994337201118469 

