Car -1 -1 0 0.0 195.1933739874575 323.01342429571713 375.0 1.5131094 1.6332452 3.979364 -4.763719 1.8235279 8.022641 1.553455 114.80133445103925 
Car -1 -1 0 736.8637010862467 179.35601313223043 883.1195812130866 271.7906245416846 1.4664534 1.6302569 4.172451 3.6307142 1.6099098 13.830261 1.5670011 90.4264337696467 
Car -1 -1 0 271.9510299476489 186.97428977563453 431.8131241422646 283.82574893661774 1.4997693 1.6339144 3.8501756 -4.667584 1.8049678 13.665669 1.5765771 100.60343169718443 
Car -1 -1 0 374.1880180352822 186.25559463374015 480.8000206121649 249.88831724191672 1.4049457 1.6377175 4.2886214 -4.63834 1.7980896 19.00423 1.5937259 67.00418664281744 
Car -1 -1 0 500.88923370925306 177.85930227111956 544.4989343791017 210.73020544690021 1.4892743 1.5194199 3.361324 -4.1569138 1.7435977 34.938652 1.6309521 36.067738351892515 
Car -1 -1 0 812.9269690677044 183.50374822681934 1083.8869678794276 343.22780040927836 1.4656584 1.6207057 3.609234 3.7361808 1.6206813 8.683342 1.5898285 93.41790257835201 
Car -1 -1 0 699.5308606617249 176.63230786526935 763.4898451851369 225.69628410626748 1.5267653 1.5939782 3.669648 4.0726395 1.665126 24.579548 1.5811754 27.802772300262692 
Car -1 -1 0 708.5762199625066 177.64974604234297 801.7562584611205 241.14867313276764 1.4780388 1.6415957 3.901616 3.7185173 1.6176593 19.048561 1.5620868 43.78804332129184 
Car -1 -1 0 686.3956780967669 175.44401497580236 738.6800882371986 216.95521104010822 1.5916176 1.6102297 4.0880313 4.203028 1.7065481 29.969322 1.576496 4.642414402982015 
Car -1 -1 0 1080.5766126955562 169.92159676041376 1223.699222801715 217.3445498533111 1.4693303 1.6461319 3.8748357 18.148483 1.378474 24.375618 1.4544997 3.2040388005853924 
Car -1 -1 0 516.0753318455414 176.08615133005864 554.9783967038503 205.74620897314003 1.5229391 1.5973724 3.8584065 -3.9946609 1.7083411 39.431835 1.6071002 4.436943040539143 
Car -1 -1 0 583.714097183081 175.6294352653363 629.3842510026307 190.1204057996412 1.455628 1.6347091 4.583632 -0.28579944 1.7430183 73.77597 0.05307402 0.9369126594369519 

