Car -1 -1 0 360.6752354773449 183.62651943175737 520.3209036553225 282.83467256285434 1.443829 1.6698116 4.48509 -2.8692436 1.6762296 13.281561 1.625038 136.323637322478 
Car -1 -1 0 712.2799600225532 185.4548451995532 851.5297567109176 282.08554812352395 1.4636492 1.614894 3.803896 3.0045514 1.730079 13.342119 1.5556704 85.70113715485203 
Car -1 -1 0 797.5544267234424 180.3978188268376 1231.0541784165432 375.0 1.5914161 1.6514418 3.9944541 2.9975853 1.6795022 6.4184155 1.5824246 114.28869942227186 
Car -1 -1 0 512.0359522422772 177.23265537753954 559.9118377234222 218.91311576302815 1.5112735 1.4655443 3.1790628 -2.8143587 1.6915951 28.106997 1.5958098 41.36300086236001 
Car -1 -1 0 685.4211674122491 185.56773572402497 776.9354615691956 248.21612253021337 1.3561354 1.6033423 4.3682795 3.0135872 1.7241998 18.698294 1.5629925 36.14448611841392 
Car -1 -1 0 665.3440556447138 179.87859221949864 709.1060919630218 214.00798295342722 1.4117329 1.5037656 4.148838 3.466173 1.7511704 32.78415 1.5612301 20.894542554265684 
Car -1 -1 0 447.47661416608594 176.9552351723774 534.5864490845879 243.82535076214742 1.603413 1.6151822 3.7518406 -3.0812435 1.7246981 19.436125 1.6041379 35.34861556288655 
Car -1 -1 0 653.7804020596759 175.52388199294464 676.6883288923755 197.26256167784626 1.5201901 1.5262297 3.4770803 4.034993 1.7215616 52.655846 1.6070001 7.996551118602961 
Car -1 -1 0 535.5353178128672 177.40427301323567 577.2326035629255 210.74420130763428 1.5175564 1.5915661 3.813125 -2.5485568 1.7524992 35.313778 1.6168557 4.029579780848443 

