Car -1 -1 0 708.111110003397 186.90302454328807 849.859435870716 281.27910573923464 1.3531806 1.5577571 4.0487957 2.8508785 1.645583 12.984125 1.5592636 100.8854878969371 
Car -1 -1 0 678.7863528377937 180.209018129422 748.2314048681899 231.01317137171554 1.3751594 1.568768 4.1108217 3.097336 1.6223332 22.1876 1.5773574 63.11205670112434 
Car -1 -1 0 552.8992516427055 176.59607010536664 586.4996948063199 206.09409962047178 1.427233 1.5634096 3.52885 -2.0100007 1.628989 37.131203 1.5623224 23.95832563427913 
Car -1 -1 0 180.8775965248542 167.17808601765978 425.51275513515384 260.0238570508969 1.7150173 1.6445754 4.139264 -5.9223123 1.6101736 14.239913 0.043691512 76.35326328609668 
Car -1 -1 0 650.0542406496214 171.07118618738144 689.9221390752924 202.77123197733948 1.7045864 1.7214955 4.2645736 3.373304 1.6087201 40.967968 1.5253632 26.281927932432335 
Car -1 -1 0 351.96765937204134 181.70390523294293 491.29254487743486 231.26042221592732 1.4382052 1.5615861 3.8486223 -5.7190633 1.7217304 22.19289 0.07515828 25.248886435655763 
Car -1 -1 0 309.9062619120378 181.5271209149031 483.16116185550067 239.62342741589669 1.4742043 1.6271949 4.2028785 -5.6995525 1.721111 19.569902 0.07603307 27.66502381606454 
Car -1 -1 0 488.86726347196685 175.1034489783187 550.5034387568816 201.02062584373147 1.5446093 1.6493952 3.6756394 -5.4608603 1.6853045 44.1509 -0.085628085 19.30702322096858 
Car -1 -1 0 395.54603269021027 173.78715795124495 510.96100245525815 214.38447962001896 1.5430185 1.7014942 4.2782 -6.092819 1.5812284 28.508312 -0.088526994 16.728662126539096 
Car -1 -1 0 223.53245052613704 174.00343517888774 411.76508063712834 248.9478797403107 1.6398722 1.5667747 3.7546744 -6.65504 1.6680453 16.750984 -0.08184106 0.8555971434192925 

