Car -1 -1 0 767.5728523052893 200.0264977325244 1101.9527855635063 375.0 1.3477719 1.5787739 4.0061436 2.8347614 1.6988779 7.318468 1.5686097 89.91739717628333 
Car -1 -1 0 702.1806512402566 188.12094148880632 806.4298230207619 261.0360907206834 1.3699882 1.5839949 4.2258177 3.1699495 1.7653618 16.56538 1.580574 97.65978811471518 
Car -1 -1 0 543.5817187635265 180.8812800295313 586.3130685682324 217.31102722117396 1.4581971 1.5774416 3.690278 -1.8970759 1.8299837 31.55948 1.5885305 38.3815532572254 
Car -1 -1 0 0.0 167.31699114373743 321.51096610536734 323.302701443873 1.6633253 1.6745179 4.275846 -5.887642 1.6042824 8.556392 0.011789499 117.3780725973302 
Car -1 -1 0 182.0857676952796 186.0830221845572 434.71953698409015 270.68224825790486 1.4816391 1.6296318 4.1501656 -5.619997 1.7503257 13.782169 0.027976887 72.89184610929257 
Car -1 -1 0 657.4257879814272 178.14399316896413 702.219227344218 213.92359254378715 1.6132054 1.6294249 4.0339723 3.365112 1.8862147 35.187935 1.5284525 50.25406635180425 
Car -1 -1 0 267.1256278345694 184.50726167892384 456.68182068347903 253.34331419801194 1.4565399 1.5581582 3.7934597 -5.58096 1.737943 16.501657 0.07666163 45.62030320508201 
Car -1 -1 0 344.2617166016967 176.43843855754702 488.53934943285844 227.19495672202666 1.5326102 1.6714926 4.1545725 -6.024608 1.6507859 22.853786 -0.04811793 27.359772654789438 
Car -1 -1 0 474.97943929770514 178.44574310304498 546.8512215801791 208.22366747952285 1.5318964 1.6521547 3.7222464 -5.232297 1.8383316 38.521538 -0.10679448 21.066506643712508 
Car -1 -1 0 16.979868757250024 172.6600254894912 323.3039814738847 287.7349513675916 1.638069 1.5847194 3.7395864 -6.5995455 1.6353078 11.13936 -0.04104273 10.524523669863843 
Car -1 -1 0 638.7041740858825 179.0224940478727 659.4721838161404 195.01898281692118 1.4517987 1.5951732 3.8120134 3.7492085 2.05766 68.92583 1.5219033 0.3765318989753723 
Car -1 -1 0 694.5612936699821 174.1745727884816 743.6676074897363 189.1738113257521 1.4415437 1.6405144 4.5019054 10.672482 1.572191 70.44696 -0.05222253 1.0974716948262104 

