Car -1 -1 0 439.4369828651213 179.23966221291283 512.8596628477382 236.53017446132245 1.5748112 1.5871363 3.2854538 -3.8177433 1.4105409 21.402767 1.5707896 84.42886068341582 
Car -1 -1 0 256.14831390247 188.83327369981743 448.7259360165902 304.6337569675211 1.4484205 1.6121225 3.7704773 -3.64396 1.5132434 10.995153 1.5699209 107.98029951977189 
Car -1 -1 0 701.2471659670083 189.30766064387464 812.6989431990829 267.5441034595857 1.381836 1.5241185 3.4386964 2.909645 1.4747753 14.602108 1.563306 99.5310831813588 
Car -1 -1 0 0.0 182.32057326323437 222.83341347583834 296.4268930682403 1.566028 1.62058 3.768849 -8.074249 1.5262945 11.769813 1.5458817 123.56314848407591 
Car -1 -1 0 651.2042581385195 181.51676483929998 704.8283186002019 220.44343474968846 1.42607 1.5974165 4.0690417 2.7224522 1.2905604 28.393326 1.5399395 42.12918842273862 
Car -1 -1 0 481.00742399331665 181.3502312975757 533.346895520285 219.88523361056852 1.4839866 1.5641798 4.066294 -4.061686 1.3351271 29.723248 1.579705 34.131238007890886 
Car -1 -1 0 380.6566999390827 181.36089489772235 442.14226846148915 217.11413018564033 1.4508138 1.6055566 3.8010345 -8.3826475 1.2943915 31.074694 1.5758784 32.74661542035011 
Car -1 -1 0 584.833157955942 179.76926935976783 608.7579294770093 203.05487962959089 1.6254103 1.6709238 4.1931963 -0.7900246 1.2452321 52.299698 1.5401143 9.521820244167978 
Car -1 -1 0 528.4809416563794 180.73176141443446 551.1771380701966 201.53951014859496 1.4529006 1.5533984 3.6242197 -4.8487883 1.1398098 52.056377 1.500374 5.645328613385964 
Car -1 -1 0 622.2022036553428 180.77264905725772 645.7364100023138 200.77817629503485 1.519578 1.6024554 3.7998462 2.074772 1.1820933 56.524918 1.5421149 6.674050728390614 
Car -1 -1 0 263.7242728625734 186.3866563171339 369.4591019649452 241.5355362341172 1.4194703 1.5625694 3.516651 -8.092396 1.4554659 20.337574 1.5732996 7.599770257582163 
Car -1 -1 0 502.4887942941091 180.1223230941169 539.8583615806809 209.4723846096608 1.5795853 1.6954663 3.7767346 -4.8071566 1.3054659 40.585125 1.560312 4.19842521657305 
Car -1 -1 0 427.08785693995696 180.98769507595142 468.46524488569656 208.41161393750093 1.4843972 1.5701038 3.9415562 -9.01283 1.2555445 40.899784 1.5459561 2.0840126961430525 
Car -1 -1 0 456.99715392839096 169.56237776781782 490.3370540749246 192.20792225743233 1.4911045 1.6493434 3.9199865 -9.113891 0.46040565 49.313194 1.5459883 1.1190292026998088 

