Car -1 -1 0 39.580039340005605 195.42626916010633 404.8053575097467 375.0 1.4244696 1.731526 4.526131 -3.697933 1.7454505 7.968486 1.5359098 135.5284954956106 
Car -1 -1 0 359.3477388609325 189.50752548571106 473.5920318283396 270.5386457012404 1.4474442 1.5234002 3.4492621 -3.96525 1.8411627 15.32899 1.5644528 88.00064374950065 
Car -1 -1 0 646.4647440061567 179.36369563406157 695.4081952714224 218.00827592548816 1.4478366 1.6431609 3.964971 2.458802 1.733674 29.692713 1.5619708 58.3652667689052 
Car -1 -1 0 783.484050111089 167.80655304210458 944.1281498351765 217.80298067899588 1.5061882 1.7154882 4.440151 7.900316 1.3541291 22.668133 -0.03328401 55.661207282720454 
Car -1 -1 0 356.4582097810878 189.2708988033156 442.7694832531523 239.2227927543218 1.3666061 1.4739344 3.8523557 -6.574936 1.9341307 22.985203 1.6167924 18.10901791639862 
Car -1 -1 0 733.5895777819692 167.61749786323685 840.4601717670465 203.09652060173624 1.5222276 1.675334 4.2878776 7.7921495 1.2975553 31.901001 -0.049832888 22.246374876735587 
Car -1 -1 0 767.6930351401817 158.79538007330896 893.4735233065139 209.42017775262147 1.7399333 1.666172 3.9610107 7.8335524 1.2567497 25.769484 -0.070651606 27.032762546985932 
Car -1 -1 0 443.2524764290336 183.12393184363816 491.6846593813799 220.73179378816965 1.6005058 1.6037285 4.0124016 -6.597381 2.111186 33.84773 1.5381587 10.523295142822834 
Car -1 -1 0 947.4533070061698 155.86949887773562 1029.30979010862 182.95696806751837 1.5262395 1.6212453 3.84943 21.756115 0.56925005 41.53351 0.035576746 3.335728348488245 
Car -1 -1 0 1015.4881818494564 151.70596527900673 1122.127899653598 183.56385760184725 1.5095477 1.6548684 4.1938 22.299595 0.50747347 35.11938 -0.049506646 3.7856751963303075 
Car -1 -1 0 974.7974250834623 153.77306109151615 1063.6804559922202 182.69323025810397 1.5037544 1.5898539 3.8756325 21.77619 0.51160765 38.42634 -0.059489507 4.247374130121508 
Car -1 -1 0 481.8096880516114 181.96095518147982 515.6518933701972 207.97113694311633 1.5069919 1.5592767 3.7581809 -6.8692474 2.098868 45.009274 1.5635736 0.9031854809280891 

