Car -1 -1 0 812.918701198645 186.74908877093054 997.4703798948103 252.84364919284926 1.4112571 1.5608895 3.6321926 6.751416 1.749849 16.68328 -0.06625086 100.20648154923245 
Car -1 -1 0 709.6237754434046 179.01282050800177 820.2481738149623 220.3567513646202 1.5770172 1.7280794 4.0080776 6.1217914 1.829977 28.715904 -0.027931284 55.878141464998585 
Car -1 -1 0 896.7110556760763 189.1330055058447 1242.0 320.7138074630593 1.4624596 1.6899153 4.3610535 6.1592417 1.6894891 9.15359 0.029585447 122.06517235721392 
Car -1 -1 0 784.0619844327058 181.7711331637813 942.6889675194536 242.24256533512752 1.495369 1.580502 3.6003668 6.5832577 1.7399726 18.942726 -0.033217676 41.58906996047724 
Car -1 -1 0 173.34822929079692 182.34722842729974 426.1586417972624 263.8986617577181 1.4429502 1.613273 4.1650195 -5.799367 1.6372782 13.872795 -0.043877922 81.7219413075958 
Car -1 -1 0 42.466774845731564 182.00308235190113 360.2983835956664 279.38205783927316 1.4210384 1.6193026 4.1492467 -6.3310065 1.5775502 11.514159 -0.009376521 128.22189174578082 
Car -1 -1 0 298.70172886524784 177.26162737199004 475.3030558566585 240.9748314309796 1.5573671 1.6081862 4.0480742 -5.6375895 1.6759827 18.584848 0.014219862 70.34283207726989 
Car -1 -1 0 644.1838891322269 178.81707132318954 673.9812045380526 204.63440489256425 1.4463513 1.5448573 3.9024892 2.9303203 1.8202217 43.28239 1.5774436 14.177937873540744 
Car -1 -1 0 341.23731349229706 171.18519750375464 484.93055574656853 224.24203107997704 1.6587932 1.6830833 4.26454 -6.309229 1.6066189 23.522623 -0.058195934 33.65603281562477 
Car -1 -1 0 445.4242931621994 175.35247029968096 535.8114320058971 207.91381917785822 1.6162128 1.6477822 4.3011355 -6.046107 1.7474627 36.933537 0.06910345 19.901009049825085 
Car -1 -1 0 333.0474141126374 180.13391958713214 485.7115536233286 233.20625832706799 1.452152 1.5792263 3.9656408 -5.7349925 1.6725445 20.919933 0.06873433 13.196781623903581 
Car -1 -1 0 392.70534907111977 177.46137759486763 506.35670481596435 216.13988605016854 1.472419 1.622889 4.120468 -6.2625217 1.6598792 28.512966 0.015966516 7.576860863888378 
Car -1 -1 0 576.153587100985 178.30422213066083 594.5533415446878 194.7564627696859 1.4668102 1.5031457 3.4316392 -2.2333503 1.9876535 67.216286 1.5993271 1.3108166900913614 
Car -1 -1 0 306.86559012344827 163.0933070104834 380.4615386761189 191.53752400258014 1.4713742 1.5412917 3.5553138 -14.134493 0.9664688 38.521202 -0.25701413 0.30986645817756653 
Car -1 -1 0 457.1946289565876 174.30703140479406 526.4295915122626 200.34635804464995 1.5537 1.6054642 3.9127498 -7.1629114 1.6443672 44.089798 0.06774676 0.9880919595351546 
Car -1 -1 0 463.103640949774 175.6436646818983 536.1450944867466 204.93475252057468 1.5830457 1.5728796 3.79714 -6.047554 1.7405925 39.9486 0.0073718783 0.26346465945243835 

