Car -1 -1 0 119.08805796529431 201.41514978499225 326.5961121087018 319.1090713383687 1.4725678 1.5088024 3.466754 -5.974107 2.0011861 11.613565 1.5607435 118.16680828010195 
Car -1 -1 0 288.02318318320056 194.51239456719128 417.84897975383336 266.76273228545 1.4219484 1.6550637 4.2478294 -6.0678496 2.0139432 17.597954 1.5709424 82.33854507891236 
Car -1 -1 0 683.6480647442415 176.24376905303086 775.8126906801721 237.31091828786202 1.4565079 1.6440811 4.0806174 3.1223783 1.5579382 19.514977 1.5257636 62.96212350273182 
Car -1 -1 0 395.7228901929071 189.97897717205018 479.2895390440974 237.85447704414182 1.4193068 1.6815698 4.4051485 -5.8921394 2.0713956 25.234207 1.6192071 72.85069015440331 
Car -1 -1 0 669.9472340702947 174.0363837435604 734.1078987161092 224.4332890381101 1.595623 1.6546725 4.125184 3.1142156 1.6400057 25.013031 1.560319 44.467798765469446 
Car -1 -1 0 968.3415522698292 140.27677355827572 1242.0 223.29542621078483 1.4585083 1.6246028 4.1304445 9.182947 0.8861771 13.505732 -0.00831195 134.51357973981 
Car -1 -1 0 872.4168575239212 152.4700990334983 1053.7647305912342 214.0769953659033 1.4980853 1.61747 3.8834543 8.971949 1.002413 18.48434 -0.06801019 39.69002722203439 
Car -1 -1 0 938.8575276219324 139.86642071336158 1145.0702810254036 216.6689009462714 1.6145501 1.5883089 3.6464953 9.493827 0.92108154 16.017944 -0.030674737 37.58975590237387 
Car -1 -1 0 811.2885033261484 157.1675093238537 972.9854746944267 210.40928780936682 1.4960613 1.6590053 4.1239586 8.249304 1.0552804 21.256367 -0.07496241 34.88023926910527 
Car -1 -1 0 658.8030480912761 177.28839162290353 700.278639024396 210.8544229588742 1.5103312 1.5483246 3.6486151 3.3233762 1.7355403 34.79925 1.5425237 24.239625016329516 
Car -1 -1 0 483.5559731552517 182.45747602434233 528.4928134845866 213.185730918095 1.561796 1.5343415 4.2044773 -5.704212 2.1255486 40.19133 1.6650351 7.524871956403829 
Car -1 -1 0 443.50869611443073 186.83472082773037 498.36410087928533 225.89155783264124 1.50995 1.554225 3.6310396 -5.897866 2.1472898 31.052555 1.6038705 12.01913433190362 
Car -1 -1 0 519.7829062595162 180.27538612242105 548.5934733159054 201.0708059499018 1.4948064 1.5790784 3.8107862 -5.7302065 2.0827417 55.209873 1.6342899 1.9176465025363758 
Car -1 -1 0 590.2955037966905 175.57372290457224 618.7201520566715 190.55773288207862 1.5111065 1.5960032 3.6342719 -0.55406034 1.8030558 75.46977 1.1310277 0.7035689774838629 

