Car -1 -1 0 664.4987407321236 169.50383853795182 809.2383312919777 277.37358621417997 1.6775967 1.6446471 4.2089963 2.1573672 1.6254947 13.383452 1.49298 148.48936891426717 
Car -1 -1 0 264.82385267028616 188.67130074070778 469.6280684231268 327.03351094192476 1.4052507 1.550607 3.6050932 -2.9524298 1.6545419 9.5574665 1.5551572 123.25375837212002 
Car -1 -1 0 613.1889754607806 174.15364146744656 643.309960584063 199.37847519750957 1.5684726 1.6379529 4.21313 1.1805503 1.6574206 47.23442 1.5162611 13.562449313725093 
Car -1 -1 0 181.28348443308755 180.45993002346813 383.4977069580336 251.33231691717882 1.486279 1.6108758 3.8563461 -7.268124 1.6689234 16.335424 -0.09851007 91.32721914355643 
Car -1 -1 0 285.1303366271524 180.3100820347825 436.9966348307055 232.49589546226204 1.4431406 1.5466098 3.919953 -7.1670365 1.6699827 21.077538 -0.05212074 7.176101698474556 
Car -1 -1 0 676.6222182156117 175.99307407758434 711.4162681778391 202.46213929459284 1.4719265 1.4963994 3.5395117 4.915209 1.6639872 42.348595 1.5312805 3.254146948871529 
Car -1 -1 0 305.05057526131014 178.2919828831723 435.5820516792555 226.11949449795037 1.4976157 1.5600035 3.7602444 -7.8022456 1.6831361 23.707813 0.0690952 0.9652068655996788 
Car -1 -1 0 399.82342283112587 179.13363763606802 496.48203648541016 214.84866858235935 1.4626734 1.6023135 3.913025 -6.854996 1.741131 30.95531 -0.12552743 0.3250080943107605 
Car -1 -1 0 403.16937352198784 176.64897209866064 487.1358943316759 206.86845401213694 1.4841175 1.5773826 3.8769817 -8.256725 1.6799538 36.435352 0.0053371405 0.5185992295970239 

