Car -1 -1 0 712.7915107845179 180.8347077532776 925.998806936044 326.63842716702237 1.558722 1.578459 3.2760108 2.5711594 1.6841475 9.620783 1.4537414 113.80001162709208 
Car -1 -1 0 575.7098814942559 183.9738123635581 628.6605783631423 225.14045301781385 1.4654294 1.5899054 3.614107 -0.35348856 1.9360008 28.625248 1.4140376 91.50243524178254 
Car -1 -1 0 215.91113802945625 196.3374411062921 359.96056960197046 304.3573950333722 1.437294 1.6237346 3.8203447 -5.384679 1.9120276 12.538679 1.3329087 59.717609043985505 
Car -1 -1 0 553.2718575698501 183.94707671385055 587.1196175680517 213.1288678313883 1.44018 1.5368819 3.345223 -2.148324 2.0624568 38.71249 1.4319214 32.836935825994175 
Car -1 -1 0 634.9923973486887 175.01217595236233 747.3812948761812 255.65461685959386 1.634105 1.6014963 3.6332526 1.7559555 1.689692 16.654282 1.3920846 95.4776911496561 
Car -1 -1 0 308.50155054396015 192.32562611452127 403.8562014841571 263.90819638427547 1.490216 1.5828384 3.6434155 -6.1883154 2.0272827 17.983099 1.4230411 30.097515989752353 
Car -1 -1 0 410.19864379785474 188.49744994352446 452.8250540415623 225.03146271571492 1.5242314 1.679756 3.6842525 -8.267555 2.2981699 33.738712 1.3993778 8.49665315137789 
Car -1 -1 0 534.5034889556847 181.98153735028714 561.9036065753933 203.6375134073612 1.5235265 1.567004 3.7059546 -4.6578007 2.2368684 54.410168 1.3488717 0.729964063020618 
Car -1 -1 0 658.8238042590147 179.4489884776079 762.3102989929914 221.71408491197468 1.5862603 1.5710567 3.7499123 3.969564 1.8577063 28.565823 -0.19401304 0.8663108273100112 

