Car -1 -1 0 724.9588704800871 188.57545329088174 901.3464641654873 303.3507242915157 1.354276 1.5780418 4.021641 2.879571 1.639463 11.076775 1.572187 102.47322730773008 
Car -1 -1 0 686.5946376600856 181.01033507076147 765.3549712129798 237.16022331483865 1.3726732 1.558404 4.000479 3.1534636 1.6238768 20.221405 1.5698794 74.88061438698523 
Car -1 -1 0 655.794282354232 172.06475285578372 693.8980004715996 205.18739248669658 1.6958954 1.6287432 3.8835635 3.4690182 1.6554854 38.900734 1.5508373 35.54411398967383 
Car -1 -1 0 550.9797258116245 175.64342278604963 588.8547172432736 209.11499001524967 1.5337186 1.5954537 3.730316 -1.8880482 1.6772475 35.250603 1.5845629 26.410121527288034 
Car -1 -1 0 107.84345852973586 168.6125585610864 401.99234369282306 274.4839736787915 1.6805996 1.6546309 4.245036 -5.922498 1.613271 12.359649 0.03734292 94.87694003217511 
Car -1 -1 0 277.3493350206528 184.41578923178207 472.4072456242442 248.64327661259304 1.4666545 1.636035 4.2264094 -5.6184964 1.7621429 17.608366 0.0067255027 42.77992668071815 
Car -1 -1 0 332.1557157078922 183.0905860206879 483.6306653267177 238.5110519073394 1.4565251 1.5694289 3.7941012 -5.6144023 1.7585135 20.305592 0.105666175 27.63583030444002 
Car -1 -1 0 392.70275544982013 174.31207295598986 510.2552064900647 218.58476063518756 1.5734642 1.666591 4.0312986 -5.762708 1.6292511 26.656448 -0.0587459 16.843498707714534 
Car -1 -1 0 166.33223052429707 172.79523875673962 388.05343444412387 259.53898452922476 1.6713238 1.6038877 3.828962 -6.697146 1.6701915 14.857594 -0.08167387 7.144363759568542 
Car -1 -1 0 530.4049679212972 165.4366186699856 576.7573474989931 181.71049300290858 1.541883 1.5995365 4.387208 -5.348435 0.8391161 69.270615 -0.049751423 2.384402611735561 
Car -1 -1 0 641.3945560705488 174.49714903958778 659.5204790900553 189.48043429669565 1.4571286 1.5859791 3.9504492 4.142827 1.6273084 72.67483 1.6881315 0.36712583899497986 
Car -1 -1 0 700.8994024080433 173.8625541810046 753.8404475035687 192.9910375813497 1.4928516 1.6067882 3.878235 9.346713 1.5744227 57.385696 -0.08867133 0.3415784239768982 
Car -1 -1 0 692.9534747895553 169.99868838492083 738.8608244735224 184.2937808355381 1.4547856 1.6209269 4.4918833 10.918196 1.1642053 74.254745 0.006552621 1.0871532738472587 
Car -1 -1 0 485.10896575018984 175.34652770683797 552.8748380370458 202.377686912838 1.5424871 1.6430913 3.8719983 -5.2711062 1.692103 42.332355 -0.082648344 0.29203271865844727 

