Car -1 -1 0 694.2230215482489 183.00499239546423 785.9796034538323 247.10577364232412 1.3903981 1.582126 4.1571035 3.1948195 1.6783555 18.388746 1.5697045 101.87704664445496 
Car -1 -1 0 549.5153843278855 177.90048957618404 584.500760271311 211.6747743884642 1.451048 1.529247 3.6693969 -1.9410491 1.6978607 33.42297 1.5277839 33.190083021176704 
Car -1 -1 0 746.329019448338 191.56423486622248 974.4369175603107 337.90285352031765 1.359241 1.5759763 3.985957 2.8876243 1.6502244 9.217826 1.584518 91.21976037048312 
Car -1 -1 0 657.4228330321461 174.4264724552624 698.1881910735018 208.207256859591 1.628882 1.6348925 4.1664133 3.4490712 1.7142683 37.083603 1.5542309 47.056937896777086 
Car -1 -1 0 13.176655172067665 168.67052503335762 370.40739238806975 295.57751616757037 1.689214 1.6667455 4.241835 -5.8733816 1.6335292 10.481448 0.02080516 136.4323624812991 
Car -1 -1 0 241.5796861343798 183.48431678112325 457.28178981029674 256.5971454168284 1.4744366 1.6193774 4.105075 -5.5471587 1.7186289 15.691257 0.03618386 66.58706085082036 
Car -1 -1 0 308.00675438663103 183.2163931370534 474.3126171577601 243.86097927335732 1.4423131 1.550955 3.7579107 -5.508868 1.72054 18.428171 0.092042826 33.94616230310527 
Car -1 -1 0 480.96489246622986 176.6323672762225 551.5567273491987 204.50330380104322 1.5173408 1.6764833 3.8205104 -5.1888485 1.7343236 40.48761 -0.058592297 31.928038917014174 
Car -1 -1 0 373.4661872055514 174.3902526359318 500.5219188154026 222.6412680551277 1.5848453 1.6542032 4.0140805 -5.827764 1.6395233 24.720764 -0.06725409 25.64840927343593 
Car -1 -1 0 112.91414602033292 174.64038917496478 363.0360534946304 271.97678855504336 1.6380918 1.5761607 3.7027154 -6.5704365 1.6725881 13.054269 -0.049716875 2.154281765984602 

