Car -1 -1 0 377.45757669574175 184.6934347622257 484.55862643341686 253.31967611848972 1.5119078 1.6780543 3.9229488 -4.4512887 1.8491815 18.568169 1.601762 98.54114404333262 
Car -1 -1 0 758.8860557808565 183.22862692371342 898.8125575616865 277.2453730567438 1.4674015 1.6240661 3.8732116 3.962583 1.6922407 13.666855 1.6146417 98.90456865780551 
Car -1 -1 0 827.9180774230728 180.5708739374419 1119.9399178863684 354.9859018851283 1.5849776 1.5849899 3.417789 3.9298887 1.6940036 8.452538 1.5275817 119.64167746172187 
Car -1 -1 0 442.6697269263233 182.33858904744298 517.7407877873908 231.95106190249822 1.4781841 1.6177052 3.9542258 -4.2540803 1.8240035 24.28903 1.6265312 39.202493364175716 
Car -1 -1 0 725.2837674326879 178.95861412727993 812.3840119878015 242.04279962231382 1.4799894 1.6189566 3.7575336 4.124195 1.6586163 19.20492 1.608552 50.433428447030806 
Car -1 -1 0 481.03399003899744 181.7993533648572 537.2641795679652 220.58649388821587 1.421202 1.6055706 4.297547 -4.0372314 1.8151422 29.606836 1.5964223 22.480496794265054 
Car -1 -1 0 543.0505036404392 177.4752463588762 576.0537664057997 202.40664873179622 1.4883912 1.5689988 3.664834 -3.1242328 1.7929263 45.661747 1.647043 14.700964540866895 
Car -1 -1 0 701.9218528665108 177.58618737636286 767.7766668850712 225.73153124663696 1.4600539 1.6086187 4.1160088 4.1364665 1.6334977 24.367792 1.596477 23.37929449223526 
Car -1 -1 0 689.4965747375943 178.2083699255305 740.4355730360753 218.32483427527336 1.5017506 1.6133549 3.714872 4.2268224 1.7337434 29.386963 1.5940249 0.5010238753332291 

