Car -1 -1 0 738.7124759814484 179.59871246974473 952.4098673868585 328.9166676255894 1.5618982 1.5926921 3.447706 2.8389037 1.6665429 9.44989 1.5436656 128.18453772352768 
Car -1 -1 0 671.4747020665054 180.41917148412662 742.0432020252074 241.29516999537557 1.4918656 1.5646291 3.2182713 2.5761003 1.7156152 19.713596 1.5939358 84.36779605670442 
Car -1 -1 0 351.3983048888348 193.33347267781312 465.0064827112331 273.90188720014925 1.4516606 1.549062 3.538171 -4.2388115 1.9477319 15.692793 1.5498617 89.5577191367337 
Car -1 -1 0 496.9970479564198 182.00892410451564 532.5126321168799 214.15324672437816 1.5995276 1.5729485 3.7459924 -5.0634375 2.1171746 38.893513 1.528715 38.426244956486784 
Car -1 -1 0 440.1986974356175 179.27895949441472 509.11984221103717 237.31172287251127 1.801122 1.627568 3.967947 -4.545173 2.0397782 24.81744 1.571106 76.21292167816719 
Car -1 -1 0 642.1692819088624 177.3436276995326 680.7069166061546 211.0559831914781 1.5506369 1.5599816 3.5347922 2.5020528 1.782315 35.44845 1.5475156 36.15114352260236 
Car -1 -1 0 626.2424870423915 176.2937800133994 645.3404440836703 191.79542423355363 1.5616615 1.6258996 3.7249856 2.7683153 1.9309888 75.51429 1.7093296 3.4958347733830157 
Car -1 -1 0 524.8608298206051 182.68866294107795 553.6133354631982 203.91414765183112 1.4905084 1.4998882 3.9361181 -5.279728 2.2617314 54.561485 1.6491046 0.3686790466308594 
Car -1 -1 0 548.8297540739932 183.02676472992417 564.6991215283622 198.64816361379854 1.4835042 1.5644779 4.1178827 -5.361778 2.5477445 73.37635 1.5009373 0.25457578897476196 

