Car -1 -1 0 751.6310369350505 174.86573203455916 1013.5367977703079 354.0218087499416 1.6969779 1.6169832 3.9900804 3.0099554 1.7274189 8.898977 1.5397447 139.92301107129393 
Car -1 -1 0 705.3864332563486 176.40235855671614 780.0678828871037 209.4679980139268 1.4597487 1.4951138 3.5620852 6.2484202 1.6372185 34.175743 1.0299056 55.879063385167015 
Car -1 -1 0 227.50167500332282 183.5675417610763 444.19180390151763 256.33602805381497 1.4695654 1.621787 4.116165 -5.8663807 1.7168481 15.746412 0.047470078 45.631203220532626 
Car -1 -1 0 622.9502938757054 175.4504775683994 657.2203904128423 200.7347485128969 1.5511726 1.5737348 3.606783 1.9297346 1.7255175 46.552177 1.4284692 23.348570421053985 
Car -1 -1 0 135.40291956637085 174.47064924449376 363.74002240981713 270.81537307294525 1.6463045 1.5755075 3.4019747 -6.476286 1.6778104 13.209817 0.03802482 32.228404796515406 
Car -1 -1 0 244.38369572961994 181.94455783227016 428.6752362746115 243.86666706176413 1.4739351 1.6066257 4.0594673 -6.8188925 1.7149011 18.275295 0.023465183 15.237953878375153 
Car -1 -1 0 345.669716667526 175.03182586041925 467.8325756199809 222.4599971728111 1.6037836 1.6431444 3.8167763 -7.05939 1.6829171 25.348255 0.025305344 20.231921303548752 
Car -1 -1 0 0.0 170.78228591475542 311.34902209349855 287.81026777276537 1.5958089 1.5586501 3.6158302 -6.525781 1.5675586 10.635331 0.009435366 21.109555901220197 
Car -1 -1 0 520.3756765360281 176.97852361491445 543.5825148163957 195.530669504025 1.4801533 1.5875369 4.0000615 -6.547427 1.8387989 60.624397 1.3741925 2.346121884109779 
Car -1 -1 0 609.513812211364 175.15015331552755 633.0513938613352 195.57841818135225 1.5153809 1.5912211 4.082375 0.87818706 1.700389 56.063393 1.5281799 0.6514786711004837 

