Car -1 -1 0 757.5360155661169 180.74805810494618 903.3682602314024 277.1707352727552 1.5591699 1.5834272 3.5287638 4.0358987 1.7292825 13.754923 1.5319118 103.44812279310915 
Car -1 -1 0 727.5995741340266 182.0309054724954 817.8589793255869 247.18457031141395 1.480744 1.6399777 3.90756 4.160021 1.7469722 18.94521 1.6136211 55.44316187203422 
Car -1 -1 0 842.5072709033108 192.1623463981551 1181.0491155895438 375.0 1.470736 1.606079 3.9549475 3.9858134 1.7378597 7.9889646 1.59093 93.15977091941717 
Car -1 -1 0 440.419857854904 185.46567489437913 520.5358198882357 236.69661728175305 1.4812115 1.6303059 3.8361735 -4.160989 1.9324231 23.827286 1.6667933 60.04571059476406 
Car -1 -1 0 557.5237544387658 179.47486227344902 588.8061775325908 202.1374708699248 1.503469 1.6785997 4.030055 -2.538774 1.9920409 51.163864 1.6579679 8.330378094388339 
Car -1 -1 0 710.575327350193 180.99082190469207 770.7379286782146 228.5546327431845 1.4418297 1.5736091 3.6041894 4.347044 1.7372193 24.348778 1.6294159 21.94543820468215 
Car -1 -1 0 487.90832788158457 181.91510360207758 545.0298489275646 223.25490698771276 1.539266 1.5631385 3.8964221 -3.7637682 1.9380331 29.749374 1.6509814 11.017829036921023 
Car -1 -1 0 507.96532503792866 182.32223508214412 555.4300422000111 216.01741503155284 1.4895332 1.5126765 3.6906517 -3.7078478 1.9725907 34.89331 1.6834549 4.491677160358235 
Car -1 -1 0 693.5905624460845 179.85114206866027 743.5377545118786 219.6888404326205 1.4898758 1.5537958 3.8541021 4.406349 1.7959057 29.612612 1.5944402 17.174891440754042 
Car -1 -1 0 685.9097911190156 180.4160910067572 720.8747630142395 208.95839318864662 1.4861345 1.5406935 3.5663357 5.19923 1.9274576 40.314346 1.5858481 1.4987817550493323 
Car -1 -1 0 936.8872065747776 175.7921473526249 998.7419870283577 204.49134852824358 1.4845129 1.5857592 3.731308 19.573915 1.6533487 39.584576 1.5859398 1.0231923557136653 

