Car -1 -1 0 672.7446392412132 177.47032471979017 758.5741079413145 251.8966621012539 1.6824791 1.6754959 4.1625614 2.6201985 1.8153092 18.666252 1.5878644 97.43240803924658 
Car -1 -1 0 755.7981994312269 192.0296745482266 1054.954266669176 375.0 1.4483314 1.6091268 3.676815 2.7472937 1.7001302 7.6244383 1.5558957 125.3144307030484 
Car -1 -1 0 233.10396612625524 188.71443111463495 424.7589219925628 259.487718365325 1.4636123 1.5577631 3.6663737 -6.158017 1.8350155 16.089672 0.015146888 47.811085324676085 
Car -1 -1 0 658.0286945764864 182.87501256854492 720.8906582007376 232.55649314553227 1.4934795 1.6255763 4.2599573 2.6422553 1.8661745 24.694363 1.5574856 29.513500970775457 
Car -1 -1 0 269.646685212162 182.30199883370636 447.2343556263027 246.92398711700943 1.5620966 1.673722 4.048373 -6.388027 1.8196752 18.69856 -0.06805001 33.54948522212632 
Car -1 -1 0 632.9704590100182 179.9899060476867 659.6612041596438 204.28002648708875 1.5016646 1.5533049 3.7460911 2.3895364 1.99084 47.585896 1.5663917 6.2188102537113705 
Car -1 -1 0 17.46202515177195 164.66020840047193 350.36781190519076 295.3585394162348 1.8475983 1.7062835 4.0938063 -6.325543 1.7317679 11.058666 -0.0027420234 85.2560994778246 
Car -1 -1 0 643.2371362465404 178.8869955426241 688.9777820480051 217.23776665195984 1.6646587 1.6627231 3.577243 2.588357 1.9620117 33.729523 1.5132154 14.532760551473402 
Car -1 -1 0 473.8072523004027 180.76431505956367 543.6678498616111 205.8789854435701 1.5128729 1.6277844 4.083002 -6.2419977 2.0152054 44.92443 0.040428832 4.04930902452959 
Car -1 -1 0 131.9203001136496 186.9383235935231 385.9870490623942 273.65141150730756 1.4958626 1.5820708 4.00867 -6.4544635 1.7782466 13.597856 -0.03902834 2.4112630704191678 
Car -1 -1 0 369.37468810056725 182.4207955381795 479.0397229107655 223.3193498573858 1.5028752 1.595545 3.898777 -7.099599 1.8857831 27.92083 -0.083988205 0.6361382603645325 

