Car -1 -1 0 661.4864504301079 176.24742323188661 727.7668373280378 226.34496270416398 1.5715313 1.6531589 3.870357 2.845688 1.6977955 24.87444 1.5223548 85.02673853725118 
Car -1 -1 0 350.21350570701173 191.5425898060972 440.8018323638504 249.18601381248857 1.4702228 1.5653005 3.490537 -6.2139654 2.0679085 21.311445 1.5957936 77.83310820978457 
Car -1 -1 0 404.59749835727524 189.0637355614637 477.1263597716077 234.47002457801304 1.4660187 1.6585431 4.1404185 -6.1795774 2.1165872 26.872116 1.5908165 57.758663501938166 
Car -1 -1 0 458.06520085333443 181.9322019951176 506.1902604292041 217.85192490829058 1.5895004 1.6358916 4.259713 -6.1363626 2.0586436 35.1489 1.5597904 24.559617404952693 
Car -1 -1 0 17.73637157281672 201.20461364055456 129.16985336084758 247.0871408440855 1.5244005 1.6270812 3.6445994 -20.699759 2.6981435 28.04901 1.5694925 42.70317804740179 
Car -1 -1 0 0.0 203.48638740870416 76.97241672332663 248.24001898938056 1.5034199 1.6513705 3.8001533 -23.441952 2.8103094 28.840794 1.5157247 8.199644229836027 
Car -1 -1 0 629.0687804592599 174.8590776494399 646.782137735773 189.50071868718715 1.4513146 1.6513847 4.044756 2.9399428 1.6632227 74.17368 1.652029 4.1661275037742325 
Car -1 -1 0 486.18874591298874 180.73849315391706 520.9568375321871 209.66759458165885 1.5614015 1.6063809 3.8339753 -6.11564 2.041131 41.953724 1.5301585 0.8684875053875288 
Car -1 -1 0 564.683956379534 178.06977640502453 594.933651746968 192.68642516222144 1.4598567 1.6538646 4.1508436 -3.0949717 2.0246122 75.892914 1.9420271 0.5783489747199154 
Car -1 -1 0 532.2162693217091 181.86101574009643 553.7946257574346 198.6792113229903 1.4720883 1.594416 4.132112 -6.1909275 2.3399897 67.45193 1.5812789 0.8318090495507796 

