Car -1 -1 0 682.4746028334733 197.15771578033352 898.0823999089871 332.99443501951487 1.3925589 1.5706046 3.8912463 2.276859 1.8038081 10.168329 1.4210839 122.3009422210941 
Car -1 -1 0 565.0772171677296 189.20871192976887 625.4305480847735 236.78704728774966 1.4378415 1.6234546 3.9027038 -0.5765768 2.0569825 25.265026 1.421735 65.27248362785527 
Car -1 -1 0 384.18846809578406 191.07078616649665 426.04281879021687 224.40708602105752 1.6216626 1.675481 3.9957218 -11.126877 2.6714206 39.48424 1.4311886 29.97859398135487 
Car -1 -1 0 0.0 202.94772412038728 250.52945176581346 365.0726440063512 1.5916032 1.6472983 3.663812 -6.2788687 2.0807993 9.769955 1.3704283 107.90149687387522 
Car -1 -1 0 1079.3651185595313 171.2260185229978 1193.9244818738948 254.74055739221401 1.401138 1.6115758 3.8687682 10.25381 1.373825 14.15202 2.1818373 47.385620657435545 
Car -1 -1 0 552.1911143416509 186.51711532252727 599.885195365685 225.73735866123477 1.4891205 1.606305 4.130518 -1.5066994 2.1184583 31.069473 1.414 15.57910961277017 
Car -1 -1 0 779.412704738029 171.19033574027446 885.3395280253309 218.29282539093873 1.5614483 1.5509119 3.304948 7.8370514 1.5062977 25.413979 0.52091 35.28478009609677 
Car -1 -1 0 407.98542552756874 190.284433502356 442.0404296519577 219.03694263268596 1.5930297 1.6306043 4.1029735 -11.390004 2.7255154 44.73079 1.4237878 6.919281332194847 
Car -1 -1 0 975.7433563844028 167.16806000497854 1084.5158212868382 210.26502600422026 1.4767962 1.6606011 3.9474444 15.425333 1.2819569 26.716722 1.548279 4.15239309005104 
Car -1 -1 0 709.7802881162407 180.08306936250216 806.6413509242976 221.7730308312519 1.7055149 1.6443549 3.8628018 6.5226593 2.0397124 31.720741 0.49100956 0.3707179129123688 
Car -1 -1 0 764.0994018893128 179.23209971256824 867.603526830043 220.516809434579 1.4762766 1.5343587 3.5756533 7.9425354 1.736083 27.83636 0.5206545 0.33067286014556885 

