Car -1 -1 0 653.8009621778995 184.5668524561556 720.4233617928418 230.11443716904054 1.3960028 1.5242696 3.374277 2.59275 1.8273249 24.798248 1.4399412 89.3102560833304 
Car -1 -1 0 878.5374704867261 177.7294657335733 1136.2056326430181 279.2576452091662 1.4491583 1.5762675 3.6337304 6.648987 1.5467288 12.464204 1.0917234 109.6746974530902 
Car -1 -1 0 298.7297869691973 193.02968600030664 456.41984106172805 248.87995626159392 1.4766269 1.6342806 3.9851215 -6.5222435 2.0766344 20.58329 -0.02902635 63.53075264326815 
Car -1 -1 0 631.8825404963471 182.779634942646 674.9094148144202 216.84488344215143 1.4693961 1.5334077 4.1089907 2.0334892 1.9722264 34.450684 1.5021329 32.315001873399666 
Car -1 -1 0 369.17916190451893 191.0206343886165 484.0449081113838 230.8993864771021 1.4316764 1.5852005 3.9694116 -6.9445906 2.1491776 27.606527 0.050104022 31.47898733981724 
Car -1 -1 0 181.82943346410983 195.59946140068757 389.10871812676487 269.7577351284235 1.4669571 1.5915747 3.8144386 -6.946348 1.9928025 15.759634 -0.06683245 31.042478898997285 
Car -1 -1 0 112.29179122066606 195.06667697319483 355.0619880488677 286.9733696605488 1.5283997 1.6024309 3.6636086 -6.8216786 1.9699788 13.399693 -0.07951721 29.861316415449185 
Car -1 -1 0 399.84383054900087 189.3683402958868 494.5691854433211 224.27835136267666 1.4790432 1.5306389 3.8631077 -7.235625 2.2399578 32.33727 0.0752164 3.8334989275959375 
Car -1 -1 0 321.8272052680728 191.5925921632507 454.95483371182735 241.5975705755843 1.4885658 1.5506041 3.7517853 -6.9391775 2.1035323 22.879198 -0.013396655 2.7471499020957504 
Car -1 -1 0 349.9300458226855 192.06147214425073 471.3677671528681 235.94825679308605 1.4426136 1.5501184 3.8107212 -6.888416 2.135158 25.216578 0.012695672 5.431395027985821 
Car -1 -1 0 486.1975504673682 187.8202901818657 523.7564248260322 217.2793396818645 1.4337041 1.6230874 4.0827365 -5.642045 2.2918718 39.298317 1.5273434 1.545917101780107 

