Car -1 -1 0 0.0 195.29346586551065 336.8980501398672 372.7371388388187 1.4873624 1.6958506 3.9183385 -4.7898283 1.8132651 8.512438 1.5615599 129.07464007179573 
Car -1 -1 0 472.38012757167803 181.34548243697097 525.1264566680444 220.73217725085655 1.4889026 1.5062486 3.3382068 -4.5038505 1.858676 29.715576 1.6210083 62.697177045708315 
Car -1 -1 0 260.0403164227522 191.00611086103055 431.22460197479603 286.0716415103805 1.4293933 1.704815 4.354225 -4.811387 1.8329087 13.8603525 1.568343 96.79076104936509 
Car -1 -1 0 789.6247297434626 188.52565146185532 1082.64251275768 354.5438274942482 1.4402448 1.6262716 4.185177 3.5403807 1.6760793 8.757097 1.5603746 101.55457407442651 
Car -1 -1 0 733.7291051797862 183.29227656884268 875.6994824963082 277.5066597915572 1.4968936 1.6476967 3.8760705 3.553094 1.725232 13.839247 1.5629125 63.333406799933314 
Car -1 -1 0 713.1448106499695 180.8114274668937 798.3752577922636 243.82409746120405 1.490865 1.6066843 3.7162259 3.823876 1.7256726 19.417837 1.5901269 52.779719569038306 
Car -1 -1 0 496.16572131793333 180.00116998798865 541.9382430392584 213.70714296358344 1.4809096 1.5305247 3.6529858 -4.253484 1.839747 34.359673 1.6269009 18.634978153370227 
Car -1 -1 0 687.8844235289341 181.11645583596595 736.5900276835181 219.002446782716 1.4660726 1.5164992 3.3800366 4.264638 1.8332958 30.366236 1.5541786 10.56453201025592 
Car -1 -1 0 695.680826013703 179.3868250918116 762.2052115931106 228.33735807450597 1.5175986 1.6160766 4.017329 4.030595 1.7614346 24.918966 1.5663348 19.414625599859562 
Car -1 -1 0 620.0019270416483 176.12697158975863 665.243022589891 192.85078260192412 1.5543065 1.682669 4.2286882 3.1262946 1.8685801 68.35309 0.042148553 12.13117792433646 

