Car -1 -1 0 747.7255564745924 185.69043682040106 972.6969300222349 333.0910486982125 1.4771863 1.5856527 3.3830042 2.9579873 1.672576 9.257194 1.5254744 105.34390237546792 
Car -1 -1 0 133.52645493191534 172.85231272202682 381.8823532642582 264.85630473993604 1.6342797 1.693896 3.946831 -6.579831 1.6342497 13.8619 -0.102873854 91.5121803750089 
Car -1 -1 0 403.63948078228583 172.1925274109433 506.47560050747427 206.9583517038903 1.5309359 1.6928167 4.29031 -6.9255533 1.5018073 32.62709 -0.0034030578 33.43615854039187 
Car -1 -1 0 709.5289704982214 169.70629689643692 843.1081053359713 218.451487718381 1.75897 1.7307673 4.573902 6.1760726 1.645385 27.02085 -0.05248317 51.28452564231553 
Car -1 -1 0 0.0 161.52100703771163 316.5040634045093 316.3280234558631 1.7564253 1.6040736 3.8537204 -5.9186206 1.6278422 9.028351 -0.020755671 114.05671827408405 
Car -1 -1 0 769.6419152888112 175.18981757648444 942.6027366359065 239.1172478701605 1.6006205 1.6802902 4.078842 6.431276 1.6661143 19.186714 0.10252769 42.92415947819507 
Car -1 -1 0 809.4351669401841 183.9160891483999 1007.4881860925374 249.64464669386282 1.4079913 1.577602 3.901874 6.756822 1.6754017 16.592258 0.03152598 39.21482936094978 
Car -1 -1 0 438.0744188658069 166.01693520628575 523.1682983145288 200.7638555772421 1.7612115 1.7418157 4.2745085 -6.6682916 1.4146621 37.681892 -0.11452009 23.940821467944797 
Car -1 -1 0 519.2325316154652 173.51265110578188 543.8060530652982 193.47086493310601 1.5111773 1.6144912 3.7551672 -6.095414 1.5646265 56.65533 1.5455244 4.882470092115769 
Car -1 -1 0 334.3897048562319 176.14858576287577 456.78274296236555 222.42819993278243 1.5629258 1.5909632 3.8790846 -7.4603944 1.6832106 25.420944 -0.066343345 0.8514100759569334 

