Car -1 -1 0 729.6927684725043 194.70072961319173 938.3824067715301 352.89271135645384 1.5607738 1.5671253 3.6404562 2.6788597 1.9023515 9.452698 1.5598714 86.40685602808199 
Car -1 -1 0 230.5418133973045 209.98484285565058 444.67620101824576 353.037130334438 1.4790285 1.6798962 4.0469055 -3.677205 2.1274366 10.559659 1.550096 127.64358759539165 
Car -1 -1 0 377.8102130554225 207.65193516504996 490.56322893267327 290.20533137222793 1.4302144 1.6222558 4.0047727 -3.7837958 2.3094788 16.215752 1.5538281 70.72044293630478 
Car -1 -1 0 682.5283025363746 196.9280657416398 800.5334467399557 286.17138475552724 1.4769454 1.5824233 4.373645 2.6298468 2.0626688 15.344453 1.539369 76.05675459186445 
Car -1 -1 0 470.2464603758491 202.65924634414125 523.7453517992739 250.31241672949153 1.452292 1.5288533 3.9720037 -4.0650454 2.6319447 26.537258 1.522987 25.128438287833994 
Car -1 -1 0 668.213146101312 193.98331122289454 745.1751618014118 254.8612078394383 1.5127025 1.6127404 4.2617836 2.792316 2.2075963 21.576582 1.542145 35.50583276158377 
Car -1 -1 0 655.0122496392532 193.19374584682325 710.4248634531299 241.85006981524754 1.6068596 1.570436 3.7124138 2.6975937 2.4295063 27.294882 1.5282578 22.119633537955405 
Car -1 -1 0 626.5939453564442 195.76912160050554 660.4463593684187 221.25923421423343 1.5184604 1.548722 4.030136 2.2562616 3.1375437 48.874786 1.4254955 6.084516135368938 
Car -1 -1 0 435.3538091570196 203.71959022966922 503.8192380309812 262.9011234384059 1.4940665 1.4916177 3.4510255 -4.1431093 2.5006635 21.784266 1.5413508 13.340341508220305 
Car -1 -1 0 829.9281254439569 174.2018201055962 923.5847996640847 206.45870002015434 1.484559 1.5930185 3.9282644 12.651558 1.5506897 34.348824 0.13490693 6.58231399401493 
Car -1 -1 0 552.92115634185 196.73701312618806 591.2171586584301 213.1415577103501 1.6089444 1.5943625 4.01199 -4.0471816 4.262455 78.252686 -0.71129763 4.510977849316331 

