Car -1 -1 0 901.6763898413978 169.5030631342616 1043.8383228450239 241.03541348808062 1.385891 1.7886577 4.2396636 7.9489756 1.3209687 16.232613 1.7665687 81.73048760449188 
Car -1 -1 0 391.4210575266257 192.27116123351968 519.5569798133185 269.98352388689483 1.4316139 1.5967343 3.8738432 -3.6060565 1.9280912 16.38602 1.0047387 118.12840318101814 
Car -1 -1 0 283.13071151128895 185.15514796952905 343.6029886789796 226.75385067189248 1.4897553 1.619482 3.9999044 -12.049112 2.0241947 29.22266 1.0132203 41.10681746368931 
Car -1 -1 0 805.0049302683877 166.36705629204522 888.110160192521 230.1125747866521 1.4129372 1.5675077 3.4121003 5.748441 1.2691522 17.821648 1.7726974 59.47228444858474 
Car -1 -1 0 267.9337508934692 183.42380735412019 316.76049567387594 218.95787364664483 1.5137663 1.6486294 4.124208 -15.098678 2.047495 34.23916 1.0390173 15.389628300461933 
Car -1 -1 0 467.2821847202471 173.60796510427278 554.5646393828188 210.0705922108553 1.5935863 1.6146407 3.5982094 -4.4369087 1.6288762 32.67608 0.16763909 46.147714493641224 
Car -1 -1 0 70.96863259663454 189.67139029064532 112.48877552344472 222.65992618203464 1.5565753 1.6580976 3.7819731 -27.32202 2.4931836 38.151608 0.98174125 16.898462121989485 
Car -1 -1 0 993.1540942209979 163.3570560394042 1204.243999697011 227.91818786199434 1.4401163 1.6234071 4.1469636 12.199219 1.2282751 18.302456 1.0668032 19.710623334630238 
Car -1 -1 0 415.3614938831866 179.6781565102685 499.0069640656351 211.5628493562763 1.6190323 1.6166797 4.0284805 -7.956262 1.9855173 37.879913 0.030617945 3.918976846298343 
Car -1 -1 0 530.4827766581138 150.66342433962754 833.890643934079 341.2449575878019 1.9894942 1.7763283 4.5291824 0.6905649 1.7578452 9.927438 1.0217425 15.329094264985953 

