Car -1 -1 0 345.48483672514345 172.84574409665777 476.1589445977482 258.8761712907444 1.5098219 1.6828039 4.014614 -3.8641725 1.5096769 14.698538 1.5356256 131.55956542895234 
Car -1 -1 0 684.9847191370592 163.97698116806185 810.0577995902939 258.36543608113254 1.552422 1.5713748 3.681004 2.4682395 1.4064202 13.731517 1.5393839 81.29006558976171 
Car -1 -1 0 657.8721729675036 164.02932914337484 745.7841741250098 225.85350219060803 1.4880497 1.5919657 4.3823767 2.375904 1.2756481 19.599894 1.5135236 58.623140671797714 
Car -1 -1 0 748.9489804534862 171.01246833868373 978.1153814834711 318.4051882965663 1.5092566 1.5837563 3.2806175 2.9386754 1.4903998 9.068657 1.5172634 93.58940912287794 
Car -1 -1 0 418.18341839078613 169.12354206968502 503.3746099515081 227.26406420182556 1.4811244 1.5969989 3.9190903 -4.078652 1.3860912 20.341412 1.5698433 42.64037389235642 
Car -1 -1 0 648.975032699475 161.29532386714644 710.7727188479349 206.64490054684003 1.4828061 1.6284653 4.1340313 2.416817 1.1048691 25.692427 1.5277591 7.183412521896396 
Car -1 -1 0 641.0289019384179 161.20461005648698 686.5628886680306 198.25672058562463 1.5212014 1.5899961 3.6654735 2.3095355 1.042927 31.48233 1.5362884 1.4432701487938602 
Car -1 -1 0 577.0693213486534 162.07188597710356 603.2732994949608 179.40073584819334 1.5696335 1.6265507 3.6489668 -1.8372797 0.5929978 67.3304 1.3048674 1.4046723017539484 
Car -1 -1 0 479.3196680883254 165.83421918347594 524.5332739319849 203.01941946518951 1.4833534 1.5044667 3.7439463 -4.517493 1.2033274 30.682991 1.5313855 0.3323691487312317 
Car -1 -1 0 0.0 113.28583176419471 145.43106492975352 181.1886584647934 1.5362649 1.5463893 3.8275056 -13.464935 0.18856707 17.259663 0.086295135 0.25564044713974 

