Car -1 -1 0 303.4171245351308 187.98468074182017 389.08834091761105 233.21429534271425 1.3619387 1.5878304 3.712127 -8.511646 1.4606955 23.757263 1.5381287 22.92899510555022 
Car -1 -1 0 449.43640696181245 185.33399095543942 511.9348689883616 227.87417411617213 1.4266555 1.525132 3.5589309 -4.4853263 1.4312176 25.920555 1.6021595 39.87612740443246 
Car -1 -1 0 333.49742967288836 191.25283390648616 461.9431745550773 272.0197917999465 1.4134189 1.5899156 3.7927759 -4.134702 1.5535338 14.774593 1.5543311 89.81493975093335 
Car -1 -1 0 125.95994635674546 182.71480250610892 303.42994703569406 266.4295329012169 1.6003578 1.6598163 4.0911922 -8.368454 1.5525486 15.78895 1.5721567 91.19661381887548 
Car -1 -1 0 398.161459558324 179.641093123616 450.5909036664808 213.703906293658 1.5438919 1.6156241 3.749342 -8.697363 1.2912238 34.46971 1.5543919 20.058972623606476 
Car -1 -1 0 93.4855817446404 188.93920807093028 215.54223466980466 244.08596083435222 1.4397655 1.6149096 3.8047442 -13.077061 1.5590762 21.035812 1.4275355 16.155324067564568 
Car -1 -1 0 485.60220497472034 181.20320766464354 527.7216173241253 212.38160152283385 1.480586 1.5481977 3.8006206 -4.985222 1.2900426 36.043926 1.5798005 19.227275278739153 
Car -1 -1 0 579.9807683698363 180.40995143228267 610.3340485144264 208.09022436563842 1.4637368 1.6051738 3.6055808 -0.6339128 1.2096082 39.81714 1.5722187 8.355177360076812 
Car -1 -1 0 377.61650606834064 179.3032346267592 422.28320460972435 204.46899837527414 1.4791641 1.5701821 3.6998665 -12.664903 1.1316482 44.12676 1.6035787 6.9298575010789865 
Car -1 -1 0 514.2377228381386 180.69627732846953 543.7269916079459 205.0807673800432 1.4694241 1.5768882 3.8800046 -4.9722776 1.1970811 45.368477 1.3908798 2.353977060720306 
Car -1 -1 0 238.84766033293005 175.8398040127695 350.22724048348863 217.59456701634292 1.7028338 1.7085719 3.9438019 -13.088139 1.3204681 30.233067 0.031946633 4.790435187587998 
Car -1 -1 0 438.5654828737715 182.09253493795057 481.7096399910062 207.85978770174663 1.4693849 1.5635003 3.611502 -8.715449 1.2912856 42.85833 1.6554141 1.5151099331168236 
Car -1 -1 0 614.9684792061761 181.44109338004506 634.0286156279313 198.761739234588 1.4903958 1.5904273 4.130284 1.5665389 1.165601 63.957684 1.6203892 0.2831265330314636 

