Car -1 -1 0 793.5363556661022 174.3559309183309 1222.798513125439 375.0 1.5152196 1.6564264 4.196694 3.1838331 1.5339601 6.8762 1.5346559 112.40472981976292 
Car -1 -1 0 629.53956910879 175.28406021635033 672.9674512149243 206.39617214483874 1.4696834 1.4970529 3.3341055 2.0413082 1.5972791 36.122818 1.414664 14.215073554488233 
Car -1 -1 0 481.0682585251391 177.94863614561592 514.6123848324185 209.49003749408084 1.5755292 1.638348 3.6680052 -6.019468 1.8620989 38.629803 1.3796735 22.024366455885616 
Car -1 -1 0 603.7207745697277 172.29064537837175 643.5056265676693 201.28609698982552 1.6486652 1.5305954 3.5025923 0.79372805 1.6166329 42.907856 1.3349942 13.714113720595906 
Car -1 -1 0 576.3077465003787 176.6450686247177 604.7207270220651 197.6803633989418 1.5270267 1.6462476 3.6843565 -1.4857423 1.8264964 55.04049 1.3978463 16.16947231292109 
Car -1 -1 0 668.4455460510777 165.18507758122504 746.463468846077 228.40484024629095 1.7402618 1.6699253 4.221617 2.8723946 1.5291579 22.000185 1.536384 23.889129572394413 
Car -1 -1 0 556.4045669669233 177.4764545248198 577.9907457737032 194.80209337507767 1.4934846 1.546908 3.4351456 -3.8393538 1.9215958 64.99882 1.3939481 5.588971690443932 
Car -1 -1 0 268.85374251029407 185.1966089966442 361.6198249127852 223.46685268281917 1.4396378 1.6062812 3.9734802 -12.280522 1.9836313 30.04003 0.58062816 0.40104660391807556 
Car -1 -1 0 657.6284388905464 174.48809367523643 718.0917220798108 218.35731412261276 1.5230402 1.5896733 3.8245988 2.870438 1.589014 27.163845 1.494782 1.1871857260082712 
Car -1 -1 0 541.4478812403509 176.7545976320942 558.3840837621698 190.58261503173952 1.4790723 1.5948434 3.6130345 -6.646109 1.922781 80.16663 1.4092352 0.2959981858730316 

