Car -1 -1 0 846.2010094677024 175.10788338360476 1064.166585270272 262.5760430673081 1.4604051 1.5833601 3.616695 6.576325 1.5106554 14.117637 1.0870323 96.16686558588498 
Car -1 -1 0 646.0388126290817 183.47706485435393 708.9517676491314 225.9420998118068 1.3974845 1.5609038 3.5322714 2.4253025 1.8152459 26.523357 1.4419878 73.79339337850422 
Car -1 -1 0 315.7856849746742 193.12235389098538 462.23986997693174 243.78117725616323 1.4448178 1.6068363 4.0091333 -6.6734695 2.0900774 22.116488 -0.02549614 50.63965782366948 
Car -1 -1 0 488.5567689439093 186.92063730545433 528.6280899754292 215.45162976398476 1.4576794 1.6745447 3.9006333 -5.6493607 2.2904625 40.756943 1.5825961 17.511021670444425 
Car -1 -1 0 214.92982573045362 192.75022626847425 403.2941724818854 259.61778767840605 1.4780927 1.6045167 3.8696146 -7.115182 1.9814341 17.365772 -0.04471139 21.078942974394987 
Car -1 -1 0 627.3620273308702 180.5463110418962 668.5022319577047 212.92362813425012 1.4818685 1.5373397 4.1111584 1.864949 1.8895754 36.13432 1.4939119 25.376893994514614 
Car -1 -1 0 155.57364517988873 193.98437572707914 375.95634694033174 274.08908385200635 1.5068805 1.6026047 3.8111339 -7.000991 1.9730659 14.9907675 -0.06751806 15.759361257129363 
Car -1 -1 0 337.8734454698461 191.48672634170202 461.00906572739063 237.77149281807584 1.4760303 1.5513252 3.7166817 -7.0637527 2.1289644 24.473572 0.018980853 5.0129975011430625 
Car -1 -1 0 366.13281089249773 191.33886732344925 475.4729747801279 232.94308782162335 1.4581013 1.5492998 3.6477563 -6.9618635 2.1661828 26.825163 0.021716798 8.221737350372129 
Car -1 -1 0 382.0421261223475 189.41052227829516 487.2990130260936 226.99979091013972 1.4357857 1.5778809 3.8541946 -6.985019 2.1206825 29.053928 0.002662037 3.7797617882311174 
Car -1 -1 0 0.0 177.6022697655811 338.24263022513765 323.73860132226963 1.8320721 1.6638358 4.1489725 -6.141186 1.9035408 9.981541 0.022662252 0.2895606756210327 

