Car -1 -1 0 577.0372071706042 191.86170594067838 640.0161546841708 239.39903411433036 1.4678102 1.5456518 3.2741992 -0.09874374 2.1850147 25.458536 1.3496435 75.40896581517518 
Car -1 -1 0 687.0598865809196 188.5860006186039 879.7266836829774 319.9743485828206 1.567122 1.6136906 3.4498923 2.4104419 1.8442203 10.876867 1.4096334 82.85919364888713 
Car -1 -1 0 635.5047082176718 186.33913839733748 707.1518819206913 218.622828653765 1.515502 1.6001943 3.677123 3.2177434 2.245205 37.219437 -0.73224217 23.41054492453231 
Car -1 -1 0 749.4448308983391 185.33579095037365 803.933694271288 211.78946048691606 1.4759386 1.5124096 3.3428512 10.092418 2.2569742 43.487473 -0.7088122 18.588759590754417 
Car -1 -1 0 272.0301384070435 183.82023416820238 321.0960205722156 210.94013063059668 1.5251737 1.6658622 4.3284945 -19.370111 2.235947 44.563026 0.886124 5.135371175808948 
Car -1 -1 0 690.7438665592231 186.04680903458137 761.6561764500575 218.0899949734791 1.6327897 1.6825614 4.182482 6.5795712 2.409715 40.46381 -0.73616534 18.008110490305423 
Car -1 -1 0 519.4332688679292 187.93940188446948 590.5054387460665 217.3740172569315 1.5058048 1.6285129 3.8140874 -3.0482745 2.3971498 40.741962 -0.74474514 17.61927556205583 
Car -1 -1 0 785.9777082587992 182.02746221394017 840.6009960806762 208.23470987471742 1.5619268 1.6137842 3.7195103 13.049198 2.1718066 46.130432 -0.7277945 3.27718155480342 
Car -1 -1 0 124.77696441124893 180.25578959491722 207.32666066686596 211.030399671631 1.4952044 1.542326 3.7736812 -22.748226 1.8885965 37.021572 0.3208757 0.25827592611312866 

