Car -1 -1 0 252.9483192914505 193.95389966282357 432.38144367379346 303.1199476876247 1.4825163 1.6272349 4.1446214 -4.4304543 1.9138209 12.674791 1.5684475 105.76015423324924 
Car -1 -1 0 0.0 206.0139079215338 337.8389320700396 375.0 1.456945 1.5845094 3.8300128 -4.5932727 1.9198976 8.154072 1.5764729 96.1024483268245 
Car -1 -1 0 706.232839000746 183.95335766643208 761.6186826452816 225.41331907694504 1.5156655 1.5639948 3.465775 4.9437103 1.9896677 29.063915 1.5488546 25.548453535616797 
Car -1 -1 0 531.5928108659286 185.07229001447607 575.0368510050184 214.84139203186353 1.4775412 1.781693 3.9416757 -3.0232968 2.1811519 39.51663 1.648905 21.556226817120642 
Car -1 -1 0 735.6821381917729 172.1591838965183 857.9400226368514 260.7737493158528 1.7975526 1.7870504 4.6082172 4.2050905 1.7834581 16.963 1.5967938 86.68343169437968 
Car -1 -1 0 595.744834485102 183.4984991343407 618.2918734236057 200.66014265690868 1.4783473 1.5780611 3.7092757 -0.20718858 2.488247 66.51164 1.7067411 3.9801843067090235 
Car -1 -1 0 719.991827874644 186.05148595395178 788.317797945054 238.5375013417293 1.4859436 1.6308908 3.8682878 4.594883 1.949976 23.395187 1.623714 11.43429032484856 
Car -1 -1 0 697.4692011977412 183.54650778351387 741.1230583415725 218.42403358177037 1.505923 1.6238556 3.8118808 5.1541333 2.0424902 34.273956 1.6068634 0.2954440116882324 
Car -1 -1 0 521.3551169443459 176.64556650306162 550.3640847943552 197.45238174480133 1.5668782 1.749773 4.2439036 -5.807119 1.8790799 57.26541 1.6003233 0.2845178544521332 

