Car -1 -1 0 457.45758782269024 178.17362400954806 519.163887537161 221.7364609215668 1.5390096 1.5933343 3.4341912 -4.5813227 1.7561365 27.686108 1.6345441 49.27474128080124 
Car -1 -1 0 183.9023156171582 191.9136602246515 400.7341390177061 307.3012231205904 1.4250181 1.6856105 4.3972692 -4.8791075 1.7965305 11.852856 1.5553157 135.37054715922721 
Car -1 -1 0 827.4206430765558 188.53656898144837 1242.0 375.0 1.4360553 1.6283944 4.1001854 3.4845319 1.6261315 6.6798353 1.5515726 107.24090193000194 
Car -1 -1 0 749.2075015586589 181.44546959848222 927.6602759903828 295.34613595920973 1.5197377 1.6779304 3.8320065 3.5207129 1.68367 11.842585 1.5599914 83.76107587855759 
Car -1 -1 0 721.1036889842187 179.3725437927384 822.7172317794609 252.4470000470466 1.529676 1.649019 3.821317 3.7734075 1.7040164 17.372627 1.5887283 61.39321605809204 
Car -1 -1 0 698.3884784266322 178.4021992511463 774.2826972887474 230.46986249679162 1.4722831 1.6108248 4.0426254 3.914096 1.663867 22.876163 1.5480038 32.49171140851618 
Car -1 -1 0 485.18253636104384 178.4373216933411 535.6052085031668 214.0312435587148 1.470324 1.5635653 3.8104527 -4.381708 1.7357175 32.35579 1.6198618 26.591977758433064 
Car -1 -1 0 692.506531519972 179.23597177856465 745.7571009304321 219.9361843811008 1.4716648 1.5138164 3.2939105 4.23397 1.7364924 28.276482 1.5468398 17.222043984635228 
Car -1 -1 0 636.9295431442168 174.50107975274332 687.7018294351573 190.4767207745641 1.4412992 1.6936734 4.591187 4.815901 1.5946763 66.241 0.04497417 13.807611791867485 
Car -1 -1 0 16.629759222146948 180.72012605045393 172.42086467797864 228.54404300793558 1.4846785 1.5885236 4.103223 -16.830162 1.7531993 23.67284 0.08109075 3.602475977065603 

