Car -1 -1 0 300.5765599521059 181.43282378834414 390.536032563132 231.88946717932185 1.4725293 1.5798452 3.5663 -8.175264 1.3621297 22.769665 1.5613482 59.1777712689073 
Car -1 -1 0 373.481623320706 174.8475399326945 503.55538729178653 267.121304998397 1.6194916 1.6819792 4.2048287 -3.263659 1.4375206 14.720132 1.5694664 92.00037902473875 
Car -1 -1 0 475.48404860596753 180.27162268234065 526.3919915951309 219.885681419267 1.4637929 1.5723625 3.7171178 -4.137765 1.2811027 28.444403 1.5402502 52.35077881732233 
Car -1 -1 0 558.8298783761225 177.8004736098536 606.5804955124994 220.94091998569172 1.5145662 1.6781031 3.3546085 -0.93630207 1.254234 26.95131 1.5251341 37.69012257242535 
Car -1 -1 0 3.17211248579007 178.03300596617333 255.3775317167477 290.7413677614619 1.584219 1.6579385 3.8812032 -7.6689587 1.4832597 12.0481205 1.5667468 96.8611880914986 
Car -1 -1 0 154.3078585875903 183.64019328377154 267.2277719143964 231.4919250939189 1.4371132 1.5963297 3.980435 -12.856665 1.3897966 23.599983 1.5440525 28.93504563884901 
Car -1 -1 0 267.73739629923296 178.93017383360603 339.0203560136112 217.054891012862 1.5121326 1.627493 3.6053848 -12.736223 1.2628312 30.351017 1.5234554 18.178321852327212 
Car -1 -1 0 513.8796781541766 178.4458641818161 544.210204670634 205.56136612298835 1.4561472 1.6225835 3.9559498 -4.3759604 1.0925959 40.64513 1.483185 2.825038562359191 
Car -1 -1 0 350.4698565371078 182.94907834367973 406.6910279572945 220.50234654906825 1.410754 1.5356653 3.5348864 -9.104162 1.3256044 28.854872 1.4450376 1.1236417736052762 

