Car -1 -1 0 703.1326976685108 197.63493960087519 869.8769697788991 264.8721629260104 1.4997158 1.6138477 3.6654313 4.288303 2.143971 17.784985 -0.09296042 133.1458343303649 
Car -1 -1 0 851.859296619633 197.12260012285856 1242.0 375.0 1.5212622 1.6491464 3.7381701 4.5005937 1.7890038 6.98515 -0.082151175 127.42038543405394 
Car -1 -1 0 207.10288286153695 193.3223403655944 390.92534583980785 256.40103176852676 1.4969012 1.636729 4.069525 -7.933482 2.055413 18.719753 -0.07502488 89.36215658050132 
Car -1 -1 0 40.18601383808434 192.58616716104177 316.51264142847236 280.4495388597735 1.5027852 1.6051624 4.2130437 -7.920538 1.8944172 13.51232 -0.00272654 49.42235825884379 
Car -1 -1 0 0.0 193.75334825260452 258.4094189904573 307.06448827015856 1.4982051 1.6105752 4.081003 -7.68055 1.8362436 10.771267 -0.046525873 52.57046322056602 
Car -1 -1 0 679.2975015784168 197.9107041442867 823.162043090783 255.51792648212745 1.4662995 1.5603725 3.6426234 3.8570566 2.1908426 19.993504 -0.050193563 24.035394049876924 
Car -1 -1 0 462.8160912732814 192.4228896519669 494.0948977167922 215.33068765750969 1.6165595 1.667574 3.4743147 -10.226643 3.1911063 56.13124 1.1682382 6.869777579090354 
Car -1 -1 0 275.2101066034969 188.00515313364966 398.96068799465945 242.072443267662 1.6356415 1.5864885 3.5720873 -8.809797 2.1545296 23.584892 -0.19602859 12.932531955970411 
Car -1 -1 0 245.01459454608263 188.45058830359932 393.5511945243658 246.47494528383936 1.5680988 1.62303 3.7770438 -8.408884 2.049612 21.181845 -0.15548775 3.8036313163503084 

