Car -1 -1 0 752.1490695977178 186.19562412920732 878.6557879551228 273.6905818909302 1.4426326 1.6017524 4.304125 4.0193205 1.7562522 14.7639885 1.632119 101.16905406940646 
Car -1 -1 0 833.9452794146978 193.9336978219018 1158.4175831182895 373.915339460778 1.4950526 1.6933142 4.264405 4.1514697 1.8107094 8.651311 1.5965762 116.14886174932076 
Car -1 -1 0 729.9892412631359 180.93421592153828 811.3539998307095 241.1100598443787 1.4860396 1.5592092 3.3903708 4.366763 1.7290388 19.988407 1.5910988 67.43401349955646 
Car -1 -1 0 543.6103545405803 169.29437837636274 590.5281770737887 204.29486536613348 1.4827455 1.6523516 4.1323576 -1.8587842 1.3319471 32.677223 1.6283921 40.6949945576028 
Car -1 -1 0 704.1793601427504 175.51742258883453 763.9018288166374 220.90989881297992 1.5624862 1.5639154 3.3416843 4.54202 1.6673644 26.723461 1.5473266 44.77657188076969 
Car -1 -1 0 688.187331739923 174.70892902524304 736.8081097701064 212.01122325982448 1.5153413 1.5622718 3.6343083 4.40678 1.6005383 31.316471 1.5621268 16.616799959907347 
Car -1 -1 0 451.2235889404149 171.33946785488584 549.9464154824848 248.71756852526462 1.5616676 1.5708615 3.6433105 -2.3561203 1.5311007 16.411715 1.6077483 19.72337025019303 
Car -1 -1 0 351.25438098503855 142.35097972680265 526.5712911967637 301.3665402798601 1.9357655 1.6841915 4.320545 -2.3269005 1.5644389 10.95327 1.5594624 43.52593443592251 
Car -1 -1 0 674.6678096905333 169.64545328429438 718.2161835411614 203.0256738389363 1.6069719 1.5734609 4.1739902 4.375292 1.4525076 36.850914 1.533259 1.4596544340977904 

