Car -1 -1 0 0.0 207.44995509089344 272.670132173504 371.8182026359326 1.5195372 1.5868669 3.809774 -6.0673475 2.0607638 9.380596 1.5738459 98.52529256598885 
Car -1 -1 0 439.180995048895 186.4148772329952 493.20213170942134 225.18823726521944 1.5577941 1.6114137 3.5349145 -6.2985554 2.1933496 32.028076 1.5972215 39.632178386098786 
Car -1 -1 0 645.6106832218185 176.93062831189346 688.2968739470153 210.07089859903888 1.5235043 1.5901455 3.7737298 2.775579 1.7354159 35.576115 1.5110637 41.91148875323057 
Car -1 -1 0 101.2864574837777 201.951471644818 174.15959102723843 233.634119749325 1.5018871 1.6161736 3.8225634 -25.867813 3.181393 39.70718 1.5336459 19.109328196700588 
Car -1 -1 0 466.1883711592585 186.92794705655209 510.9042509726748 219.01987219458692 1.5078138 1.5695875 3.8397553 -6.2390447 2.2781656 37.55006 1.6028596 13.650967239744514 
Car -1 -1 0 186.44807378847932 197.67299963610387 254.1656603307039 228.80381537186292 1.4633064 1.6328866 3.6948419 -20.798973 2.8586028 38.714523 1.5733807 22.383000404880836 
Car -1 -1 0 146.3695290526908 200.3331216176859 217.47354171614765 230.9017935441751 1.4463193 1.6057572 3.9572415 -23.432861 3.0341003 39.702747 1.5580577 9.816486493926046 
Car -1 -1 0 491.1451614737337 181.49253613474846 524.8255245740105 208.03860486036388 1.5614951 1.5405179 4.092397 -6.403703 2.1347127 45.827637 1.5766234 0.28844594955444336 
Car -1 -1 0 605.8283841938486 178.0309383333062 661.0760557732905 199.15400059750752 1.5832076 1.6204964 4.074785 1.8630161 2.00273 56.707905 0.5557625 0.7501478167636216 

