Car -1 -1 0 555.4941483359494 168.48127979471695 604.9834546151019 193.1234142808844 1.4809599 1.610589 3.8807023 -1.8932936 1.2181649 45.455975 1.0883875 20.916244159962467 
Car -1 -1 0 809.6969837843155 164.62786156387025 859.2630310664191 186.45621111547572 1.5300919 1.4889758 3.2901282 16.290115 0.9534677 52.37311 1.0411892 31.49524132248176 
Car -1 -1 0 602.275901247579 169.28204520101448 658.8482677750897 193.25868750938645 1.4521108 1.7046213 4.4458485 1.2780795 1.2357802 46.067886 1.1053785 14.326030328202055 
Car -1 -1 0 515.7367096053003 166.39173516680196 568.277175590989 196.7238222532219 1.735137 1.7270529 4.2863455 -4.135707 1.365465 43.578514 1.1076627 10.555666767441132 
Car -1 -1 0 768.736833481618 168.19426792531206 818.8775547074147 190.24355382782022 1.4899411 1.562021 3.4961529 12.895174 1.1750678 50.671158 1.1415012 2.5867251059736813 
Car -1 -1 0 897.2482636855062 168.8112900077319 952.8142271819962 187.7858049182731 1.4334034 1.6886797 4.066247 24.729464 1.1280022 56.705193 1.2363207 1.651906103440121 
Car -1 -1 0 743.1402011149319 167.31517840305122 796.6929722494413 191.22890999931792 1.5400281 1.5369451 3.6290085 10.716873 1.1833315 48.43104 1.0919648 1.722464553459854 
Car -1 -1 0 852.8612482520814 168.66538531318176 909.6656797149558 189.20053233486132 1.4953741 1.6032495 4.0622735 20.387125 1.1903579 54.126434 -0.4356528 0.37722936272621155 
Car -1 -1 0 942.8443503916782 168.35960255002317 1001.8476700158441 187.93881447315363 1.4817028 1.6378245 4.1311574 28.159369 1.1415784 56.017326 -0.31190333 0.25593116879463196 

