Car -1 -1 0 117.26548515191185 185.6529412529745 464.3499724652551 375.0 1.4435551 1.6800274 4.4742527 -2.963502 1.624061 7.9069343 1.6109595 149.23969858802883 
Car -1 -1 0 479.0093737091259 175.2433646487542 542.1735339552431 227.35012720542338 1.5121355 1.5021634 3.3651595 -3.0517592 1.5931796 22.783802 1.5805696 71.06537848071342 
Car -1 -1 0 761.2354296684141 191.51415891054054 1056.6794299690102 375.0 1.5039635 1.635147 3.634389 2.8960772 1.7549055 7.865025 1.544292 112.43222834069087 
Car -1 -1 0 668.998739015574 180.03901168158663 728.0370367312362 222.4993596500989 1.4413062 1.658053 4.099308 3.2769425 1.7332522 27.254402 1.5536203 49.93279727430699 
Car -1 -1 0 367.61589184639735 175.68186030156832 499.86888424986614 271.80496905535256 1.6034858 1.6263169 3.7442827 -3.2470987 1.6658282 14.026947 1.5804974 81.59836260763815 
Car -1 -1 0 702.6487465537251 189.10622106951948 846.8048489489843 283.5895660272016 1.3713075 1.6271377 4.1248875 2.832658 1.7169693 13.266813 1.5495305 73.13740204221939 
Car -1 -1 0 651.3268377305433 174.8264931704017 677.2091403810823 199.65469756846437 1.5551949 1.5981352 3.7135067 3.5593066 1.6899259 47.39074 1.620214 16.91919225577478 
Car -1 -1 0 513.9757834938491 175.75873207177787 563.7475893934139 214.84004037461682 1.4953489 1.5833344 3.6545274 -2.8513088 1.6225054 29.734434 1.6024201 9.243913418983585 
Car -1 -1 0 571.2264767410414 174.31450642853497 592.5771160836412 192.47818128003132 1.57755 1.5842085 3.629063 -2.4585176 1.7125134 64.820915 1.6261458 4.13486119257331 

