Car -1 -1 0 746.0193537365639 189.6659820619819 983.5151754114562 337.0892834249838 1.4181867 1.5420505 3.4403417 2.9583006 1.6724169 9.129266 1.4819361 132.27726958047182 
Car -1 -1 0 666.2846164437705 180.7262871486426 757.5030247395609 245.13793418290246 1.44636 1.6163796 4.2309113 2.545665 1.6757367 18.875408 1.5278325 98.72018238909624 
Car -1 -1 0 656.0019445362761 178.3139613337952 706.2760285090053 216.32485332492064 1.422663 1.537646 4.0932264 2.872983 1.662843 29.670088 1.539182 28.919789190761403 
Car -1 -1 0 340.529694945041 185.1417013448412 488.1627644875645 234.09415098974335 1.4430584 1.6228542 4.1760197 -6.0563583 1.8444457 22.650524 0.0521062 59.36264221763762 
Car -1 -1 0 83.25428963054786 191.07527184712995 357.319808936231 286.30537790216994 1.4294496 1.5737534 3.8185222 -6.4295654 1.7598093 12.136992 0.08428094 70.9168014530737 
Car -1 -1 0 155.95941220899272 186.73827883793368 388.7343616643577 266.21634394024886 1.4839177 1.6172141 3.9565117 -6.6953797 1.7808359 14.596588 0.012691604 36.09249711465428 
Car -1 -1 0 227.74988601666686 180.19532298370837 416.883210250247 252.1187015817308 1.5791476 1.5886981 3.8460903 -6.698291 1.762332 17.023247 0.099220656 35.76168917648413 
Car -1 -1 0 353.7927080718052 181.2502275331362 478.42337761161565 227.03586566843367 1.5278718 1.6078379 3.9263227 -6.6852446 1.8306472 25.198978 -0.008369536 10.538794745488655 
Car -1 -1 0 0.0 196.6920054923858 288.9657989519597 315.79668473519973 1.41983 1.550133 3.8895693 -6.638221 1.7719529 9.801275 0.042458083 44.430126354292504 
Car -1 -1 0 637.4785142458162 173.01462846858246 665.7138779763845 199.07379678436436 1.6984693 1.6328349 3.9598556 2.8188066 1.7098305 49.044037 1.5563421 7.127454527151111 
Car -1 -1 0 380.3826903779889 168.7104497064674 487.96907671314466 214.9928697046401 1.7256396 1.6457269 3.7252767 -6.690105 1.5711472 27.763937 0.020791622 8.530794638947528 
Car -1 -1 0 144.41620629329432 169.93263319920314 220.8613535754459 203.84558749281487 1.6045036 1.6648443 3.9142234 -21.274187 1.4662865 36.13422 1.5204399 11.462289975839285 

