Car -1 -1 0 672.7059124784819 182.06690292561544 757.1509214746073 243.21476284759555 1.3687656 1.5565643 3.9566207 2.6218705 1.6334797 18.741497 1.5548916 85.9276132179106 
Car -1 -1 0 659.9903568717413 177.55509361176155 711.2119320104536 217.40519645329388 1.4061574 1.5468962 3.9227357 2.8697464 1.6006722 27.889374 1.565591 31.982974848328208 
Car -1 -1 0 92.43321001942999 181.77208233512434 390.62252207102426 277.6295932775622 1.5172565 1.6602753 4.3490686 -6.226693 1.6831892 12.508228 0.040235743 153.2237383202455 
Car -1 -1 0 552.8824233830991 175.1019401084652 583.4414373963602 202.0095548774613 1.5157032 1.5458509 3.2865314 -2.4086072 1.6535344 42.58111 1.5925059 13.884381257942492 
Car -1 -1 0 289.4219495841754 168.87606083516985 466.96323144206025 233.706749110578 1.7067833 1.6869597 4.3470855 -6.261076 1.6020569 19.855637 -0.007552555 56.07776802234282 
Car -1 -1 0 638.3846522707385 172.91591325331837 669.56351159109 198.16782714258008 1.5591508 1.6222851 3.7671368 2.8209636 1.563303 46.476257 1.5282948 11.829526831034798 
Car -1 -1 0 436.23090210781106 174.31642728121898 522.1499267995507 208.37805166235813 1.5629146 1.6440846 3.83615 -6.1107693 1.6340024 34.13115 -0.06372559 12.807948415454248 
Car -1 -1 0 488.76157031133533 175.52224465061428 548.9883851455774 197.68662232779985 1.4931208 1.6336236 4.0263634 -6.2162495 1.6806488 49.77189 -0.06143795 9.416347992075636 
Car -1 -1 0 394.7746256491403 180.2214539179506 504.6349433973823 220.0126537705105 1.4613819 1.5749221 3.8383143 -6.1253276 1.7557803 27.847998 0.10494882 6.970854470530829 
Car -1 -1 0 372.9273307232888 180.78271108559736 504.5525024334218 225.37093687682943 1.4751699 1.6123918 4.178455 -5.907055 1.7627448 25.19442 0.08259687 3.4324915883635025 

