Car -1 -1 0 734.8020486660978 197.36245679457377 1008.489102211973 365.5109011379839 1.4148823 1.5736363 3.880273 2.7946122 1.7772857 8.662785 1.4749962 126.04123412993495 
Car -1 -1 0 604.7906421223869 188.23375778496597 667.4177097304643 237.3943611782344 1.4008342 1.5747449 3.9055107 0.79586935 1.9520004 23.840246 1.477539 89.8647449363217 
Car -1 -1 0 418.30211125223354 189.99387558605184 461.7409544367058 222.6467816454864 1.5682029 1.6336008 3.6882 -8.993611 2.5279593 38.51754 1.5169894 46.39189392478215 
Car -1 -1 0 0.0 209.78292895953777 260.5422333970523 375.0 1.5225604 1.6029731 3.687358 -5.7207503 2.0695398 8.753876 1.4384685 119.1581071720006 
Car -1 -1 0 590.9507182563121 185.46706798321773 640.8409729408913 226.60327094822108 1.5002522 1.5762386 4.042696 0.19441831 2.0560486 29.697672 1.4584055 34.0753276313103 
Car -1 -1 0 831.9217791177956 169.3245903881996 950.8955415251943 220.96923696678047 1.5781665 1.5608097 3.4036212 9.201474 1.470314 23.602901 0.5492256 26.75413362688269 
Car -1 -1 0 578.4303738561163 182.33001667747124 601.7087011329173 202.82376368370535 1.5407283 1.5951123 3.4844224 -1.586279 2.3229046 57.741432 1.4656693 7.061994308077528 
Car -1 -1 0 812.7353806272563 176.91021549851916 923.0853160825715 221.28232802396414 1.4997526 1.5519514 3.558739 9.376177 1.6559846 26.231964 0.5215277 2.35129901487519 
Car -1 -1 0 764.364736026368 177.78878287582685 864.9753322346616 220.18617262953748 1.6350574 1.5863622 3.755485 8.44579 1.8491418 29.745432 0.46946394 1.7450350309371294 
Car -1 -1 0 152.42041021446607 197.3362761349917 195.86843487876382 217.2928273128245 1.4784437 1.610849 3.6837494 -36.15621 3.5790448 60.010147 1.4936941 2.328266586542915 
Car -1 -1 0 1043.4359134862511 163.91547815016978 1178.659916133956 211.47287829664575 1.4687922 1.5852952 3.8023877 16.704407 1.1927292 24.274029 1.4376167 1.148859651123865 
Car -1 -1 0 218.4610823702016 193.68240193620832 271.3601307329235 221.7314121984136 1.4749384 1.5940862 3.604397 -21.457378 2.7585242 42.593933 1.4719343 0.25656837224960327 

