Car -1 -1 0 243.374195734829 189.39613273181845 445.5079505352092 310.6515965124686 1.4419374 1.5900394 3.7856581 -3.5980756 1.5144272 10.572056 1.5704802 97.34576776558245 
Car -1 -1 0 698.803372920431 189.67058013970023 804.9107830497242 264.48035870696515 1.3842635 1.51874 3.398543 2.9372752 1.4891489 15.2149315 1.5567768 94.79139668875139 
Car -1 -1 0 436.51656729506885 180.82940996373074 512.3263328702842 241.11979615785316 1.6085153 1.5915651 3.3381562 -3.7628536 1.4914914 20.850187 1.5677518 102.99176925143566 
Car -1 -1 0 0.0 187.07452299494986 187.51322734184646 314.0791658750993 1.5245931 1.6286018 3.7062922 -8.019395 1.5567559 10.561222 1.5404949 83.89312347906106 
Car -1 -1 0 649.7838640881823 182.52166760004386 701.5591813977885 219.5647144616915 1.4422668 1.6245364 4.0950165 2.791555 1.337375 30.065964 1.5321178 47.74933957238041 
Car -1 -1 0 382.05826990452533 183.44290656519024 443.19908967136683 219.63306465722468 1.4518573 1.5810894 3.6844816 -8.228102 1.3807374 30.68859 1.5806091 48.01437147476926 
Car -1 -1 0 479.74004456557196 181.41993627546896 535.6902352895813 220.8587750340646 1.4921471 1.5680763 4.06275 -3.9709554 1.3485365 29.25766 1.6094161 38.46129127929702 
Car -1 -1 0 586.1278586292416 180.79534526270496 609.486346949965 201.56407341349458 1.4818474 1.5463787 3.6889923 -0.72345835 1.1664555 53.17971 1.5080029 13.180975211042828 
Car -1 -1 0 255.81663244030054 186.30402231789319 367.0763989805635 243.34872939169793 1.4423608 1.534646 3.3347335 -8.086706 1.4751772 19.958694 1.6410029 9.312972215709136 
Car -1 -1 0 622.7067024524705 182.00555017523723 645.4419690255066 200.09504348264556 1.4445215 1.5931214 4.008367 2.1913075 1.1881778 59.43441 1.5358975 4.204426869263376 
Car -1 -1 0 458.25421389263863 171.056824542345 490.23630124617614 193.71342633008126 1.4799464 1.6047645 3.8014417 -8.998151 0.555078 48.88566 1.5333343 1.0988929538033874 
Car -1 -1 0 534.5273584028146 180.63007844490386 557.8885766289131 201.2205602920303 1.4279712 1.5706156 3.82751 -4.427655 1.1099538 51.843544 1.4577365 0.3761252760887146 
Car -1 -1 0 0.0 146.10984014097232 116.45937566867812 186.20421192281842 1.4504706 1.6893941 4.219632 -21.469013 0.03576088 28.123356 1.5613229 3.768544905244243 

