Car -1 -1 0 241.29450091104144 189.55875514008196 454.0716608299955 340.92084375321 1.5500507 1.5954785 3.4988546 -3.2029889 1.8117684 9.541365 1.5532507 113.93141314286535 
Car -1 -1 0 864.4290010149548 192.70946794041777 1242.0 375.0 1.4172419 1.5705354 3.9324622 3.7994545 1.6598942 6.8143964 1.6214485 125.95314601965633 
Car -1 -1 0 682.7100556130307 179.93240504566367 743.448361094178 227.2183423121386 1.4485815 1.5966532 4.244103 3.4805996 1.7137666 24.888618 1.5981069 29.140483979450625 
Car -1 -1 0 737.5171951722605 176.23462313326553 901.1122311936529 288.1546416530283 1.5843247 1.6402457 3.7871017 3.341644 1.6505355 12.2302265 1.5611532 105.79006697459275 
Car -1 -1 0 545.0245329362378 176.69446738628358 576.0887028007877 204.20469423724805 1.529834 1.624543 4.021324 -2.8572 1.7679377 42.711777 1.5558183 21.00175337286708 
Car -1 -1 0 707.2521879887015 182.292488761152 797.2534520472354 247.39918843555137 1.4761063 1.548682 3.7447393 3.5999029 1.7465456 18.789629 1.5548675 13.241145698224289 
Car -1 -1 0 674.9723067389931 177.11822270619788 720.8170300346068 216.282833708706 1.5243602 1.5554557 3.3864222 3.638317 1.7126913 30.161064 1.5875083 9.44572517666689 
Car -1 -1 0 467.8629236819916 168.7565411039372 547.0876609651255 240.9406404754949 1.8752446 1.7434834 4.4943075 -2.8478258 1.7687981 21.006275 1.5537246 31.991877633192317 
Car -1 -1 0 665.7628098263566 177.26567871769532 703.740379568433 209.38171995176464 1.5383759 1.4857574 3.4885428 3.790642 1.774224 36.80997 1.5441508 4.2328906976719045 
Car -1 -1 0 654.7786652130209 175.59832046308853 689.9826589019077 205.03088380908673 1.5927203 1.6151171 3.8604105 3.5536585 1.7573965 41.352413 1.5528696 0.9186731816133297 
Car -1 -1 0 506.98666194974487 178.76045089759322 561.660892733022 225.30618114982244 1.5498 1.5965819 3.8722842 -2.6849792 1.7821997 26.45316 1.5719106 0.3139040172100067 

