Car -1 -1 0 457.0024881516732 184.14919831459574 514.9699994688069 223.8280203572375 1.4041321 1.5762532 3.7046878 -4.526836 1.3663914 27.290869 1.5707365 48.94502012447338 
Car -1 -1 0 321.2376568625229 186.04503176578106 399.21851746697274 229.23542677532336 1.3879033 1.6317911 3.5996199 -8.492208 1.4188768 25.009047 1.5207907 16.639431014369546 
Car -1 -1 0 359.3700371487581 189.13390579303282 473.0781973018066 262.0431111332874 1.4150901 1.5744267 3.9176688 -4.13083 1.5137969 16.136772 1.5530031 88.97366892568932 
Car -1 -1 0 173.11103864245553 180.57955280068754 324.93732724353606 257.9766680783438 1.6333935 1.6482097 4.1346226 -8.376591 1.535552 17.253521 1.5516131 77.90708024595631 
Car -1 -1 0 578.7486145009688 178.10453988587173 608.2845011109281 205.76716860573433 1.4735565 1.5735371 3.234233 -0.75157654 1.0947533 39.920815 1.5565264 17.37622005139446 
Car -1 -1 0 490.8973648970889 180.97155021797204 529.7289823076388 210.5453812423711 1.4543076 1.5750962 3.8307886 -4.972265 1.2455995 37.28181 1.54952 12.79441016185459 
Car -1 -1 0 405.6732025441476 179.47292079159607 454.87816071330894 212.86565999557175 1.5789692 1.6144885 3.6857882 -8.759386 1.3074231 35.849968 1.5503672 7.304159476651224 
Car -1 -1 0 384.0780334489025 178.57786903393315 422.97798767428 203.0321656476596 1.4807814 1.6112462 3.8006954 -12.83209 1.0788409 45.478367 1.5046144 5.189507851001516 
Car -1 -1 0 295.7825104669143 172.4668159843898 366.4444268505917 214.89543518237525 1.8064003 1.7124447 4.3276834 -12.489706 1.2636161 32.80182 1.5306115 6.237240212329858 
Car -1 -1 0 124.70583349800351 190.14428261593764 231.92932894058532 243.83716058018402 1.4888473 1.5561773 3.5220618 -13.057793 1.6531405 22.117418 1.4436306 3.7729779531593732 
Car -1 -1 0 511.797336277273 180.970134018391 546.6389856097964 203.82871752012963 1.4223199 1.5898716 3.781856 -5.1113753 1.15815 46.768715 1.2791567 2.262054243646288 

