Car -1 -1 0 610.8887788058114 181.8274376995087 680.3784119700811 240.1451268410743 1.562601 1.5807579 3.4933047 1.0055872 1.8552028 21.71012 1.4697555 114.10946294413264 
Car -1 -1 0 114.00970495739604 195.74146574166818 345.789369360608 327.48953703609834 1.4905691 1.6987149 4.268825 -5.5073757 1.9140813 11.141312 1.4683149 130.2624822562604 
Car -1 -1 0 583.7255274887764 182.94883532126983 623.3123268501995 218.88690030633433 1.4539826 1.5341372 3.4196982 -0.31265217 1.9255292 31.942875 1.497592 35.727649549382804 
Car -1 -1 0 402.8558099024033 190.08237630653153 458.5843631802819 234.1078979188931 1.4594362 1.5351954 3.483539 -6.6568127 2.1505644 27.138739 1.4765873 37.41457274653413 
Car -1 -1 0 700.9122372121467 171.99807609530535 930.6197389046386 323.908903454717 1.6195121 1.620913 3.5674777 2.4722319 1.6103871 9.571523 1.4310263 125.87982431805472 
Car -1 -1 0 429.6389059686694 183.16202008617645 471.7583592625494 219.43447589603286 1.6524371 1.6165614 4.07697 -7.9046483 2.1995146 36.18248 1.4662479 13.320748547893617 
Car -1 -1 0 566.430735595314 180.8286476935904 593.8406385633654 206.98176626147315 1.6114597 1.6296716 3.8965685 -1.9805781 2.1608672 47.697716 1.4831705 9.695619086945987 
Car -1 -1 0 734.6588509666037 177.2587183202329 876.8847058243915 232.77268606110354 1.5584561 1.5737524 3.7575817 5.768335 1.6953018 21.41574 -0.11710571 7.5945105108033415 
Car -1 -1 0 755.3292975406365 155.25416562621785 835.4500229747262 214.60587681524322 2.1775775 1.68577 4.0814276 7.2603397 1.5318503 28.603695 1.443994 0.8573899469380573 

