Car -1 -1 0 169.17184579188793 200.60710244314956 428.1389699278151 370.0995286382613 1.5312905 1.6706594 3.9618752 -3.594659 1.961232 9.176067 1.5451005 125.46257776839545 
Car -1 -1 0 747.5156145533044 181.70905489302672 1019.6649962549311 369.04403477401365 1.5629911 1.6033822 3.6606548 2.7077947 1.684165 8.033784 1.5587555 83.41472877002266 
Car -1 -1 0 354.77041154452706 195.39027132585576 485.0350313532764 285.94829429714616 1.4782664 1.5778309 4.052178 -3.714157 2.004767 14.823587 1.5799723 93.79223378032815 
Car -1 -1 0 690.8356592688735 182.4543058466569 827.7016796508276 277.2911475962469 1.4869636 1.6217984 4.340957 2.6915584 1.7018056 13.952263 1.5395001 93.40558702748982 
Car -1 -1 0 464.736856546477 187.08026003850497 525.2345712395162 236.37844457406513 1.5101473 1.5389302 3.8046174 -3.9080348 2.0430028 25.115528 1.5603678 35.16660021545038 
Car -1 -1 0 662.7821045040425 178.95425249257204 722.3090612982322 225.47765574987596 1.5049466 1.5766706 3.712319 2.8821983 1.7382678 25.71556 1.5370768 25.17371483324034 
Car -1 -1 0 675.4376882502764 178.72225490148807 760.5729791961769 240.99377164965082 1.5170798 1.6361544 4.187298 2.8975983 1.6976867 20.091837 1.5439026 39.82329381122824 
Car -1 -1 0 627.4015932646179 178.919750539062 664.9352854375966 204.1700471128264 1.5497634 1.5941964 3.8013372 2.3538258 1.9641182 47.271484 1.3803533 9.367963703123065 
Car -1 -1 0 421.0466016181317 188.27229221210794 500.6329715177527 249.9097561954466 1.5043142 1.5321703 3.5752318 -4.085577 1.9764873 20.302021 1.5616995 21.776851536190986 
Car -1 -1 0 851.3998146556615 156.88245019094867 946.1910642380199 191.7472003472803 1.5328033 1.5782804 3.7312195 13.0685835 0.8306256 32.77366 0.14578196 3.8250900371257703 
Car -1 -1 0 592.59983736195 181.72409774321923 613.966350275055 199.8888472519823 1.4600794 1.5562502 3.7551932 -0.5645123 2.243886 61.823105 1.4878106 0.687174260218986 

