Car -1 -1 0 727.5539896381587 183.56075167909106 882.0255329221566 238.40839070997768 1.5252652 1.7280129 4.0880404 5.699745 1.8564361 21.37558 -0.038647138 102.9351905289165 
Car -1 -1 0 947.4862314434301 195.83509467249132 1242.0 321.6167296642639 1.4068136 1.561354 3.6752005 6.540456 1.7305163 9.278376 -0.057462573 103.14595268153667 
Car -1 -1 0 880.7874978397177 186.08729150367174 1152.1870299033644 291.04235952509725 1.5222431 1.573761 3.5097094 6.412615 1.7514026 11.593537 -0.066207886 59.994213904651446 
Car -1 -1 0 67.5171921443955 184.40588289973078 379.8215573321877 295.66402307978325 1.54342 1.5931368 3.9335113 -5.734452 1.7334272 11.026132 0.023128657 97.7573009514206 
Car -1 -1 0 638.2434909109223 182.4578367542888 674.4960878502885 213.8800901491676 1.4187737 1.5679269 4.125472 2.277862 1.9243075 35.9121 1.5785418 20.20555640777571 
Car -1 -1 0 209.4962440212355 174.8685840647787 419.9657156181926 255.8827749271585 1.6813848 1.6632812 4.002502 -6.3955255 1.7287877 16.00062 -0.073878266 52.02718487709639 
Car -1 -1 0 393.14906720527733 179.4140254393789 506.00612651583316 220.40194401140647 1.6021633 1.6232213 4.2166066 -6.4360867 1.8761904 29.30569 0.010922978 36.015241588973936 
Car -1 -1 0 0.0 193.6511503853364 273.73483384826 328.27822164946485 1.4404517 1.5565648 3.9082103 -6.410886 1.7182131 8.806632 0.026631068 35.19615271128036 
Car -1 -1 0 309.3643367614474 184.36610563491323 461.76536249914597 236.60792698122083 1.4409266 1.5849298 3.9561253 -6.4513736 1.7895901 21.05338 -0.0036184462 16.899161178331692 
Car -1 -1 0 144.4896454095967 188.08441191956436 404.2212351144984 274.739582726381 1.4579171 1.5864127 4.073598 -6.0597925 1.7575068 13.319698 0.039644588 26.27658724429442 
Car -1 -1 0 620.927449578059 176.96641473408343 642.3333622282126 194.89806894945843 1.4997985 1.6019275 3.8060503 1.9610188 1.871444 63.230972 1.6743064 2.7447310880478195 
Car -1 -1 0 260.2353117250768 182.84783085986956 437.9801860361859 243.45256570868858 1.4710808 1.5833558 4.015275 -6.6157913 1.7402289 18.608845 -0.01575175 5.494461281365181 
Car -1 -1 0 558.6534658183426 179.48258934597894 579.425771957318 197.97723548492831 1.4437624 1.5573928 3.8887508 -3.383779 2.0114102 59.778717 1.4729701 0.9412387622756075 
Car -1 -1 0 418.1973826139641 176.25137282030445 503.51138993643906 209.80917500554017 1.6568731 1.5911497 4.0055633 -7.4951115 1.8330219 36.599934 -0.0076018022 1.538600777690759 

