Car -1 -1 0 146.3499265103527 192.40667695608886 384.04679598250567 324.310462923284 1.4712627 1.6143218 3.8843892 -4.7257266 1.8104472 10.570817 1.5753584 116.80704679190129 
Car -1 -1 0 313.5254567774378 188.41171353885514 452.9786135979129 267.0059304865967 1.4021722 1.6560018 4.308738 -4.780098 1.791755 15.899662 1.5882142 89.48277365527083 
Car -1 -1 0 764.1675525336766 184.8386427273262 977.7101793577781 312.2090046197942 1.4594126 1.6256789 4.197297 3.5930946 1.6733487 10.7720785 1.559129 119.97316750110473 
Car -1 -1 0 484.90704345902805 179.88533168550236 535.2857868593724 216.9166500867081 1.509769 1.5694742 3.3107011 -4.3228397 1.8359011 31.765133 1.6342149 47.40549309549186 
Car -1 -1 0 722.3737143426353 180.77919999993668 836.719341523941 260.5184745978885 1.5018208 1.6287932 3.7990947 3.5879502 1.6970121 15.869226 1.5734138 61.26057046829412 
Car -1 -1 0 706.6110384282338 179.7526973109098 780.2335247282014 236.11921190679513 1.4969447 1.6060835 3.6936603 3.891347 1.7202731 21.488848 1.5995933 46.197942233157576 
Car -1 -1 0 502.9359886534561 179.50493567863086 548.4060501155791 210.89711866698948 1.457636 1.5981097 3.996972 -4.1722574 1.8121272 36.413483 1.6327219 16.254486687136282 
Car -1 -1 0 691.8331241507918 179.56772430908828 749.6910659352064 223.22253883767192 1.4776545 1.5520985 3.7978392 4.071681 1.7457728 26.91187 1.5650077 16.653732648820554 
Car -1 -1 0 604.471864870699 176.20912100303522 651.9228953442362 191.16052109555886 1.428606 1.6834064 4.5275435 1.8407495 1.7611656 70.466965 0.09467464 10.301783513454215 

