Car -1 -1 0 589.2469311084003 190.19447894443272 747.7010646471444 290.24905198135787 1.405474 1.5834141 3.7971177 0.87575036 1.7642815 12.886843 1.2918985 126.10291297146519 
Car -1 -1 0 486.26040567213374 183.0622339798627 543.9384873930613 225.9827493400603 1.4555266 1.6272724 3.883685 -3.6729174 1.8749392 27.554161 1.2921196 58.42175955123088 
Car -1 -1 0 24.38782377775242 203.51399365465832 215.8245541973988 326.7064797314042 1.4548583 1.5757283 3.6229205 -7.5173454 2.0256574 11.466425 1.2554303 70.12075023710679 
Car -1 -1 0 307.00721594819674 187.02547414215627 346.3113733918477 217.50671015583225 1.5383251 1.6650479 3.8993325 -15.810349 2.3744667 40.470356 1.2988613 19.943645554875797 
Car -1 -1 0 474.3440553454907 181.73345530517022 518.2677627852966 218.2064360320754 1.5180706 1.6102816 4.262355 -5.2990313 1.9569492 33.39859 1.319808 16.836141808825754 
Car -1 -1 0 679.2227068747125 166.9268352841742 774.843482910764 209.4748499848603 1.6070585 1.611684 3.4588504 4.673257 1.3831866 28.687042 0.41460037 65.05263134065976 
Car -1 -1 0 88.72460218008668 192.26309486012812 175.3401466745184 221.5754560423151 1.5573056 1.6353034 3.9147248 -27.530413 2.7191577 41.73068 -0.36434433 1.8892211411407382 
Car -1 -1 0 461.0632344925401 179.31158535443973 482.57974356624817 198.98654517985764 1.5687785 1.6105683 3.4765024 -11.535122 2.1272788 60.569836 1.4297749 0.2725331783294678 
Car -1 -1 0 1126.9526708776802 127.18517009784262 1242.0 163.70949998080977 1.4506487 1.6124493 4.1642265 25.584415 -0.43377197 31.999474 1.2740453 0.27146679162979126 
Car -1 -1 0 899.1238370286654 137.99747655469739 972.2832375240579 165.84858398304564 1.4620026 1.6352017 3.822019 18.448103 -0.41806006 40.988335 1.2539454 0.5206758379936218 

