Car -1 -1 0 684.7259528708039 172.77688787388743 815.9767458822878 275.6392285607604 1.8006184 1.7077852 4.3105707 2.6980445 1.7992685 14.816175 1.5335785 108.53617409734599 
Car -1 -1 0 0.0 185.06656896960365 292.69424129782175 310.5380195136251 1.4901075 1.6092135 3.8385875 -6.4820967 1.666872 9.589413 0.025938287 77.824033155951 
Car -1 -1 0 172.69844148658336 187.37974461491007 401.7169233322192 266.6188818388816 1.4353132 1.5694032 3.882143 -6.312271 1.743118 14.351605 0.080365546 47.462943514022754 
Car -1 -1 0 66.88463796560221 188.44375134859035 377.0904671238074 286.3192701776587 1.473773 1.6387104 4.2636204 -6.2489424 1.7500433 11.957642 0.004495278 52.392734450149625 
Car -1 -1 0 655.7307752616589 181.7442880028847 716.4192506964457 227.9592809030058 1.4814091 1.6317692 3.9324558 2.6639342 1.8249526 25.888826 1.5362246 31.79261033414335 
Car -1 -1 0 636.7712155898346 180.41925214794213 676.4990156032193 210.3262210672869 1.4489802 1.6631969 3.9483821 2.4249802 1.8683133 37.984447 1.525843 23.726641935112113 
Car -1 -1 0 277.2680239192529 179.55929772622062 437.5733160530858 245.96914480728293 1.6515172 1.618424 3.70549 -6.560348 1.8374788 19.071993 -0.071112916 34.57739919857847 
Car -1 -1 0 227.550289261648 185.7147732948683 415.52755011417094 252.30703652237906 1.4598558 1.5766137 3.7913904 -6.6768813 1.7771409 16.96983 0.022661638 10.857720535011971 
Car -1 -1 0 389.48935774969993 176.07093214020446 497.4974879055183 218.51786108845675 1.6160827 1.6440253 3.870645 -6.4870844 1.7466748 28.445177 0.012349621 14.891377377253892 
Car -1 -1 0 669.7132790009899 184.84076611333626 748.8367969037628 242.55868933959766 1.4296175 1.5970995 3.6486373 2.7351074 1.8010416 20.50046 1.5273999 9.530079653573779 
Car -1 -1 0 458.1938015752636 173.66290935912858 526.6273901436434 204.57833139527125 1.7150989 1.6401942 3.631013 -6.603663 1.7619241 40.920498 -0.015044404 5.248491762058389 
Car -1 -1 0 422.539490335451 179.23641993693914 514.1449527846204 211.42557216527138 1.5378828 1.7010143 4.373718 -6.9787164 1.8662349 36.015575 -0.11938718 3.9585771819918016 
Car -1 -1 0 303.9891505798255 170.35631969166974 459.83746055212873 234.45363932435572 1.8273742 1.686131 4.116908 -6.676258 1.7561668 21.467983 -0.026541794 9.296784615077545 

