Car -1 -1 0 679.3144424245221 168.763000815757 782.9877219473398 246.95871717397037 1.6032826 1.5810012 3.610271 2.678955 1.5194029 16.64449 1.5090557 128.18777439629983 
Car -1 -1 0 758.1892782735396 186.12606425643204 1090.4404240433403 375.0 1.4609563 1.6105967 4.047986 2.8038707 1.6362009 7.486423 1.5493767 105.11079414172596 
Car -1 -1 0 653.1466112348858 173.8814494368121 698.0226982282464 209.10839802524666 1.3913414 1.5405313 3.567617 2.7257156 1.4371655 30.391573 1.564009 44.89223862219592 
Car -1 -1 0 360.41086873358665 172.29126963220986 492.6429547935935 214.68930281245233 1.4577364 1.630429 4.2808814 -6.432941 1.4383883 25.645794 0.010555259 28.26869104804061 
Car -1 -1 0 209.85283372001555 175.753372320876 427.86912277697706 252.31538936873247 1.5086966 1.5868653 3.973039 -6.0348644 1.5736166 15.222514 0.0716005 42.77569291593032 
Car -1 -1 0 257.551482563083 174.14836894507243 447.6766716407127 237.45164336437514 1.4808118 1.6031022 4.14659 -6.2852345 1.5146258 17.88369 0.08053216 26.149476589373748 
Car -1 -1 0 411.4581733893404 170.4054328405527 512.5942961427052 211.22396762306553 1.5250237 1.5528277 3.5712683 -5.6166434 1.4335425 27.736143 -0.0012972222 19.271233798856272 
Car -1 -1 0 277.9118032548863 160.6905344548511 442.1947979007584 228.22225732082453 1.8036535 1.6702982 4.017877 -6.8679504 1.4787886 20.150843 -0.02235168 1.5105357434153464 
Car -1 -1 0 476.1794395655169 164.79887266513265 538.0545514841451 190.74812093801253 1.6541421 1.6257839 3.9250615 -6.634171 1.1406655 47.0057 -0.103378266 2.593936029500828 
Car -1 -1 0 660.926602576412 166.73950557628112 691.2481840463063 190.46376404666796 1.6454345 1.6221467 3.734109 4.752482 1.2213535 51.95687 1.5091875 0.6206911769742111 

