Car -1 -1 0 680.3438286201113 186.83526235410875 758.9996951843465 243.4824776840839 1.4290241 1.5804703 3.4467158 3.0879252 1.866879 20.834278 1.5184913 71.67264943014995 
Car -1 -1 0 794.1357154861291 181.8822063975398 1140.0695749532126 375.0 1.610265 1.6393939 3.7236795 3.165129 1.7247689 7.286825 1.567697 96.75571981243563 
Car -1 -1 0 744.5855243784387 186.54107242469925 845.3570703482952 225.3096563504493 1.4247736 1.574969 3.554037 7.140991 1.9733205 28.030508 0.056803085 43.20954170700693 
Car -1 -1 0 10.68371129321038 183.65394491355823 333.1790951731643 293.6044695767432 1.546059 1.6428481 3.990285 -6.6005135 1.7271745 11.210428 -0.0345196 95.90375587469813 
Car -1 -1 0 219.6805001082857 182.31929919191052 424.8688800780599 256.1587313473203 1.5180705 1.6318046 3.8628118 -6.2036276 1.7370577 15.869376 0.004185924 41.8246410030867 
Car -1 -1 0 140.1989619364757 188.24124766678122 406.26556160651506 275.1001698206312 1.4628158 1.6058636 4.162071 -6.056694 1.7660537 13.341111 -0.036483012 47.76789115176783 
Car -1 -1 0 332.5437972611106 177.76480879697067 478.92350311129786 239.53175775699026 1.6871325 1.6151788 3.7307806 -5.7588663 1.8334429 20.668682 0.011241777 38.56832496709749 
Car -1 -1 0 468.6078808888105 179.40797466181846 541.5381949026294 206.42875517933646 1.6125859 1.714415 4.2453456 -6.3797455 2.023489 44.36139 -0.008693034 21.862076142681914 
Car -1 -1 0 277.93747052153657 186.71706616739274 461.23958318834195 248.44534301923238 1.4589716 1.6044033 4.1168213 -6.0033655 1.8279862 18.32743 0.03752341 16.684393994031836 
Car -1 -1 0 367.7853899196745 177.77132467527406 490.14561176305256 226.02729543945324 1.6254997 1.6285319 3.9526157 -6.2856445 1.8051764 25.430046 -0.061718106 11.764804230659859 
Car -1 -1 0 722.0243454211575 181.0947276515685 824.3912833485042 220.54430382030804 1.6055129 1.6707973 4.0388126 6.901678 1.967505 30.73141 0.06445782 6.702741885417923 
Car -1 -1 0 490.78177229721075 176.862471845152 554.795163673779 202.87425067056515 1.727731 1.7081968 4.2733154 -5.923233 2.0080655 49.362537 -0.117461406 9.019989682771262 
Car -1 -1 0 693.38672486102 182.03502278261183 775.8713309804978 211.65351786128102 1.5226697 1.6494758 4.130853 6.622217 2.023349 38.487907 0.017406724 2.0897015511378143 

