Car -1 -1 0 676.0454030565338 183.14124227119893 759.1965190169105 244.60630590678272 1.4679368 1.6402011 3.6012473 2.8423655 1.7742481 19.66308 1.5448085 105.05329860056918 
Car -1 -1 0 770.701176642081 188.33267452627194 1090.6786368356388 375.0 1.5619717 1.6577065 3.761423 2.956095 1.7649822 7.5751143 1.5616469 128.89511528225714 
Car -1 -1 0 259.1520389912128 177.78460051628477 444.6176832614775 243.2234810667901 1.5520751 1.6617057 4.0927973 -6.426391 1.6833999 18.239378 0.07332315 98.57229170178296 
Car -1 -1 0 651.3211083057242 176.50746362954195 698.0168115993841 218.45827731744896 1.6440443 1.6433964 3.9194443 2.6961467 1.8088394 30.582527 1.5755289 37.73139316282247 
Car -1 -1 0 0.0 172.77207229332373 341.713381547793 298.8025144257734 1.6829922 1.6915281 4.082843 -6.272722 1.6818981 10.54837 0.03319986 86.94129308175916 
Car -1 -1 0 95.44637417539667 181.41278775108077 347.1372900264265 271.0781539338024 1.500633 1.6112274 3.778666 -6.9843454 1.6683098 13.195452 0.072489396 7.839558444923293 
Car -1 -1 0 415.2786756848978 178.81069614139795 515.0531887115532 216.74028290623679 1.5456172 1.6658537 3.9920466 -6.0750327 1.8071803 30.697641 -0.077856444 13.793226764994968 
Car -1 -1 0 341.0417732072175 168.19244121729736 481.95749161593284 227.9341600780058 1.8439043 1.7049497 4.044668 -6.2788005 1.700027 23.162691 0.019984849 26.166436194015226 
Car -1 -1 0 643.5832046191782 179.2318656317872 684.0603935508965 213.18887307762333 1.590108 1.5936692 3.9658196 2.6947203 1.9310663 36.558693 1.5290198 2.6453549149633715 
Car -1 -1 0 510.34613352623194 178.85067600352352 564.2086061638004 198.4248328635707 1.5077678 1.6337203 4.055426 -5.681561 1.9887607 56.99591 0.030647498 3.5260497178374925 
Car -1 -1 0 627.8498116511657 177.17567262507131 665.2334755183825 203.84130325772682 1.6083062 1.6093681 3.5351892 2.317113 1.8951852 46.013042 1.3894252 2.7775887982534115 
Car -1 -1 0 316.7362692724763 164.3716300947205 362.891089425674 189.78958504177132 1.617125 1.5787672 4.003343 -17.846735 1.0774648 47.909367 1.5676432 1.4610564657156926 
Car -1 -1 0 393.168526742641 181.56765534465194 503.39187629801955 220.97141099385968 1.4713526 1.5582556 3.9335957 -6.237509 1.8214463 28.151451 0.030226761 1.5953533521350334 

