Car -1 -1 0 864.1637286071594 176.9049662742533 966.8066186223438 271.1851243541851 1.5910004 1.6661539 4.253147 6.248609 1.6860701 14.652725 1.9980211 77.61667425219196 
Car -1 -1 0 141.51321588203038 219.04928439661643 443.270773943667 375.0 1.4961886 1.5794985 3.4662974 -3.8183277 2.1462812 8.581172 0.5440539 151.3106030897251 
Car -1 -1 0 1130.507825013942 166.45026530572952 1242.0 247.3415038713678 1.5872848 1.6535016 4.0735664 13.155588 1.4616277 16.34505 2.0586028 78.55784866095254 
Car -1 -1 0 0.0 230.57979435501215 224.89912608907076 366.37172708445166 1.4839629 1.641114 3.9226353 -7.837076 2.4996393 11.007669 0.52080435 99.95913502190584 
Car -1 -1 0 931.4310933469574 178.34085145134028 983.3598564883522 222.28174625027006 1.477899 1.5684235 3.3264928 12.739972 1.6938784 26.564463 1.9732531 17.80418229547272 
Car -1 -1 0 1087.1169640991595 159.63252178328705 1159.768864653612 217.7299936483975 1.8984168 1.5914196 3.656561 18.108772 1.4663862 25.566957 2.046488 46.2382296968862 
Car -1 -1 0 1067.551479197241 164.8412039930033 1114.5046073086962 206.39585345881466 1.8997831 1.59117 3.7727714 23.30371 1.5334563 35.022617 2.0769756 11.502524487589712 
Car -1 -1 0 1121.2259392907092 167.92304165434518 1213.285202235105 227.94978151547386 1.6188419 1.5570157 3.2503374 16.31794 1.4858603 21.260567 2.0376472 6.435673819719773 
Car -1 -1 0 1034.2894373696147 171.69004949779335 1059.2837339878215 191.2095826265562 1.4777415 1.5334011 3.783808 34.293457 1.3896234 56.650967 2.0769804 2.376230034142758 

