Car -1 -1 0 796.9012675824295 179.97371075782533 964.2586619354786 249.17508464286757 1.4388709 1.5962915 3.5863132 6.38411 1.6294513 17.35946 1.0611448 104.68898592636918 
Car -1 -1 0 633.0449454486773 181.2932968637411 690.6006881413648 219.31487366040213 1.4209173 1.5754626 3.493724 2.0835168 1.7892847 29.641035 1.403945 62.68521566064499 
Car -1 -1 0 336.75107891820875 185.7673446393295 470.40744612865564 230.47546223105343 1.4741242 1.6603367 4.208069 -7.1100035 1.9409606 25.194715 -0.028575461 42.3990216059975 
Car -1 -1 0 615.4353208835292 179.81955286005348 652.9503358357487 209.74243968925185 1.5007163 1.5604101 4.1958094 1.2906759 1.9013764 39.34697 1.486656 11.241304733221645 
Car -1 -1 0 258.9875594120574 184.75184564153943 423.53165745424974 240.2862860908684 1.4805775 1.624297 4.054062 -7.507055 1.8312484 20.430464 0.011681764 17.09878205588106 
Car -1 -1 0 0.0 191.2711980046116 304.9374000832961 302.8488325786405 1.4728245 1.599286 3.8678265 -6.752514 1.7646451 10.613728 -0.01005391 28.455585888277774 
Car -1 -1 0 490.2145733008228 182.63206492873002 520.80044609403 209.38206381081397 1.4949572 1.5926371 4.014794 -6.286755 2.117837 43.8984 1.4904605 4.375148392975324 
Car -1 -1 0 386.45625009040026 184.71755103099946 488.3290920100134 218.7952572578931 1.4482759 1.6174136 4.151656 -7.595832 1.9894669 32.08049 -0.012503795 5.509500147870955 
Car -1 -1 0 372.09274196358916 183.95386123049173 477.1687586668552 222.0559925395047 1.4906192 1.5879054 3.8863533 -7.560677 1.9615122 29.68762 0.06708132 0.6570315486696463 

