Car -1 -1 0 267.03025536430783 195.48869358276477 397.8623415360664 276.09609684140673 1.476491 1.5512805 3.701583 -6.0241776 2.0407753 16.12527 1.5551335 102.72005350905376 
Car -1 -1 0 94.14064312222581 203.56189057634637 326.5106897677754 327.53588921316094 1.458324 1.5843997 3.8128762 -5.973311 2.023069 11.353315 1.5580304 123.15645269649198 
Car -1 -1 0 431.42276803362955 188.66226660226354 495.35041684275643 228.4978853038059 1.4315375 1.6386033 4.1586566 -5.9292107 2.1288052 29.714895 1.6109542 44.153191821150244 
Car -1 -1 0 874.1665907996337 149.10769404261174 1074.5127574220662 211.08110055721613 1.4834785 1.6586797 4.2030206 9.055402 0.91505504 18.131086 -0.014341384 96.8716980413453 
Car -1 -1 0 361.079841151687 191.26570805369968 451.7839114933187 246.29020828669698 1.4193249 1.6239712 4.2599087 -6.1095834 2.0398202 22.179312 1.5616043 58.2587271160575 
Car -1 -1 0 672.4308030399449 174.81134168739368 740.3379360880715 224.4044479893707 1.5049807 1.5976387 4.033338 3.1405165 1.5758997 24.100243 1.5366052 35.33978427626665 
Car -1 -1 0 660.9855409759762 173.33586271371126 711.9105125796212 216.63085727304735 1.6505753 1.6251922 3.9410367 3.0776293 1.6716181 29.530764 1.560396 28.815581770684656 
Car -1 -1 0 861.5176859086471 147.44058213616069 1021.8700281132274 205.82834280868806 1.6000496 1.6371456 3.8547726 9.440054 0.90362394 20.6829 -0.047934666 29.543501002554226 
Car -1 -1 0 821.1026605937271 155.89919304328077 966.9814507607567 206.14588684569696 1.5398543 1.6503882 4.066365 9.082552 1.0202591 23.181862 -0.12367339 26.290943345809183 
Car -1 -1 0 771.0571307054629 163.27106941814696 900.0447904687521 205.61291690018155 1.4591666 1.6447599 4.0965223 8.04756 1.1289237 25.873585 -0.09260288 23.294658704448462 
Car -1 -1 0 649.9458596366832 178.0887779719931 687.2758735892521 207.45250985386937 1.4937007 1.5616469 4.012221 3.1787972 1.794786 39.46488 1.5313351 5.061070874655711 
Car -1 -1 0 464.72113865037875 183.82620407301332 512.2950761693328 220.24031491359167 1.635105 1.571687 4.0503917 -5.919537 2.208751 35.67764 1.5977292 0.4082697927951813 

