Car -1 -1 0 483.52702347456517 191.32471379004295 548.6280398656882 246.29615747085083 1.471051 1.6098526 3.905367 -2.8392823 2.100005 22.600517 1.5501721 55.32536192358665 
Car -1 -1 0 728.3125678086438 190.80606566314208 941.970845279066 338.5339768816028 1.4800036 1.6086473 4.003204 2.743803 1.7717977 9.722059 1.5654606 107.67200538864768 
Car -1 -1 0 246.59456403684564 198.71547458500774 471.508743181505 350.5160260604845 1.4513443 1.5775545 4.333426 -3.067474 1.8807988 9.810152 1.5644503 109.06337016037989 
Car -1 -1 0 692.4830652255347 192.23452672267274 809.3800852981132 277.8588062694726 1.4454181 1.5818924 3.966446 2.79701 1.9044213 15.087445 1.5472915 73.87413716265115 
Car -1 -1 0 663.5256231469434 189.46702005641265 745.0676421797048 250.07781849158116 1.4489963 1.5432854 3.7989173 2.5570595 1.960512 20.267078 1.5002742 52.02788790383878 
Car -1 -1 0 633.9524330946984 185.3632418483121 664.8715830668963 213.37632633143812 1.5394646 1.550302 3.7811692 2.3497596 2.3227127 43.26806 1.5449373 22.32763267127872 
Car -1 -1 0 656.3717003698051 176.6716397073211 720.3768179642409 236.14193008524956 1.871745 1.6006807 3.8061483 2.6377523 2.013785 24.90231 1.5169361 41.85572266699293 
Car -1 -1 0 525.4955733533212 187.64778763605838 565.5108287829275 223.82947269888402 1.4808826 1.5859957 4.3675566 -2.9163399 2.2137213 33.53856 1.5440497 24.828033346383968 
Car -1 -1 0 559.9346451694859 185.26815028471248 584.4769371064259 204.65290282543555 1.4907968 1.6617835 3.9435768 -3.076987 2.5588758 60.07084 1.6172984 5.916961523972367 

