Car -1 -1 0 745.7705372342249 183.50345570016296 908.1637498838272 297.29764585869304 1.5079374 1.6195127 3.7213128 3.3422291 1.7097905 11.794901 1.5971534 85.40409332311523 
Car -1 -1 0 714.8178544863346 178.5335280374218 818.3841614838218 256.60111666194945 1.5716348 1.6480067 3.9327862 3.514282 1.7195275 16.801731 1.5964016 83.37092829753726 
Car -1 -1 0 677.7387505412403 183.39213615304436 726.5337957823409 221.2102765934256 1.4427099 1.5407559 3.4460382 3.8210764 1.909616 30.23131 1.5517404 51.56294205551686 
Car -1 -1 0 194.65251003793705 184.08306207156457 427.2050082351894 256.1189623910453 1.4188677 1.630286 4.2609377 -6.2039404 1.6703796 15.318003 -0.013214083 115.40817124281955 
Car -1 -1 0 0.0 186.1012818581872 338.11917470089975 333.39964499085033 1.4954414 1.6485322 4.1993847 -5.5868187 1.668154 8.452135 0.06307493 100.30963440839413 
Car -1 -1 0 314.68970225446486 180.80753541004208 470.82015832984183 237.25579884326305 1.5435925 1.676325 4.0006638 -6.180331 1.7831643 20.855886 0.01993381 49.09633924084448 
Car -1 -1 0 387.524177717696 179.5961392243334 505.3341028745615 227.0792605615547 1.5973747 1.6117673 3.7623625 -5.6672974 1.8420327 25.34687 0.016185574 16.41571955375747 
Car -1 -1 0 361.69176301421936 181.4925100998458 506.32464755019487 230.8477945961241 1.4907529 1.6219832 4.1976147 -5.534047 1.7775304 23.034348 0.051987406 10.16308821230431 
Car -1 -1 0 429.63978147490946 175.65723788118294 534.6001181066003 218.21856273474987 1.704811 1.6494786 4.0061364 -5.304907 1.8267663 30.222973 0.17871274 6.041305574065372 
Car -1 -1 0 500.92734842659974 176.94917229095904 537.7294035059977 210.60461122675989 1.5777402 1.622586 3.9698179 -4.494616 1.795643 36.35672 1.5018225 2.714817213554867 
Car -1 -1 0 719.3435975629138 177.21435696053405 800.4597721372397 206.76998887903787 1.5857065 1.685704 4.258256 8.291152 1.8342566 40.07589 0.10109379 0.6981447566012413 
Car -1 -1 0 548.454152563944 178.89445387880352 574.7530700721228 201.18497346611093 1.6141465 1.6554028 3.624206 -3.6284723 2.0906658 55.08306 1.6027813 0.5759218412405229 
Car -1 -1 0 485.31800089453236 170.26961056169904 556.2051730743569 200.05526032763862 1.8002162 1.6902596 4.124533 -5.4430776 1.6440179 44.533577 0.038818423 0.29345083236694336 

