Car -1 -1 0 188.4366432994574 189.54155889312003 446.9614143973958 365.45773716052963 1.542689 1.5713904 3.5015197 -3.093605 1.778095 8.419827 1.5809877 106.67246731511776 
Car -1 -1 0 694.5590480972487 182.60692673914895 758.1672199299485 232.13391256600175 1.4218807 1.570425 4.1633177 3.7367105 1.7702022 23.657896 1.610966 44.25943106693418 
Car -1 -1 0 552.4673518944192 177.21304256989822 582.2945441164295 205.58715670130883 1.5330268 1.594454 3.6833682 -2.382691 1.7945032 41.418816 1.543796 20.301255714964093 
Car -1 -1 0 759.5457854643523 179.29188375087247 947.3472509829049 308.6436766111457 1.6040442 1.6379287 3.6627553 3.4680104 1.7182897 10.967332 1.5776596 98.52181884752117 
Car -1 -1 0 721.1678088499476 185.49759900990318 820.3478776836423 255.34173679107133 1.4577365 1.5801489 3.8783329 3.8219054 1.8020074 17.704603 1.5744772 22.798467439946357 
Car -1 -1 0 664.4674795615449 177.5345241242842 698.4676565614767 206.37473663707587 1.5138912 1.579806 3.66315 3.9743462 1.7873523 40.314537 1.5836384 2.1608021148928445 
Car -1 -1 0 467.62573431543797 168.02428737566464 551.3717267361716 244.9807789469978 1.8798084 1.7125356 4.4407578 -2.6236277 1.7618334 19.850239 1.5649939 29.550453148805275 
Car -1 -1 0 642.3327686209547 175.40944263015967 664.098417870021 189.4446623498265 1.4885015 1.5814996 3.8811417 4.7714176 1.7766092 79.30704 1.4119185 0.9196265013181248 
Car -1 -1 0 670.2004964186643 176.45775319761694 714.4091656943239 212.92619584122804 1.6892705 1.5962116 3.6353471 4.0333414 1.8765672 35.644833 1.5205503 0.4571612477302551 
Car -1 -1 0 686.6321430862972 180.90322848928344 739.330182420597 222.0619339359692 1.4777006 1.5834424 3.7683115 4.0214014 1.8171774 28.538132 1.5818492 0.555667863168096 

