Car -1 -1 0 252.52912843593933 190.69238289166637 373.97381720235654 260.3747464149091 1.376463 1.5788177 4.022089 -6.61851 1.5189854 16.617704 1.4538376 88.36313936111047 
Car -1 -1 0 32.384127238395465 195.29026386943912 276.1890563788891 319.81289823936686 1.3767045 1.5427548 3.4823725 -6.031051 1.5432394 10.06249 1.4519463 104.4278729653026 
Car -1 -1 0 330.7719467956297 183.03777368357217 404.881242348324 229.90284978713535 1.4761978 1.6472957 4.275177 -8.166262 1.4075956 24.869225 1.4412882 50.04543921027965 
Car -1 -1 0 580.9143876048904 179.82500906539426 674.1389914111552 253.67100890829343 1.5871074 1.6498636 3.7529638 0.3799019 1.47125 17.423552 1.4297627 107.2143871511464 
Car -1 -1 0 481.82549203648165 180.85977913936713 531.0950041679706 225.09561641218713 1.517773 1.6833034 3.441218 -3.7387466 1.3683174 26.49553 1.4140425 45.13908408439962 
Car -1 -1 0 225.07294896953502 183.21255925025497 311.00627085058807 230.11970380206557 1.5021298 1.6360805 3.8165264 -11.685619 1.4379823 25.02198 1.4345088 29.910931001942114 
Car -1 -1 0 394.8822429903536 183.37995979898548 435.3898074730047 212.97801886038025 1.4304094 1.5796185 3.7340677 -9.750603 1.3416922 36.70278 1.4248552 23.987417948921568 
Car -1 -1 0 474.4586787302952 184.03248272085415 509.7355641789115 214.3382104661423 1.4210931 1.5859318 3.2534475 -5.628742 1.3656099 35.417473 1.452486 4.2736873207681665 
Car -1 -1 0 376.81202991673626 177.5300020863101 399.60034151187944 197.81536255143214 1.5989915 1.6574059 3.8747084 -17.864086 0.9931673 58.75006 1.307374 3.080301919085079 
Car -1 -1 0 283.59655790749423 171.52231830371227 345.6838415525295 212.0402922097216 1.8273082 1.7968452 4.152293 -13.986491 1.2097545 34.59864 1.4341724 8.084838962341315 
Car -1 -1 0 529.2888448279614 182.28475811732133 553.8400637672555 201.12992385530123 1.4631138 1.6359076 3.9264276 -5.315433 1.2355595 57.88783 1.3932899 2.8481513913443184 
Car -1 -1 0 0.0 163.76476913615943 188.85156735427546 264.7074352308436 1.8544178 1.8021406 4.5579486 -11.04039 1.4603428 15.585838 1.435421 7.951088938379293 

