Car -1 -1 0 360.54890380505856 183.33213144884263 475.9550342945731 252.34383288414975 1.4420758 1.6348951 4.307877 -4.3417253 1.4027166 17.177225 1.5683482 87.57384021437431 
Car -1 -1 0 56.469951146312354 186.42918658062197 263.2218336599835 274.9754388337927 1.4504173 1.5953583 3.6335075 -8.245382 1.4765874 13.664187 1.5992178 53.100715897632156 
Car -1 -1 0 579.10666690851 177.76154144200177 660.423366963092 253.31281980495027 1.5596983 1.6814777 3.4026005 0.31001094 1.405813 16.566185 1.601049 61.691414064502524 
Car -1 -1 0 77.14531677437226 194.70598488569206 352.49285797866185 340.63400480457983 1.3946912 1.5157468 3.398342 -4.473136 1.5332022 8.791618 1.5695673 95.69426294605636 
Car -1 -1 0 212.20178188938252 181.16334435266927 308.42145970847844 222.98205041188206 1.3847153 1.6190358 3.905155 -12.303244 1.2505324 25.76921 1.553606 40.1393082995797 
Car -1 -1 0 333.91638430783235 180.4124824668977 412.2292429782434 223.02022883177415 1.4322705 1.6128765 3.8339524 -8.391203 1.2708092 26.086258 1.5648658 17.319922797675606 
Car -1 -1 0 226.1875332341988 176.72102686905095 267.59257623476776 196.9074121391711 1.6524178 1.6851511 4.212222 -30.517351 0.9570607 61.01103 1.4905285 11.28183605142448 
Car -1 -1 0 668.2894461333598 182.74265530575838 699.4127781144051 202.39674540925796 1.5924451 1.6406006 3.7739754 6.4618287 1.3920703 60.300873 1.9496136 4.608634702765175 
Car -1 -1 0 156.85467571871712 176.27622276477854 216.24583485730446 202.91899164234593 1.5937142 1.6569368 4.013889 -26.28867 1.0589737 45.072212 1.4831479 2.664124807234211 

