Car -1 -1 0 771.231252968824 185.74805725271924 1033.398185413271 290.58907951088986 1.4804409 1.5684203 3.4906673 4.4915395 1.6999787 11.351702 -0.08730525 130.89266017172463 
Car -1 -1 0 7.973739014399642 182.52849278754846 304.1580622043587 275.6223017632819 1.4743266 1.6235793 4.0807076 -7.6822205 1.6542772 12.517843 -0.04519287 139.9082208347898 
Car -1 -1 0 452.7788886976641 178.4202289273025 489.84823856521444 203.84162495341135 1.662734 1.6458734 3.7301478 -9.637869 2.0651283 50.123707 1.1278803 28.28197449787521 
Car -1 -1 0 721.6999972215316 185.28368503031209 947.4368968388042 269.99061814854565 1.4703455 1.550355 3.7662253 4.137332 1.7195511 13.619614 -0.038273327 25.137736215673975 
Car -1 -1 0 78.16738852116355 177.61368396570458 309.06715662173826 262.59653245579597 1.6051419 1.6427934 3.7931516 -8.400372 1.7108014 14.886154 -0.17042743 19.183575018104232 
Car -1 -1 0 1078.6180542462578 186.9325810548669 1137.870336544667 225.16201515662482 1.4497752 1.6128463 4.037922 21.406534 2.0928915 30.91479 2.2965503 13.068996686933955 
Car -1 -1 0 995.0746237961336 183.36344636666425 1061.3296448542828 208.11352966993917 1.4825813 1.6897153 3.8519127 27.175814 2.1964297 46.978497 1.4189676 25.535676282458986 
Car -1 -1 0 158.65903153935008 173.72325477468635 343.22710114316504 249.96596683962977 1.7103827 1.6396452 3.6961882 -8.497711 1.7327828 17.403662 -0.2117872 31.795734421698782 
Car -1 -1 0 207.5788848262093 176.7001971567294 366.69496493940926 237.39673071734634 1.5646908 1.5865865 3.773104 -8.777637 1.6772745 19.935541 -0.21942262 4.4485965764067235 

