Car -1 -1 0 178.1917423414179 192.15243157953205 397.5352046002505 316.6740606551932 1.4790742 1.6575543 3.8926897 -4.663323 1.8287375 11.124019 1.5671693 145.36450293462178 
Car -1 -1 0 346.6291903259046 185.69768649484706 465.7810416633576 263.6614826740661 1.5355566 1.6375076 3.8788722 -4.5765905 1.8693771 16.8036 1.5837898 96.88360981503801 
Car -1 -1 0 719.9769878904002 179.81995017345798 830.1385280256903 251.7795661847539 1.4501158 1.6290503 4.078087 3.7398438 1.633805 16.981457 1.5631568 68.52321228583719 
Car -1 -1 0 416.0542843975859 185.42187352903315 501.9490498308956 239.12577074887824 1.4148488 1.6106546 4.327869 -4.5101013 1.8400829 22.223625 1.6041896 52.77860294908986 
Car -1 -1 0 770.6528395980812 180.5814626915964 939.2148419469943 290.9215494069591 1.4800534 1.6095431 3.6571078 3.7932756 1.6261724 11.790756 1.6020988 87.59206933449474 
Car -1 -1 0 514.9494969236812 179.25024217438693 554.1771608476818 209.4270398460209 1.4915183 1.5169399 3.3323336 -3.916491 1.8444703 38.102135 1.6377394 39.05267235305004 
Car -1 -1 0 702.596297630141 179.10194440199265 774.2631260898261 233.67037540191544 1.4964402 1.6047189 3.8354807 3.8630033 1.7051632 22.167297 1.5953963 19.2416431449715 
Car -1 -1 0 565.0741200831488 176.0677062104845 610.0177743649858 189.70414638910427 1.4275048 1.6722488 4.6341267 -2.3310306 1.775288 77.05168 0.08611335 12.227173561617592 
Car -1 -1 0 694.884101208143 177.9226889112479 746.4503005166197 219.9739142059716 1.4877051 1.5299386 3.4226353 4.199568 1.6942575 27.67349 1.5954651 6.057550931207735 
Car -1 -1 0 1032.8498631822445 167.17545874687957 1145.0260155509852 210.66225430639935 1.5356438 1.6063395 3.5823903 18.04135 1.335118 27.352167 1.4539844 1.795081635868661 
Car -1 -1 0 530.4206275411713 178.018872028486 568.6464064666369 204.777403243347 1.4835527 1.6319168 3.8325503 -3.507576 1.8037212 42.74794 1.6578305 1.2583940466043775 

