Car -1 -1 0 688.5364466462304 180.4327521258938 810.6910612112899 267.7733638229618 1.5041482 1.6295222 4.2681265 2.722095 1.683723 14.947724 1.5523114 108.48983574228404 
Car -1 -1 0 411.89194205541764 185.3076679733589 493.75850590808056 241.93282261015614 1.4716011 1.7161772 3.963196 -4.587697 1.8798609 21.644535 1.5374177 103.15316626849858 
Car -1 -1 0 796.314655379479 185.8038058318644 1092.5288293023184 375.0 1.5080056 1.4884505 3.3256607 3.059037 1.6695124 7.3296614 1.5794128 106.6218957652489 
Car -1 -1 0 673.7138492709355 177.94165341816264 746.9548009603358 237.48535403779496 1.5724828 1.61275 3.7258606 2.872598 1.7354393 21.242493 1.5641764 42.57100570490402 
Car -1 -1 0 459.42589306688683 175.546137040214 517.7959309521178 228.1769203087565 1.8266947 1.5749159 3.8138618 -4.473634 1.9351213 27.149298 1.5657537 58.13950630361293 
Car -1 -1 0 100.81190252419822 188.24847250387398 307.86484306920147 253.64379130209886 1.4272642 1.58546 3.9948218 -9.424609 1.8071874 16.97353 0.02046921 89.5503872881876 
Car -1 -1 0 654.9490840861673 178.85839173937438 703.7865677972246 220.19718479133886 1.5654664 1.5650511 3.636037 2.8123388 1.8278897 29.696547 1.5438522 27.10192077606035 
Car -1 -1 0 487.86186175066393 180.28127315563108 537.0192234029618 219.20694815903084 1.6064141 1.5771434 4.037151 -4.3190575 1.9629067 32.593582 1.5971397 3.914532948723359 
Car -1 -1 0 536.9997347037302 179.85395571534727 555.3289140155172 197.12743258282535 1.5362906 1.6185427 3.5495174 -5.9545937 2.209435 67.53121 1.4575496 0.8796786174880156 

