Car -1 -1 0 287.44149181947733 190.44290382232927 410.921484484882 269.76934685987703 1.5052197 1.5444586 3.6730247 -5.747345 1.9493434 16.365957 1.5488242 94.60547516603904 
Car -1 -1 0 35.88225750696031 197.97382981257348 333.2043318464946 338.34393253831047 1.4718392 1.6851517 4.3120804 -5.7659616 1.9145529 10.531953 1.6061609 130.21972646360678 
Car -1 -1 0 696.2382421729393 182.16213149869645 782.6698426479322 241.30394008133322 1.437077 1.5654078 3.628385 3.488832 1.7185855 19.96873 1.5180326 99.07731353581273 
Car -1 -1 0 753.9805319495719 179.7859604051682 971.1442339752618 317.1725866762775 1.512164 1.634678 4.094567 3.267024 1.6297915 10.196009 1.5712751 117.37057255117239 
Car -1 -1 0 404.4428246293581 186.3433845061913 489.1308963559504 232.74260071486464 1.4134653 1.6570873 4.2229896 -5.619501 1.9298156 25.434822 1.672011 45.500303428016814 
Car -1 -1 0 656.9351583957829 178.29086293146003 700.6743829705838 211.62020404208218 1.4746859 1.5484115 3.7153997 3.2500596 1.7484682 34.43885 1.5188328 28.387870363669435 
Car -1 -1 0 488.0793833885356 180.05716998257293 531.3492465324699 208.4382346862014 1.4783726 1.5071039 3.4419246 -5.530552 1.8988892 40.313263 1.7116047 4.920808248505676 
Car -1 -1 0 673.7682206762895 180.50419921512204 741.8348709160423 227.09823905827855 1.4845536 1.6436483 4.0502253 3.412006 1.7794565 25.74192 1.508689 5.063235342269617 
Car -1 -1 0 651.4645241417126 178.66533329850276 688.5357979733662 207.8924555104412 1.5179812 1.5152133 3.3278618 3.2995155 1.8530244 39.878994 1.4891982 4.036745644110523 
Car -1 -1 0 510.9325777342919 181.4606589514655 541.612982711481 206.27048830577746 1.4720335 1.5222661 3.229125 -5.2252316 2.034905 45.563232 1.5847387 1.5335891089584424 

