Car -1 -1 0 791.7189334601251 196.48134900212696 1242.0 375.0 1.447176 1.6032885 3.6789203 2.8754592 1.7077518 6.0832887 1.5249891 101.36119985756221 
Car -1 -1 0 464.1071778512997 174.53501160747132 535.1128331929748 231.33815555457753 1.5129287 1.5093739 3.3299913 -3.1177735 1.5657461 20.99393 1.5867453 71.2418477757387 
Car -1 -1 0 672.065914728232 178.9940776380208 734.8282096302684 225.08527251653246 1.458632 1.6235446 4.1501946 3.2251735 1.693172 25.475716 1.5574422 63.33213727170124 
Car -1 -1 0 319.07370692623346 174.77484941906766 485.23370854621277 288.1243382286021 1.5957818 1.6259128 3.7678952 -3.2713864 1.6331344 12.126798 1.5964094 88.42877112442586 
Car -1 -1 0 710.160963664121 189.31141106631895 889.7058628888855 304.19352371488066 1.3993769 1.6429794 4.272748 2.7889347 1.7124323 11.566382 1.5424197 77.13210836426387 
Car -1 -1 0 650.1504225494165 174.7913991199587 678.9368922719908 200.39714354279465 1.5416273 1.6234674 3.6751676 3.436245 1.6689942 45.578438 1.5946181 20.48141082678052 
Car -1 -1 0 502.6184547132835 175.15868011787714 560.5659672122173 217.1799309741192 1.5025613 1.6230233 4.0376506 -2.955368 1.5988376 28.083818 1.6223058 9.310785611207193 
Car -1 -1 0 569.398692771233 173.8026549552822 591.2315119435827 192.25306178484098 1.5607517 1.5646749 3.681439 -2.5307312 1.6461997 63.110367 1.6256416 3.9773173938561115 
Car -1 -1 0 952.2197873466234 143.94617641549414 1034.6371034113229 171.12560471597598 1.5519369 1.6191144 3.9475248 22.452705 -0.10370518 42.308754 0.09018153 0.5436104888506967 

