Car -1 -1 0 73.89596481460343 193.27194177225525 315.2372971865412 315.6152800027 1.5679647 1.6770556 4.159993 -6.5730495 1.967746 12.0364685 1.5572385 104.14403384945656 
Car -1 -1 0 466.140656984638 187.3277130319011 528.6753953530199 232.76230541712957 1.4516165 1.7205923 4.374274 -4.0487885 2.0307038 26.66315 1.5491048 82.55975189058056 
Car -1 -1 0 346.6251063875665 193.97858514106642 432.21041352164895 245.72176448737304 1.4020789 1.5601827 3.6325068 -6.870706 2.1251502 22.87036 1.5849184 65.46607927976598 
Car -1 -1 0 508.75643179601343 186.1353981326231 549.1293558177812 217.22475494421425 1.4741302 1.5763321 3.8245065 -4.170753 2.2055805 37.801826 1.6016304 14.452799973191906 
Car -1 -1 0 627.9845835286897 180.96188829209842 657.9936649357934 206.3088652358123 1.451267 1.5826762 3.8447955 2.0219307 1.9730612 44.49478 1.5468639 13.081438320999657 
Car -1 -1 0 710.7264547518271 173.34280516216452 803.0800640775278 204.5388943053096 1.5796384 1.7239788 4.411021 7.676987 1.6060188 37.756927 -0.15111832 16.358961765213696 
Car -1 -1 0 886.1618718201167 152.8763128767658 936.7193648908778 182.9746177716111 1.9158872 1.6204386 3.7211041 19.949772 0.6442208 47.834206 1.5116242 14.731581635701604 
Car -1 -1 0 450.95284707696635 187.80937854378462 498.89145947827166 220.26275076128925 1.5282681 1.572008 3.6853967 -6.960485 2.3472774 37.619183 1.6432755 3.215624030538779 
Car -1 -1 0 707.202185621908 168.20781658904556 785.78489334085 199.4983006984979 1.713123 1.6435469 4.035919 7.6560287 1.4587488 40.51923 -0.09824972 4.883779447065859 

