Car -1 -1 0 456.5982327191321 182.44701836331265 519.6133984467072 228.3743308813464 1.4469275 1.5670604 3.5907388 -3.9710724 1.359701 24.447134 1.5651436 72.09776604225962 
Car -1 -1 0 0.0 188.59514916771926 176.08122472730227 254.7546721870713 1.4072132 1.6064587 4.23863 -12.637081 1.5000927 17.631952 1.5638909 85.9446425200792 
Car -1 -1 0 192.40754567681228 186.08793186916833 334.65076203194775 254.49078333890606 1.453893 1.617614 3.687957 -8.029029 1.4769762 17.175243 1.5769339 52.02637290270173 
Car -1 -1 0 271.3258895241363 174.664773745109 475.2045935377995 310.6959841308526 1.6244749 1.7021539 4.336668 -3.1940832 1.4984765 10.765998 1.5550435 85.63803890380237 
Car -1 -1 0 562.654051654705 179.10380985475567 606.3837876288522 219.58029103215355 1.5298437 1.6528263 3.327928 -0.8678395 1.2988396 28.839106 1.5642732 34.292331093566794 
Car -1 -1 0 187.55546880813594 185.5886026486199 290.4646000648594 231.96011506722868 1.4578801 1.6012425 3.791401 -12.429868 1.471595 24.534681 1.5604899 14.372740220797898 
Car -1 -1 0 507.05072868227245 179.67936880757503 545.956021687512 211.80700189162314 1.5490873 1.6052514 4.0858874 -4.0659075 1.282144 36.719055 1.5512824 27.531501670743804 
Car -1 -1 0 370.7122055826484 171.48835386660025 429.525367383541 209.97952998219645 1.4795136 1.5842423 3.5231674 -8.405905 0.9518656 29.437561 1.5101374 3.9167207762382965 
Car -1 -1 0 415.68520346530596 185.208761546664 466.46511693152735 214.25920343052377 1.396377 1.5845377 4.0824265 -8.387692 1.3960435 36.606873 1.5864812 3.7577813543942726 

