Car -1 -1 0 127.72296784578961 193.9362143708438 309.6848736496162 277.49295517765336 1.3978125 1.5716901 3.886612 -7.526628 1.5959784 14.384154 1.5606192 98.04527347501289 
Car -1 -1 0 315.77349619977326 186.246890596054 389.9012488670436 235.2538308579104 1.4503005 1.6302217 3.5356166 -8.120966 1.4863001 23.224102 1.4172595 15.71091835465005 
Car -1 -1 0 441.62315834885095 187.32810501443717 504.2100147891554 227.8651856665617 1.3954422 1.6126223 4.321314 -4.975704 1.4815881 27.143867 1.5567907 56.22259702771479 
Car -1 -1 0 237.9938163457921 183.36850403864568 324.35760384796833 227.3746354541494 1.6174994 1.6495936 4.1421185 -12.807276 1.5496035 28.517017 1.5411701 29.979496040462312 
Car -1 -1 0 287.29160132386374 189.1869963290177 474.1050677200065 305.29813202085387 1.4919238 1.6491594 4.22231 -3.3473873 1.5670943 11.494006 1.5728257 85.83667339440237 
Car -1 -1 0 575.4200112556362 182.43306049787137 607.3858752939 212.35808855878022 1.5022962 1.6051904 3.1369312 -0.828986 1.3626022 37.674633 1.5476454 20.95039855477359 
Car -1 -1 0 112.33346170303508 192.23277930801444 239.13885663404653 247.34464647475758 1.4442955 1.5789264 3.7866282 -12.58366 1.670451 21.247992 1.5351799 18.72986136836255 
Car -1 -1 0 378.46254899445347 184.91430316664577 434.71652138285555 219.64342909581828 1.4345303 1.5537229 3.7551284 -8.743452 1.4220808 31.599134 1.5325701 9.71036806466221 
Car -1 -1 0 434.8067094585321 185.0604191102089 478.5649014221033 211.85747846940748 1.46072 1.6114852 3.8409557 -8.552615 1.4522556 41.125385 1.5960555 5.4422952875814765 

