Car -1 -1 0 105.92182600210744 201.30729662538727 428.55097605102435 375.0 1.5493708 1.5709934 3.4279215 -3.0501177 1.9025438 7.231514 1.5843965 99.05914614719275 
Car -1 -1 0 701.5931073644828 195.83502358741706 768.9274913033355 251.64312111939478 1.4330878 1.5601412 4.221848 3.8098679 2.216333 22.444223 1.6210035 48.60816305764246 
Car -1 -1 0 783.5323087103363 190.59604567124362 1007.9391445400898 346.0860185431412 1.6045005 1.6405569 3.7325463 3.5790675 1.891008 9.764047 1.5977607 95.71171563913086 
Car -1 -1 0 551.7592913463938 188.0751109795012 585.5898639869597 219.34737509362998 1.5747061 1.6774294 3.993838 -2.2355125 2.4666228 40.280052 1.5669187 20.71052867389894 
Car -1 -1 0 693.8746592964312 191.59630361383512 746.8471337702636 236.00932743365996 1.5074776 1.5318909 3.4504848 4.1877565 2.2715926 27.68464 1.5798705 18.907536882756528 
Car -1 -1 0 732.0287322253989 197.32909669026333 846.8388936592141 278.0002857484631 1.4686491 1.6205313 4.104046 3.9352832 2.0961986 16.442528 1.5781629 38.74436298412855 
Car -1 -1 0 680.8210890024719 191.43580345330946 721.956094000872 227.06015819995153 1.526907 1.5072253 3.3516026 4.325652 2.4551516 34.36228 1.5627949 9.28752080991205 
Car -1 -1 0 670.0619191666368 191.3377978151829 707.0976260855406 222.63133540246093 1.5190461 1.5738447 3.6295483 4.224576 2.564741 38.99835 1.5619808 12.427198767766335 
Car -1 -1 0 461.46717019561123 179.53360236462487 552.1081278908019 265.0166216896166 1.9014812 1.7183094 4.4505816 -2.5130253 2.0945327 18.625834 1.5678477 11.049978502157918 
Car -1 -1 0 663.9620928984775 188.259721189263 694.1686476499846 217.23848744925613 1.6304795 1.5615513 3.9488382 4.2643337 2.627334 44.699867 1.5893027 0.3334043622016907 
Car -1 -1 0 504.27483906959134 191.51994135053195 568.8513967052004 247.41274569630704 1.6127504 1.6126194 3.6847723 -2.342289 2.2809017 23.950443 1.6162982 0.3052193224430084 

