Car -1 -1 0 758.0499460818542 196.33150745523625 956.8668054675686 324.3714171454093 1.4273708 1.6200466 4.2924023 3.4801736 1.855424 10.99555 1.5880752 93.89794923902393 
Car -1 -1 0 501.1756435508928 177.38345599070402 556.0068613727747 218.21846148491656 1.4736772 1.661828 4.131635 -3.1284626 1.6660855 28.575077 1.5824981 63.37933463345633 
Car -1 -1 0 688.1260371199321 183.0142940167977 756.413509308881 237.44329437888726 1.5448269 1.5659133 3.4344943 3.490015 1.8910829 22.857567 1.551593 67.52445688032388 
Car -1 -1 0 723.196416021977 188.91937059664363 831.297482910629 267.73609232821525 1.5017531 1.5523686 3.3072658 3.6218925 1.8977841 16.109314 1.5389938 69.01403984328506 
Car -1 -1 0 666.8428253982174 181.0419515251115 723.243983021895 225.29643699416144 1.5261314 1.5586853 3.6593835 3.180167 1.8585869 27.434145 1.5264027 35.860676498027864 
Car -1 -1 0 346.03314671025777 179.24495364509463 498.1487559758425 292.1592831964065 1.589276 1.5923505 3.7386885 -2.9838507 1.7142941 12.241145 1.5759094 34.65628188227879 
Car -1 -1 0 659.8850422093968 179.89900348557282 702.6087744525249 214.93718786052253 1.474644 1.540298 4.0473847 3.239902 1.8187201 33.21131 1.5646012 8.751117886022616 
Car -1 -1 0 79.56207777911516 137.5174956583398 453.27276533643396 375.0 1.8735813 1.6934583 4.3156304 -2.6986117 1.6447244 6.8717856 1.5190178 58.16313981506685 
Car -1 -1 0 527.440967654316 177.15919874625234 568.4059167773247 211.79380166260415 1.5171006 1.574976 3.980518 -2.8561938 1.7324407 34.09587 1.5762048 1.3629840877382968 
Car -1 -1 0 599.9936037513031 175.55492043596104 620.2799957510314 189.2866186466909 1.4901843 1.567711 3.652694 0.04193023 1.8007376 81.01565 1.3667989 0.8708107157744152 

