Car -1 -1 0 794.7291903073506 186.6744368916564 1037.617196253966 264.0571781529531 1.4662614 1.6461853 4.2795177 6.1469493 1.7653571 14.790756 -0.00063287007 87.46035549406517 
Car -1 -1 0 763.2750333246362 185.63016502798848 896.8320786960039 234.4767559306906 1.4197035 1.5588005 3.6306531 6.7389593 1.829032 22.266499 -0.03948656 62.03870367161741 
Car -1 -1 0 693.3776813224755 179.37372627470657 781.6212010272624 212.90711267760867 1.5360923 1.678993 3.8667207 6.0363193 1.8542855 34.309258 -0.03423793 39.39331996753186 
Car -1 -1 0 304.4213353532195 174.34706646787197 473.5125039512517 230.87808030912333 1.4555335 1.6108955 4.070603 -5.84955 1.4975007 19.451345 -0.01194915 37.32876440862656 
Car -1 -1 0 225.86597026199115 175.21478230576554 434.25391551763494 239.54273982318932 1.426396 1.6362044 4.291936 -6.4569573 1.4852273 17.02517 -0.06500546 67.06688504496834 
Car -1 -1 0 740.9556125350086 182.60291131191897 868.9906721282765 228.8328726632408 1.4917228 1.6265349 3.8985677 6.6005373 1.8366208 24.599854 -0.058999393 29.500052728765045 
Car -1 -1 0 473.46276987854566 175.5320927198896 544.6109678029236 202.3008245498174 1.5364906 1.6299406 3.8976107 -5.8993583 1.6981153 42.577213 0.08003185 11.451138846006542 
Car -1 -1 0 370.0884658665035 169.01873015037222 504.684050318781 221.78326712626188 1.7017865 1.6441536 4.095056 -5.694668 1.5780895 24.16001 0.032728683 43.28175762927717 
Car -1 -1 0 635.048366894119 177.6519251746506 664.7487278723409 200.76834629238084 1.4737844 1.6145546 4.0937204 2.6949978 1.8130763 48.944733 1.5275726 10.891917352287315 
Car -1 -1 0 903.0611307275443 186.9244378181741 1235.7732963919716 301.98204354301674 1.4943517 1.5965283 3.7933846 6.499174 1.7180631 10.536077 0.073797666 33.90343495406621 
Car -1 -1 0 400.14776664129505 168.41850139948795 508.89111482838945 211.02127918416903 1.6576486 1.661153 4.095927 -6.1700077 1.4850658 29.06012 -0.076932415 13.062862370319742 
Car -1 -1 0 390.4633694745245 178.09125067641008 510.04537976220956 219.7095510658743 1.4736369 1.5810359 4.041677 -5.8560534 1.6748145 26.75356 0.08681735 2.7047185438640478 

