Car -1 -1 0 352.72597210975397 187.75961340625202 437.3486569690708 243.065227878864 1.4127383 1.5481839 3.9119818 -5.9491434 1.4926102 20.55886 1.4913946 68.1588671768993 
Car -1 -1 0 239.9803222212484 193.47391525687553 380.371371598734 275.3916130986513 1.3537021 1.5626829 3.5442145 -5.6404533 1.536603 14.085196 1.4796875 76.7367729459165 
Car -1 -1 0 637.5227825201688 181.9867466411789 755.361956472207 272.7533595402476 1.6008072 1.6279545 3.760286 1.6676983 1.5438597 14.6220455 1.4835367 119.4550122039159 
Car -1 -1 0 520.9181846820874 180.59973311638498 565.3582076870125 222.73706488965826 1.5699642 1.6558049 3.3865938 -2.5894034 1.3979813 28.561535 1.454056 42.246735091577776 
Car -1 -1 0 442.8749737722154 181.92041975713815 479.3296597027713 208.5616255769368 1.4416444 1.5787767 3.896826 -8.262209 1.2633259 40.905457 1.4900085 7.114633025963712 
Car -1 -1 0 506.73167381128957 183.57499538842254 539.8937789260383 212.89692370467446 1.469851 1.5546023 3.4966586 -4.457826 1.3876058 37.88887 1.4020917 5.770191494540428 
Car -1 -1 0 297.8124535744787 184.2269996358799 372.6002483261867 223.89669839034792 1.4355421 1.7333212 3.9504757 -10.50987 1.3997637 28.05859 1.4808798 16.172987257407204 
Car -1 -1 0 394.4525528403353 184.2842719382926 451.5489672972058 224.33150853255685 1.4749427 1.6304116 4.3290644 -7.2693806 1.4406382 28.71819 1.4577625 13.89941503893305 
Car -1 -1 0 339.76988521641863 173.44330042633337 392.71327192490793 205.88807312000336 1.612263 1.7248503 4.216397 -12.623427 1.0272627 37.90017 1.4789791 10.67300265221455 
Car -1 -1 0 561.6614390544595 182.17326704960234 587.9624701995114 201.79807952813198 1.4920363 1.6807375 4.1137357 -2.594008 1.2607262 56.809036 1.4274733 4.465146531715277 
Car -1 -1 0 118.90403958339493 168.47762130078945 277.58599575510533 251.3544683297328 1.8584008 1.7891216 4.4978323 -10.22967 1.4830722 18.43024 1.4940684 20.691196323415934 
Car -1 -1 0 416.55215945813916 176.42623685876833 439.9727512453641 195.21878038807003 1.588454 1.6366692 3.8704803 -15.598023 0.8455181 62.79865 1.418869 2.046531878545126 

