Car -1 -1 0 404.39464885320155 189.7471825257924 472.4506199117358 234.1581239462924 1.446638 1.56355 3.572175 -6.2481823 2.1140053 26.692942 1.6046221 55.892678865574425 
Car -1 -1 0 19.057290654114034 203.98082747740239 111.94328479181453 241.56810399508905 1.5282998 1.5967733 3.6480815 -25.697414 3.0846698 34.234184 1.5957191 33.55193683655496 
Car -1 -1 0 654.1435540498034 176.25292596690937 703.7876388582276 215.54687389792613 1.5222728 1.5994431 3.7121115 2.8382964 1.673213 30.160316 1.537146 48.702512273093156 
Car -1 -1 0 441.4899278536276 187.48291884138783 496.50669483657657 224.45376557774208 1.464643 1.6270753 4.035396 -6.1993194 2.1589038 32.21577 1.5824666 35.93591987743814 
Car -1 -1 0 69.21523419404949 202.6150093913373 154.90424272132861 237.82782589357217 1.427496 1.5880141 3.6599119 -23.480057 2.9147282 34.21263 1.5521777 24.850072691031148 
Car -1 -1 0 478.4008102963845 181.02197568129455 516.7886376113721 211.47187993876727 1.5710667 1.5812613 4.0191526 -6.205059 2.050543 40.334064 1.5552197 15.791697572919936 
Car -1 -1 0 115.28045998792437 200.20403621498542 204.6341365117698 236.94936201481255 1.4553572 1.6634061 3.8792381 -20.723728 2.797449 33.449066 1.5928288 28.39124456097115 
Car -1 -1 0 177.6005716252214 200.0163729577137 252.3376094372407 235.96992452362878 1.4265759 1.6129694 3.7638936 -18.209862 2.7597125 33.481075 1.5030936 3.992812270312113 
Car -1 -1 0 833.549487936731 162.05206804862277 868.2195724166454 182.01971402957915 1.4751959 1.5744088 3.7410793 18.421638 0.6771563 55.215965 1.6232753 0.5582256182387703 
Car -1 -1 0 538.5167084549412 180.47121259058542 555.2842520146869 196.4137068763953 1.5249705 1.6048046 3.8605123 -6.306587 2.3153195 72.887184 1.5056778 0.8094155342005938 

