Car -1 -1 0 674.1990511332218 185.19303558631756 760.3104600138328 252.47634092376637 1.4957824 1.6049815 4.1832047 2.6975188 1.8549702 18.906813 1.563921 76.13850987403129 
Car -1 -1 0 379.3922518883347 193.1404991012475 511.81497382338125 291.2294060609747 1.45171 1.6317044 3.787989 -2.8632178 1.8810958 13.36902 1.559472 97.86164687762215 
Car -1 -1 0 521.611296134607 187.15561516610012 562.3462668425558 224.89315117362952 1.4778483 1.587713 3.8254225 -2.9118397 2.1442235 31.67495 1.5283483 25.388285423781532 
Car -1 -1 0 643.4948460623224 177.71039666339283 688.6948309149413 220.56854814587916 1.8765961 1.5912713 3.8735418 2.6072092 2.1189704 34.02686 1.5065439 16.9757553926678 
Car -1 -1 0 630.840311754087 183.6779837352344 653.4942366661808 205.90523871608235 1.4985003 1.5415739 3.866838 2.3414543 2.3150816 52.487217 1.5887375 6.146748880166973 
Car -1 -1 0 649.1665023760811 186.39796468820396 699.5562168905807 226.5679184285825 1.4620792 1.5148939 3.6195478 2.5758047 2.04806 29.36447 1.5092597 19.650167489291466 
Car -1 -1 0 437.33628749752035 188.75487489699574 528.9348486129246 256.00552324223287 1.4760182 1.6018873 4.1046867 -3.1791968 1.9377058 18.882164 1.5907898 20.983689528443033 
Car -1 -1 0 552.2359052479834 184.5998654031339 581.7250115295362 212.39617846798436 1.4906931 1.5503398 4.1655817 -2.4686255 2.2175698 42.558018 1.5568923 0.6021796464920044 
Car -1 -1 0 568.0622135868883 183.7153270451969 587.6787320061302 200.61968597120182 1.5121727 1.5881788 4.0448627 -3.0716782 2.5877056 69.34775 1.4527351 3.027196086502178 
Car -1 -1 0 663.3458468090299 185.65764972161168 725.9947309796262 234.93974379158308 1.4567598 1.5766956 3.8661745 2.7820337 1.9223758 24.290255 1.5499402 3.313619628783554 

