Car -1 -1 0 770.7094257017869 186.0421381798866 1197.8497467996922 375.0 1.4765025 1.6207838 4.1280713 2.7787647 1.6336842 6.5134964 1.5425663 115.61154424099708 
Car -1 -1 0 686.0306928273616 169.98734301824376 795.6611137608294 256.61669028991383 1.660603 1.5794811 3.4542727 2.7100415 1.6056519 15.5970955 1.5187294 140.31211589045094 
Car -1 -1 0 653.5437342368065 175.60970481995182 700.8930378879021 212.6417298924431 1.4031193 1.5502818 3.4465063 2.6943426 1.5217712 29.331997 1.5551608 58.19679515137623 
Car -1 -1 0 353.2664679052317 175.45525087855242 488.85926847600075 219.44603631801 1.4475017 1.6086891 4.209916 -6.3752494 1.5395026 24.680273 0.016559254 32.489176336533895 
Car -1 -1 0 243.64936046634094 176.69013535012962 440.40280008534336 243.37709970464238 1.4630883 1.5932195 4.028001 -6.1841393 1.558112 16.907204 0.085562184 35.06674038427352 
Car -1 -1 0 184.90567807461926 176.6948721479277 419.2208528461903 260.38244202325876 1.528815 1.6035472 4.0027466 -6.0019636 1.6103922 14.300069 0.11432846 45.23438896402726 
Car -1 -1 0 397.6157126141145 173.63271806519614 508.50455299940404 214.67430715685722 1.4733803 1.5505769 3.7571435 -5.749838 1.5031617 26.764576 0.029356817 19.014043104634826 
Car -1 -1 0 254.54651139994152 159.94699797107475 429.24165002945153 230.85859321600967 1.7970781 1.7118626 4.0336328 -7.0185976 1.4699821 19.227077 -0.04282857 21.70977703886538 
Car -1 -1 0 694.6333316417893 169.53871162850746 782.0174389005153 203.17017749704638 1.5676882 1.6120113 3.8836265 6.0973783 1.4131501 34.440235 0.0003407663 3.468723847000042 
Car -1 -1 0 391.23690327142776 170.26600519111898 495.9871917025302 211.00966873127902 1.6048923 1.5910306 3.8611004 -6.6873627 1.502951 29.300735 0.043849014 2.7100970561247806 
Car -1 -1 0 488.59853136180277 170.88953047285975 520.1461305795668 200.6665763094764 1.4744439 1.5508895 3.7150989 -5.503972 1.3771708 37.681225 1.4189475 0.5972817767576287 
Car -1 -1 0 426.0355781633105 173.51614842086119 520.435439962559 208.87142011239484 1.5022359 1.5778362 3.78125 -5.9399605 1.532161 31.651577 0.09116427 0.29157114028930664 
Car -1 -1 0 293.58765776241586 172.61995265379446 442.5541912345595 224.13474019197773 1.4825006 1.5772538 3.9883611 -7.168537 1.475765 21.710472 -0.08024867 0.5533951174222652 

