Car -1 -1 0 166.00520792784346 199.828174294483 350.95361387229207 304.13835365014285 1.4547386 1.5330553 3.5118675 -5.9729548 1.9967599 12.736408 1.5790919 108.98985622009968 
Car -1 -1 0 312.82747246981666 192.48220554541533 427.52544383488953 260.1572042290296 1.4496808 1.6022396 4.125643 -6.045866 2.0149908 18.717152 1.5720057 97.6600201924054 
Car -1 -1 0 682.136845564997 175.34379331835686 764.4892833815591 232.81779395239693 1.4694123 1.6362944 4.1324778 3.1479871 1.5480584 20.709572 1.5510958 50.30157729528631 
Car -1 -1 0 405.1675279630931 189.5379474531232 482.99839759928267 234.92915655068165 1.4206619 1.7047307 4.284598 -5.9310637 2.0804002 26.35688 1.6113666 58.65682338790325 
Car -1 -1 0 940.3506802525934 142.45163497319987 1191.3376818336717 219.74018317254723 1.4758492 1.6311073 4.040704 9.1112175 0.89530635 14.646812 0.02651111 115.73485440097988 
Car -1 -1 0 914.629321176501 142.0248424304599 1107.0038998481846 212.76876216818917 1.600637 1.6037554 3.703445 9.454111 0.9031029 17.17978 -0.028554851 39.50954915647629 
Car -1 -1 0 667.7583978003611 173.26085970580075 726.6502071150736 220.79481871157577 1.5854534 1.6471334 3.950279 3.0867896 1.6012706 26.075499 1.570448 38.83752073975504 
Car -1 -1 0 655.8436839207626 176.2527737701223 696.7331139725561 209.52044684341777 1.5549535 1.4851836 3.5392904 3.2725039 1.732662 35.911232 1.5041361 23.036317719759225 
Car -1 -1 0 484.3860086148492 181.07504667062742 531.1263209591673 212.05570214904787 1.6322422 1.6406932 4.218678 -5.7716894 2.1285136 41.366642 1.6860708 13.474702008089778 
Car -1 -1 0 796.074269427259 157.55673322968073 942.9902404301033 208.51399989024543 1.5111382 1.6539545 3.9589877 7.998505 1.0574975 22.385733 -0.08314986 36.87378874688854 
Car -1 -1 0 858.8875382771777 153.35937859124428 1026.068209373992 212.1515639090323 1.5190618 1.634967 3.8796885 9.035412 1.0153632 19.718992 -0.1377072 34.05919076408492 
Car -1 -1 0 451.7122705513325 187.8268409330728 500.41237394379647 225.1565409947771 1.5016074 1.5389799 3.6267233 -5.915451 2.2097344 32.304398 1.5619634 5.908478889796825 
Car -1 -1 0 597.1768121039171 176.01640752981393 618.2557882875393 190.99801376377616 1.5288905 1.616221 3.7225606 -0.21996027 1.872572 76.44092 1.39517 1.7978909342205893 
Car -1 -1 0 519.1055724863674 180.72424416885482 541.2126200701829 201.12051803492182 1.4863057 1.5262046 3.7139482 -6.193265 2.118904 56.041897 1.4120649 0.2604474425315857 

