Car -1 -1 0 687.8598721470163 181.75156646691673 768.7031453151283 244.37266578936357 1.4097111 1.5308697 3.393994 2.9370613 1.6579757 18.429861 1.5785362 79.23973585302372 
Car -1 -1 0 742.242688368149 171.7503213288479 873.6105802815589 225.39817142272966 1.6805239 1.6624604 3.8779452 6.3890095 1.6459509 23.554628 0.06339137 83.42806872168391 
Car -1 -1 0 175.6197722903918 184.76767078465878 411.58844564548616 266.28485243591115 1.4430844 1.5652472 3.859606 -5.9591284 1.6862454 13.874565 0.036334462 88.64443555239285 
Car -1 -1 0 636.6782393834774 175.30248939572562 661.7921647917688 197.55729703100758 1.5387859 1.6262453 3.9296618 2.8412013 1.7229213 52.292854 1.576574 9.812010138553871 
Car -1 -1 0 318.4775465162268 179.44439242893927 480.3177151811258 233.41103005978343 1.4742419 1.6198206 4.2206335 -6.047529 1.6753147 20.987759 0.104869634 29.430098061213215 
Car -1 -1 0 250.5756315542305 179.8899088143995 453.27669615227353 252.63590114280987 1.5167679 1.5940095 3.9417453 -5.6349716 1.6818541 16.070107 0.03198437 70.45185716264736 
Car -1 -1 0 282.028421383321 177.27040696124547 451.4423971954967 243.20329405131716 1.5850106 1.576293 3.8147907 -6.1672354 1.7046154 18.512012 0.12992178 22.706085777782498 
Car -1 -1 0 684.7437430169574 177.3295460412574 769.8985551962887 207.28565748877583 1.4770042 1.6090794 4.027031 5.963573 1.7109343 36.783737 -0.06314506 9.79076535626587 
Car -1 -1 0 365.6944692256839 178.3416896499327 493.3879917048622 221.61298764118942 1.4804478 1.6167933 4.143626 -6.3772783 1.6836283 25.814606 0.04471317 15.477836435320864 
Car -1 -1 0 328.0417202084434 177.14911108902052 462.67350983690443 227.32184531406497 1.5549635 1.6232823 3.9008405 -6.861859 1.6994216 23.389963 -0.034094512 9.30388228502291 
Car -1 -1 0 418.5634069558468 174.73059795490173 512.554938035148 210.88826022652407 1.5903819 1.621412 3.8945115 -6.5052185 1.678227 32.80652 0.08298475 1.4806456925543294 
Car -1 -1 0 0.0 181.56346346253548 306.62073263077684 286.40110323752475 1.4773841 1.574108 3.878537 -6.9435716 1.621733 11.131982 -0.020500375 2.104486758153975 
Car -1 -1 0 425.9467250023181 166.13044367940913 518.9853227149736 203.73368164612333 1.7931614 1.57987 4.25393 -6.6404877 1.4725393 35.228092 -0.014450729 1.168084391476565 
Car -1 -1 0 687.4742079782419 172.63492475262254 765.5748956518413 205.07740441580114 1.7048564 1.671191 3.8762646 6.2652183 1.6933438 38.883087 -0.06844401 2.1518290613408375 

