Car -1 -1 0 317.7692119569175 186.87384076603175 453.7988665873306 271.7086347828313 1.5006806 1.6846718 3.8823059 -4.577093 1.8366396 15.347944 1.5722233 125.87109516355542 
Car -1 -1 0 790.185833244049 185.69024923731268 1000.1105606889155 317.83964113797333 1.4884437 1.6087685 3.8925517 3.861278 1.7099187 10.4794655 1.6012392 97.42512779239966 
Car -1 -1 0 737.6687593233617 180.36532428718718 849.4714918354564 258.8086258997528 1.5008544 1.6121714 3.7106895 3.9446423 1.6872926 16.036537 1.592921 70.78668654500709 
Car -1 -1 0 703.8203225258342 179.84806226313412 787.0154447845747 236.90277535138273 1.4712248 1.6077932 4.1806326 3.8759756 1.6972979 21.221754 1.557342 50.928217241853574 
Car -1 -1 0 530.9232665497556 178.83842925094248 564.7474245649261 206.00823177193436 1.50106 1.5716023 3.3306308 -3.5807576 1.8660032 42.30544 1.6109052 24.18756444272825 
Car -1 -1 0 412.82171999245253 183.6345199244649 500.1119065818199 241.73098641111082 1.487641 1.6195041 3.8209772 -4.370577 1.8323861 21.134666 1.6076896 64.55937508593108 
Car -1 -1 0 455.3914012544414 183.15188757340712 520.9626125978285 227.51537535207805 1.4286277 1.5850098 4.3394475 -4.349616 1.8371422 26.436878 1.5924103 26.22330242390501 
Car -1 -1 0 690.3119751086015 177.2474020488129 736.0157419346663 215.19295137538342 1.5555466 1.5423841 3.5062304 4.5028477 1.759581 31.747845 1.5813746 5.9007659297192205 
Car -1 -1 0 690.8435155166172 180.19591832055403 752.4279654319022 224.72898250156652 1.4805181 1.5781065 3.538488 4.0232186 1.7672253 26.378605 1.5327537 5.874893845570415 

