Car -1 -1 0 773.518118122739 175.8202224012373 1126.240763118167 375.0 1.6781018 1.6336963 3.9957035 2.992441 1.7166914 7.368322 1.5444674 129.7730138527041 
Car -1 -1 0 712.170663084333 177.70125188424655 788.4831508257238 212.151278187469 1.4394758 1.4643726 3.4841132 6.2899885 1.6707755 32.553642 1.0548332 61.32418127547531 
Car -1 -1 0 624.7169689038454 177.7885116687085 659.4625717176557 201.65757441399532 1.3989631 1.520681 3.5466359 1.9857855 1.718944 44.924274 1.426476 31.812713211480336 
Car -1 -1 0 188.47619881698364 184.0441017431453 431.40109777432446 267.67849818813085 1.5128057 1.6427138 4.1158624 -5.7855196 1.7477181 14.222939 0.05051291 55.10043509307536 
Car -1 -1 0 327.5622225675293 176.70248914137656 458.9218909787766 225.32550368300255 1.5350373 1.640342 3.8275716 -7.067453 1.6667128 23.803183 0.033678886 33.20962411320468 
Car -1 -1 0 226.79634668837315 183.26595518309708 416.4511820560938 252.38311166676937 1.4871988 1.5723047 3.7485826 -6.549714 1.7398455 16.646563 0.040609747 12.406119932941705 
Car -1 -1 0 77.0176923365704 177.23208554101805 336.68272527164436 289.1010321138642 1.6571509 1.5749477 3.3282928 -6.366772 1.7330432 11.63223 0.05350449 34.285592832287584 
Car -1 -1 0 357.9677562693243 180.1101236938864 476.90416557132437 223.18681211953432 1.4728572 1.5776163 3.8294969 -6.7895474 1.739903 25.748362 -0.009135807 10.448984390093575 
Car -1 -1 0 0.0 179.29538795579393 307.02930931498213 375.0 1.4870927 1.5561849 3.560193 -4.164094 1.5620568 6.5640416 1.4962127 9.371226343791053 
Car -1 -1 0 614.8033799267564 174.99755455152018 639.0639891327854 196.02739965318617 1.5145934 1.6074499 4.1169825 1.2775102 1.6826077 54.472763 1.5399474 1.695879904735727 
Car -1 -1 0 487.49955841262823 177.54280628363523 520.6954898691395 204.88913033697307 1.4769293 1.5344349 3.711795 -6.0233374 1.7589409 41.507324 1.5234674 0.29811185598373413 

