Car -1 -1 0 717.4847203378912 189.0611716050121 866.3707367014863 295.60282527526886 1.4689318 1.5538787 3.6561077 2.9356947 1.7878649 12.35408 1.5487773 132.85538435440978 
Car -1 -1 0 425.2142021067263 182.3313616894299 513.9625133979032 243.7773109947023 1.3767537 1.6205534 3.9948459 -3.52373 1.6502012 18.803316 1.5484794 95.19535781710795 
Car -1 -1 0 0.0 177.86853062019497 386.4986776039022 375.0 1.5120614 1.5857394 3.6139529 -3.1523302 1.5685332 6.2592025 1.4877785 86.36044866644643 
Car -1 -1 0 652.4982441543918 181.29570518822203 713.8069050313926 225.70511803829663 1.5164224 1.6446147 4.07825 2.723773 1.8629723 27.527233 1.4981503 45.29337402590021 
Car -1 -1 0 489.34716460079494 175.886446635404 544.8306564215692 221.82503713324064 1.5868127 1.5672328 3.6594815 -3.3908906 1.7080357 27.004936 1.5825045 58.01712362166651 
Car -1 -1 0 521.5256287623758 175.46424696340063 559.8020019164198 209.00785042426392 1.5759964 1.578969 3.9030356 -3.401109 1.713907 36.16359 1.5619607 10.612033749120364 
Car -1 -1 0 646.6751697912246 181.45657897736223 681.9113848757289 213.04852382676756 1.4741726 1.5541658 3.7147918 2.7273216 1.9322703 36.55462 1.5848749 1.1759356645619714 
Car -1 -1 0 536.5756346257787 176.3526034559069 573.6650877792599 200.14543374117406 1.4791082 1.5392563 3.5831406 -3.6110065 1.7182479 47.37336 1.2290936 0.5681519065258223 
Car -1 -1 0 635.9609187409644 179.44961891656095 661.5716100505114 204.8048549141277 1.5407964 1.5948399 4.147056 2.570376 1.9904001 47.066895 1.6316855 0.25035592913627625 

