Car -1 -1 0 671.9227193843259 178.63135556619693 743.2187015538352 231.31761531815238 1.420585 1.602795 3.7074718 2.8601232 1.6094645 21.726377 1.5591779 82.15359437114249 
Car -1 -1 0 741.3400004869743 181.6234636922344 964.1440806991412 329.387914684491 1.5324866 1.6522619 3.846104 2.9541078 1.6731415 9.64258 1.5619417 98.81755965475118 
Car -1 -1 0 288.89507064144425 174.83933937794578 460.4429580453364 232.01087199862113 1.5174572 1.6812139 4.264152 -6.5209675 1.5760708 20.262753 0.09515697 67.18586655315286 
Car -1 -1 0 650.0446652384671 172.76748179678705 692.3288590449 210.40731163474106 1.6014299 1.6362071 3.819529 2.7297885 1.5977488 32.6195 1.5845625 32.72435982228591 
Car -1 -1 0 96.78717506474732 172.7617261183039 380.58217943691443 273.49210012148217 1.6194527 1.680778 4.1048226 -6.309671 1.6179692 12.553026 0.05542197 68.27733439636263 
Car -1 -1 0 426.82495962503475 174.7780260486856 519.1023879481961 209.20423531870424 1.5181866 1.6396208 3.9101431 -6.151929 1.6079583 32.791557 -0.027998257 10.33948251353959 
Car -1 -1 0 0.0 177.60255719821518 324.98332435764314 300.1775727721604 1.5189319 1.6408231 4.040702 -6.298407 1.591905 10.054728 0.108030334 16.44937642941985 
Car -1 -1 0 637.9000742156829 171.5549333063624 668.227066615008 196.00328560884455 1.5605974 1.614785 3.7331982 2.8534274 1.4776746 47.961426 1.5217626 3.5568813112443523 
Car -1 -1 0 354.14976569188894 163.52176200852952 489.1749372365308 219.13791233101264 1.8665231 1.7243112 4.238325 -6.487612 1.5533255 25.183723 0.050646283 4.948488627863415 
Car -1 -1 0 640.8074841173252 173.81099492808946 676.7921941913095 204.94791411447525 1.5743537 1.587205 3.8414662 2.5824451 1.6280344 38.537464 1.5512562 0.3052014708518982 
Car -1 -1 0 411.1678027431942 178.38712777978668 511.02407927545 214.5059953117166 1.4466887 1.5753387 3.7965705 -6.1464047 1.6844624 30.093222 0.06714986 0.2805199921131134 

