Car -1 -1 0 949.0479446231002 188.44733453619372 1242.0 329.0326535332015 1.4719455 1.5619051 3.7967403 6.2718906 1.6729082 8.513869 0.0021937804 44.343049067995636 
Car -1 -1 0 776.4698015979193 184.83861723287293 971.5950431603641 254.45879057271182 1.4654281 1.5811405 3.8680453 5.9409595 1.7541065 16.444769 -0.07604299 49.05521371035844 
Car -1 -1 0 861.2424705800171 187.02614590991763 1146.7234510900887 290.38514127591054 1.4806404 1.5685337 3.6903133 6.11155 1.7221849 11.435154 -0.042776532 71.4724265111142 
Car -1 -1 0 737.8042545090676 185.02104081028637 907.9133859618964 242.71322573400627 1.4372299 1.6011553 4.070342 5.644575 1.7797146 19.345978 -0.08184405 57.64773708905696 
Car -1 -1 0 0.0 184.92727495586195 318.59457276966026 298.8721516666579 1.5343745 1.6316491 3.9577494 -6.6519475 1.729246 10.773619 0.028833255 47.7926410742067 
Car -1 -1 0 632.3455698773789 179.57938058175276 677.6655993777512 213.03895365073151 1.4764798 1.6345047 4.406318 2.1371002 1.8237014 34.998646 1.5032156 26.419082178400092 
Car -1 -1 0 165.2019213641871 179.64948564953187 394.8932465317474 260.97955984563106 1.6106591 1.6756272 4.108859 -6.856266 1.7632878 15.321539 -0.022796415 85.44080231352434 
Car -1 -1 0 832.3051322291982 184.59820709325925 1061.7180184680487 267.42274671781536 1.4654611 1.5710258 3.7293558 6.4255753 1.7077132 13.956445 -0.077201456 33.52983969340995 
Car -1 -1 0 408.7221137072736 180.5531250265559 509.3854276331441 215.61623140411223 1.4775237 1.6159427 4.05236 -6.5761294 1.8263316 31.752672 0.06431446 13.46789562043099 
Car -1 -1 0 735.1102327313356 172.51554910349233 880.3345216530751 234.63851975711978 1.7825348 1.6797011 3.8695312 5.88731 1.7728233 21.689041 -0.076623425 14.420147417176391 
Car -1 -1 0 225.1601880416198 164.6916026795432 425.8791634105526 244.622142718291 1.8800722 1.6819788 4.303279 -6.9040523 1.6880817 17.847767 -0.01643828 29.538300186231755 
Car -1 -1 0 614.3627848001777 177.42647020138628 642.807186235329 200.37998969257657 1.4985747 1.543122 3.9204679 1.2793454 1.8277767 49.929848 1.4862276 1.8813991230356435 
Car -1 -1 0 382.93554216182 180.77347482362205 491.7675013989492 220.909811262232 1.5519097 1.6334143 3.9858828 -6.883938 1.8805604 29.089485 0.018615138 5.630532658892188 

