Car -1 -1 0 48.477835401892484 198.134994243288 379.08590546811035 368.9083607834081 1.4123925 1.591402 4.1474857 -4.0859375 1.599657 8.3399105 1.5630143 146.03054499629016 
Car -1 -1 0 460.0237353897543 182.4550379948288 515.0934230352501 219.7287058511693 1.4205267 1.542332 4.0513835 -4.8204484 1.315316 29.429451 1.5808234 40.114366354099154 
Car -1 -1 0 395.331796668657 186.0738206435566 487.6979814607523 243.61412635015716 1.4047763 1.5524011 3.4593163 -4.3545713 1.4299986 19.365753 1.6162935 85.05099570716236 
Car -1 -1 0 346.0969447338309 179.5714851063064 415.27753660146925 222.62844835538075 1.5489764 1.6483194 3.6823087 -8.64914 1.3459256 27.735943 1.5275531 41.842213770349545 
Car -1 -1 0 175.14528218832217 195.70927661552903 322.10077389469546 267.5352204947187 1.467588 1.6078238 3.5607848 -8.312887 1.7424936 17.024292 1.6064938 39.17551184547999 
Car -1 -1 0 497.80125613053286 180.6049710528995 536.2766442648135 208.68714714481115 1.4446075 1.5486279 3.787032 -4.8263826 1.2074218 38.885258 1.5869268 19.06256084293635 
Car -1 -1 0 577.9398961705269 177.52475643911237 608.642603387555 207.15298341883295 1.5263436 1.581808 3.0999703 -0.73163307 1.1301329 38.590782 1.5608033 16.46547856641399 
Car -1 -1 0 186.605695414221 167.83730180098354 297.4183314266353 231.0668891105811 1.982947 1.8081887 4.4976015 -12.446554 1.437942 24.850967 1.5003245 14.821753921325309 
Car -1 -1 0 337.45202796582043 181.8639690801051 393.35673299385167 212.8961668653028 1.5373135 1.6202209 3.8616056 -12.552433 1.3712711 37.54257 1.5709679 6.5688169870911945 
Car -1 -1 0 488.7906130103347 167.2291477670112 527.5442636696572 181.73273348860775 1.4522728 1.5895894 3.7888684 -10.07239 -0.35940325 73.29198 -0.048645973 1.3142871741921367 

