Car -1 -1 0 99.25960614472234 186.6127845477475 377.2719898705358 340.00345757594806 1.5322698 1.6705853 4.1316605 -4.5721207 1.7563035 9.665123 1.5488677 135.96516152743672 
Car -1 -1 0 731.870678825122 173.9698913205157 813.9052973049344 231.16258077081469 1.4381989 1.6428989 4.148415 4.486346 1.4729643 20.353294 1.6401446 30.092630993044583 
Car -1 -1 0 520.9498876464999 171.3847883084473 570.2982092738646 203.9890836690851 1.5502781 1.6646779 3.866193 -3.1578848 1.4804194 36.33467 1.704494 25.158526717048137 
Car -1 -1 0 709.0929359654938 168.80158227149983 774.4101309558288 214.58341914730136 1.5406651 1.5680165 3.5111716 4.698891 1.4042917 26.071865 1.5238492 34.365725727347616 
Car -1 -1 0 510.17573749032084 164.02172156698424 544.9792711547817 185.1092398632427 1.5138752 1.716898 4.080226 -6.0801497 0.87980473 53.92253 1.6827693 4.674949626077191 
Car -1 -1 0 755.0940895303501 152.7224277065051 917.5103452134585 265.46993356060074 1.8070697 1.7863452 4.6174746 4.104455 1.4844092 13.89625 1.5974808 30.33193641532128 
Car -1 -1 0 700.4865571304948 170.1984247130974 747.3737911996162 207.16273223220165 1.5002589 1.577071 3.6995463 4.8787937 1.3924778 31.164387 1.6104208 3.406728257170821 
Car -1 -1 0 551.4638544401878 171.39776962854702 593.2475273235797 198.34988273711005 1.4980493 1.5835028 3.924284 -2.1228623 1.417109 42.1763 1.750062 0.7227942100639672 
Car -1 -1 0 588.5465241451169 169.8289532056381 613.055243010479 187.57061839864323 1.5128727 1.59065 3.7951195 -0.7410496 1.2549196 63.51864 1.7136381 2.308181876052309 
Car -1 -1 0 697.1137630886818 169.95277390228463 733.8488287445778 200.1504895486802 1.4580165 1.559198 3.7010424 5.344432 1.3179383 36.7352 1.636427 0.3281005620956421 

