Car -1 -1 0 687.8789463395384 177.87550359848444 810.2442358003694 261.35259186453436 1.4457552 1.6702099 4.5212617 2.7143054 1.5660952 15.030072 1.5697021 115.56153434130141 
Car -1 -1 0 772.6090269908161 174.26577647150594 922.4022414464312 231.0978387603142 1.4801269 1.6295854 3.6598587 6.443346 1.5209706 19.858398 0.11319378 55.54171077403026 
Car -1 -1 0 250.797262441849 175.37926326639612 458.3281930611253 243.3911566743628 1.4380991 1.6135212 4.1209536 -5.6100717 1.4982123 16.250763 -0.058211043 76.81883287600446 
Car -1 -1 0 18.507645238780395 172.96225740815277 339.25253145081984 273.58999771388443 1.4886038 1.6255732 4.2021856 -6.7358923 1.490471 11.5604725 0.034479976 60.72046200166595 
Car -1 -1 0 400.8296883562262 169.55911885381772 511.45015257216426 207.80664293129394 1.4694525 1.6220196 4.1449833 -6.029973 1.3428645 28.718922 -0.091894336 26.288029050184782 
Car -1 -1 0 0.0 174.1545391689266 247.05397326940349 303.7868579790912 1.5305693 1.5924091 3.7609935 -6.9938273 1.5489824 9.375814 -0.023281582 24.71590358416872 
Car -1 -1 0 669.7494176534925 170.26170367606062 736.654965566361 196.2501155495398 1.5439723 1.697609 3.7912905 5.648931 1.3899636 43.798954 -0.044546302 13.464415873803702 
Car -1 -1 0 371.2544191226007 169.55073022267135 494.18124824778346 211.44998225720164 1.4768007 1.6068267 4.1556945 -6.3852515 1.360372 26.38355 -0.072539285 14.823357890150346 
Car -1 -1 0 114.10387907924546 165.5847495596607 346.8688938587103 252.1825917797021 1.5558348 1.6009738 3.6377034 -7.1570487 1.4252338 13.915161 -0.08491504 28.180809418032812 
Car -1 -1 0 436.0654820730337 171.06165555369162 527.8049445372984 204.1375697881899 1.4785676 1.5998211 4.066358 -5.8199034 1.3984456 33.26771 -0.10745721 4.119189785597181 
Car -1 -1 0 704.2034550488414 169.96531741350577 794.5540350503518 203.76096229101765 1.5550673 1.6403148 3.893383 6.6062956 1.4221478 34.271217 -0.13269062 2.3647308257857484 
Car -1 -1 0 752.8051938396595 173.1239334193919 877.3849357074051 220.07001726067264 1.5242478 1.608978 3.7355208 6.8392806 1.5336306 24.25864 0.009535596 0.6832687537077856 
Car -1 -1 0 527.0970496678922 170.35342362058933 553.8082249476419 191.96484675945285 1.5236452 1.6007644 3.788667 -5.0964165 1.3473496 52.88085 1.3814728 0.6869583491874699 
Car -1 -1 0 445.06532078423805 165.15230948136963 525.3794656388575 197.28285879680652 1.6662133 1.6447217 4.0914254 -6.564249 1.2668219 38.415215 -0.08750586 0.6301502898149199 
Car -1 -1 0 713.4741715399557 168.71231631345267 810.65960671895 203.80512686935865 1.507174 1.617963 3.9165726 6.6994586 1.3292959 31.915499 -0.060934026 0.2790100574493408 

