Car -1 -1 0 475.5323822145497 185.36137472602988 534.1246998481732 226.26081627193332 1.4079566 1.7372476 4.0972433 -4.003338 1.9317204 28.156687 1.5590043 72.43740592323525 
Car -1 -1 0 129.6802164843872 190.1754259227551 334.4723889490411 300.6943675956131 1.6012771 1.6486512 4.0558476 -6.580893 1.9654734 13.132062 1.5573468 94.60725776761615 
Car -1 -1 0 628.7585746664953 178.0450887453725 657.4481685294279 203.6492907808699 1.5265917 1.6065152 3.8628104 2.088378 1.8696427 45.744278 1.5621262 29.8639019879026 
Car -1 -1 0 365.41819051243806 191.38775113993367 440.3276522183191 240.2291276007591 1.4144716 1.5557585 3.547018 -6.7954803 2.0781898 24.047552 1.5467813 52.9199474759225 
Car -1 -1 0 706.242385281601 170.21303270182673 793.6647691595596 201.20456392376443 1.6280125 1.7191472 4.353184 7.4987593 1.48928 38.796032 -0.015412802 19.227867286368312 
Car -1 -1 0 1136.5341543665763 154.13472712914444 1242.0 209.35487894657692 1.4953172 1.6774151 4.2726583 18.085161 0.9884143 21.76274 1.6955359 7.672703218979389 
Car -1 -1 0 703.9188664792935 167.55704389230797 782.5129173318536 197.59783263185938 1.700566 1.6611031 4.2245955 7.680628 1.4007127 41.70038 -0.011677551 9.099638621916842 
Car -1 -1 0 458.6677203411916 185.7685908672077 502.12747828168597 216.30387502272475 1.4928286 1.5445795 3.7259808 -6.8837194 2.2204611 38.76313 1.606945 2.0578793072139425 
Car -1 -1 0 834.016191196166 161.53912818654655 872.3314836130675 180.7798366713066 1.5181217 1.591462 3.7277918 19.825102 0.6253605 58.85836 1.480725 0.7857838840377459 
Car -1 -1 0 880.7257022115703 151.29593038214213 930.2554066742048 180.9278985180169 1.9327222 1.6514574 3.762328 20.028343 0.52661353 48.986282 1.5146422 0.7795348850524706 

