Car -1 -1 0 715.7286418108662 184.82249421144127 865.5079451115915 282.3165100413091 1.3771728 1.5864213 4.26355 3.0035594 1.6257252 12.850267 1.5678937 98.90892732642214 
Car -1 -1 0 523.6795365442783 176.7251453602103 570.6077937940289 218.08278155883266 1.4636179 1.5676327 3.6474247 -2.338047 1.6222188 27.720407 1.5480857 58.27711323527595 
Car -1 -1 0 652.7616174562439 170.98755451684139 704.8270142925406 212.52525226176581 1.6903791 1.6450567 4.0927424 2.946333 1.6144239 31.454977 1.5108757 68.22791191543489 
Car -1 -1 0 439.9413589654553 175.5816059055625 527.2440967474062 205.49763206198477 1.3922644 1.6142168 3.9703155 -5.9961185 1.5267663 34.66345 -0.055818763 69.12572181302617 
Car -1 -1 0 0.0 181.7729201245077 370.27810595380294 304.05537554952497 1.5246434 1.6428813 4.2501764 -5.712045 1.6588254 9.98897 0.021203969 96.81912623328553 
Car -1 -1 0 287.9194101830256 173.32012304981194 457.05918753261966 234.84454962920924 1.5271335 1.663342 3.9659998 -6.110018 1.5400606 18.968182 -0.109118015 46.01321561105798 
Car -1 -1 0 152.06817882585725 182.10955837976113 405.7712245401903 273.8789609244117 1.4837594 1.5590068 3.7702432 -5.706055 1.6580498 12.714642 0.04990068 78.43690213209005 
Car -1 -1 0 218.4223906511962 180.1390125981848 420.8796469908887 249.84335041193737 1.4877452 1.6111485 4.023116 -6.573944 1.6650157 16.581001 0.086638615 3.3669234720781565 
Car -1 -1 0 500.329296099815 175.44694507486435 530.5338844960332 202.82735408644433 1.4496889 1.6057591 3.891994 -5.27403 1.6029252 40.61385 1.4524065 0.3437432050704956 
Car -1 -1 0 632.1319853586955 174.02128886529275 652.4088950593268 191.21378239908074 1.4989808 1.6010466 3.978979 2.927178 1.6076634 65.180695 1.5578825 0.6256985286243721 
Car -1 -1 0 0.0 154.60976976388358 120.2807164424246 204.85242523834145 1.5519271 1.5317761 3.8293078 -18.150452 0.9883876 23.346281 0.15876774 0.2672775685787201 

