Car -1 -1 0 968.4529566517294 175.98444468259038 1088.4173721313168 277.718523708133 1.5534934 1.6638395 4.12795 7.71961 1.6209958 13.356103 2.0970726 65.78067956990348 
Car -1 -1 0 217.38501369264014 216.68488725609825 519.1928110751887 375.0 1.5143487 1.5885128 3.4930594 -2.8780742 2.1239765 8.364559 0.63032365 139.72808264812508 
Car -1 -1 0 71.42361072712399 227.6692408832857 300.7861197437768 365.08642681365035 1.4996074 1.6438615 4.005371 -6.6642675 2.4921951 11.209943 0.6402808 113.48540617109049 
Car -1 -1 0 0.0 234.87092704316706 150.70507315599207 341.94307588434845 1.4970493 1.6036758 3.7278605 -10.5054655 2.8370693 13.848429 0.6261823 85.29613599771307 
Car -1 -1 0 1020.8089065778021 177.02750148975917 1078.5040426945939 223.68071208979882 1.4585608 1.5692949 3.5304344 15.065241 1.6132803 24.825478 2.0826778 2.3915358288846833 
Car -1 -1 0 1143.4661281782692 169.71084682645792 1174.4575519907119 190.94051735352517 1.4836776 1.5282115 3.7723699 39.87341 1.2640119 52.422596 2.1507201 1.374566304342937 
Car -1 -1 0 758.3521584614127 181.34326229762524 789.4304104607083 201.86246993208243 1.4769924 1.5843983 3.6770236 12.690104 2.1546183 55.593422 2.0104492 0.779098599630465 
Car -1 -1 0 982.8258815334973 162.93665069348788 1070.5402327878169 248.1828181752973 1.7988828 1.5817149 3.797573 10.039065 1.5896047 17.245235 2.15723 1.113582179011875 
Car -1 -1 0 1184.3425056577253 164.4889287898204 1242.0 205.4747679870655 1.7021492 1.6106243 3.871755 26.818592 1.3547461 32.033417 2.1311576 0.8923070006017728 

