Car -1 -1 0 151.84523996582845 200.0545553506673 348.17136216875696 308.1790216397252 1.4426659 1.5588127 3.8036385 -5.9710436 1.9862711 12.505281 1.5539111 120.17910970117475 
Car -1 -1 0 290.06039456793087 194.39035965209692 411.46135069334343 267.55738860543937 1.4548867 1.5595206 3.6848447 -6.045332 2.0260024 17.285091 1.5794966 76.6087880265236 
Car -1 -1 0 436.3064027723695 187.20694588619241 500.18991698509024 225.46660559195678 1.4345863 1.6836073 4.185046 -5.941444 2.089768 30.798048 1.6299543 46.85183035403353 
Car -1 -1 0 857.4679460942988 150.5566326407191 1041.5888472538945 209.84747296931195 1.5121078 1.6637421 4.1393766 8.978256 0.9434529 19.270315 -0.017895427 99.1947077909103 
Car -1 -1 0 372.2575529033345 189.355071821456 458.24839268659616 241.9654876315655 1.4488698 1.6863623 4.1214247 -6.133716 2.027491 23.234314 1.5633893 54.291854503898385 
Car -1 -1 0 668.442983719404 174.8897129210098 732.8218770202461 221.4609698872527 1.4858931 1.5846155 3.9925165 3.0967689 1.5627918 25.227303 1.52746 31.58071744426415 
Car -1 -1 0 850.4274181195458 150.69297658230505 999.3731372977824 204.10412880557442 1.5488033 1.6177508 3.8119926 9.473478 0.90618336 21.841045 -0.05803916 23.884827418349616 
Car -1 -1 0 765.1038491942786 165.35583703296408 889.1528572341671 206.44234518775622 1.4869152 1.6548253 4.136148 8.094441 1.2155576 27.048357 -0.053096987 26.58449824838099 
Car -1 -1 0 659.6748294982716 172.98152265977637 706.9682745828559 215.2290033310362 1.6798079 1.6151159 4.061616 3.0754037 1.6855993 30.735495 1.5748374 24.557065179569165 
Car -1 -1 0 811.3498581877546 161.47871517529245 943.1857890043766 206.89650183191753 1.4660332 1.5938597 3.8614073 8.966677 1.0988522 24.306824 -0.1167634 20.97229526031062 
Car -1 -1 0 469.9047431332099 184.93575245256127 513.3282262733146 217.6778980783148 1.5287693 1.5480604 3.5962534 -5.9694624 2.1761656 36.846725 1.5953996 6.650789601263318 

