Car -1 -1 0 830.0754545175646 188.8668829375544 1120.5445045769848 364.0357578951573 1.4676752 1.5877471 3.8400009 3.8450332 1.6967751 8.363495 1.6243001 97.7995529352977 
Car -1 -1 0 259.23878254280964 188.96601632834756 429.10296827911327 289.15281635913715 1.4789019 1.6686062 3.8845117 -4.635451 1.8176357 13.22315 1.5755838 124.05161246619295 
Car -1 -1 0 522.8433811850647 178.47738758276327 559.4600834730403 206.26112192200978 1.4545153 1.5205046 3.4024792 -3.7717557 1.7816129 40.224907 1.6327667 26.24522601148169 
Car -1 -1 0 383.32879171240165 184.92883485553034 484.6261315741649 251.31788830047944 1.4973388 1.615545 3.9124355 -4.4806786 1.8479054 18.970623 1.5982652 77.33009159873721 
Car -1 -1 0 751.8971453694103 181.11841750919288 886.1150178441615 272.72779521060033 1.4857106 1.6228256 3.7278562 3.8687644 1.6669588 13.933548 1.6050353 67.56773065341949 
Car -1 -1 0 710.761200602567 179.86632850234597 806.1662287325826 242.53422107776115 1.4385068 1.631459 4.1251574 3.8054683 1.6442429 19.097729 1.5595582 68.94010284511756 
Car -1 -1 0 437.49901766469753 184.5107298745292 512.3484253761328 233.0967769934963 1.4240167 1.6651833 4.0835133 -4.4098735 1.8481815 24.19564 1.5929046 49.654894057057724 
Car -1 -1 0 691.0909073290144 177.8764748412229 740.5639575551951 217.4615766166438 1.509445 1.5465255 3.4686155 4.313725 1.7282469 29.694149 1.5773767 14.333322787367418 
Car -1 -1 0 1017.7851412055904 172.5638961768124 1158.2881281232626 223.01710425044416 1.5019242 1.6712347 3.764031 15.404211 1.493288 23.479551 1.3925738 35.38980398944273 
Car -1 -1 0 696.1682679884123 179.3230171772101 763.2634746043008 228.71662155548438 1.499828 1.5970821 3.6906576 3.9531088 1.7338839 24.250679 1.5580801 9.34443026002478 
Car -1 -1 0 561.6933755419806 176.80057025827958 600.9235706569926 190.10202019175213 1.4341391 1.6421126 4.173394 -3.0847678 1.8728566 79.27832 0.05324751 6.383054136301279 

