Car -1 -1 0 421.0075433659132 185.91485037364257 497.9304381837732 235.7074903477651 1.398359 1.5585059 3.4804187 -4.428359 1.4214644 21.997093 1.5963894 73.09768040126758 
Car -1 -1 0 214.49024122104447 195.7196740700609 420.23926724940725 312.85339819829557 1.3965921 1.5805188 3.8504398 -4.0977716 1.5833534 10.849376 1.5622243 107.664939630221 
Car -1 -1 0 470.9801467288044 182.85173419757663 521.4797591802392 217.3365884242968 1.4441339 1.5371637 4.0451393 -4.891635 1.3451374 32.145332 1.5963626 30.42506795610452 
Car -1 -1 0 233.2493250136684 185.44377466674004 355.2368609444938 241.79613863039856 1.3931549 1.5017251 3.6856694 -8.418762 1.4000022 19.684393 1.6514308 18.34916628655312 
Car -1 -1 0 578.4111017347432 179.48795725934204 608.9665700599362 207.8576026098206 1.4761035 1.5899398 3.6328394 -0.7195298 1.178083 39.22661 1.5614803 14.91235980035486 
Car -1 -1 0 370.7962462629827 181.12204298512017 434.88455536982104 220.28801860130517 1.5604051 1.6257809 3.7724543 -8.595613 1.3973105 30.531868 1.5780134 28.19476122317601 
Car -1 -1 0 0.0 186.68310708021423 213.7627775554634 307.2893040052342 1.5852842 1.6458191 4.01627 -8.238075 1.6129023 11.513739 1.5802509 86.06998131850082 
Car -1 -1 0 504.8437009280229 182.2555880338617 540.6733404500915 208.2992444712832 1.4359889 1.5436919 3.5998158 -4.8252378 1.272775 41.457977 1.6002617 10.427440790320155 
Car -1 -1 0 230.08731823662748 172.6814462951556 326.33365969672866 225.78155657190044 1.8641977 1.7697073 4.4092155 -12.421018 1.4241549 27.46728 1.5406995 21.802538201600186 
Car -1 -1 0 353.79593605027844 180.75166812828195 403.4640420542349 208.78156723542605 1.4913042 1.5867996 3.8128963 -12.702411 1.2537997 40.158295 1.5634271 4.805084119250873 
Car -1 -1 0 0.0 188.92958500039566 173.20930915795017 248.5341931898765 1.4887325 1.601581 3.9365497 -13.923359 1.5926815 19.101007 0.11387935 2.9896512324212954 

