Car -1 -1 0 664.2618745197902 177.31931720934486 822.6273486127034 288.3227472487428 1.4844673 1.5569886 3.3906083 1.9718935 1.5670456 11.567855 1.4517803 101.45172567068217 
Car -1 -1 0 572.5743158066026 172.4529632654442 676.5254633003199 214.85233976966626 1.4849985 1.5877578 3.687499 0.59394443 1.4709524 27.005053 -0.63605607 113.91331918167863 
Car -1 -1 0 751.5378535828249 167.24989008425894 870.740291518736 217.62154986125722 1.4772012 1.592063 3.797015 6.4331555 1.3128548 22.898851 -0.6090461 63.56012320647808 
Car -1 -1 0 840.7169948850128 164.4581401516188 944.0702982244769 209.32357709110778 1.4874921 1.6194148 4.029277 10.157498 1.2091312 25.802177 -0.66464674 61.24119598368552 
Car -1 -1 0 921.433580359023 164.67604543468974 1004.0994614511827 203.1708211487662 1.4346156 1.5165583 3.3714533 13.96702 1.1298411 28.489124 -0.6225686 61.36258924925444 
Car -1 -1 0 973.3687812084625 155.3758698159906 1060.2981157794582 200.21770350862994 1.8136077 1.7091831 4.2178397 17.60561 1.1067125 31.128958 -0.6415166 32.83648239711109 
Car -1 -1 0 705.1966895713032 171.9972505958526 797.0339477543699 206.93690778397377 1.4130814 1.5483282 4.0300536 6.116952 1.3784313 30.996027 -0.63157225 19.06502886176163 
Car -1 -1 0 1074.675102528992 160.71540700412072 1116.7216324420303 191.70925120729922 1.5247015 1.620286 4.167648 25.401142 0.92755914 37.649643 2.2119675 1.5670817267734705 
Car -1 -1 0 1127.111908323476 156.5677282920188 1185.0702402589466 185.58606226662044 1.5353258 1.614494 3.8156745 30.304045 0.67363816 39.979893 -0.65678704 4.749110387558219 

