Car -1 -1 0 710.5625892224632 187.38224176898058 831.9030820799013 279.8945874938604 1.4399297 1.5530261 3.4390879 2.8808146 1.7467742 13.506955 1.5875658 84.12782972006403 
Car -1 -1 0 774.1903781633187 175.64792170276286 959.1661631829955 243.82493960112802 1.6656239 1.6932572 4.202437 6.5300436 1.7416625 18.672049 0.05709334 87.82972007775474 
Car -1 -1 0 302.9345302202293 182.50891866499978 464.70147787173937 237.54602416136137 1.4787779 1.6212401 4.198618 -6.3797536 1.7700388 20.754356 -0.09811136 22.2896082468589 
Car -1 -1 0 0.0 193.5380105701919 312.63747247718004 323.07546622514127 1.4173111 1.590373 4.1065803 -6.0758696 1.6984332 8.982233 0.014261087 110.79032615600552 
Car -1 -1 0 221.72401090554345 182.05255271053352 441.6363552641413 257.4036373018058 1.5500507 1.631779 4.249217 -6.0473194 1.7655237 15.984287 0.04828868 70.21926100463621 
Car -1 -1 0 349.2000989017793 181.3532008477366 479.78030027015063 230.42783163820292 1.5125557 1.6150506 3.7864747 -6.2340107 1.7969153 23.330149 -0.0015737137 15.987633733124335 
Car -1 -1 0 257.9526432604372 181.2163418419145 427.3959553649618 245.93880596011448 1.5510559 1.6039156 3.768142 -6.7201285 1.7758455 18.464012 -0.07000627 16.453293457953144 
Car -1 -1 0 711.6541796278036 180.85122675979596 823.5251594494408 221.0409729595782 1.5381426 1.6364193 4.0903153 6.296321 1.8701632 28.97968 -0.07866556 17.50595882930675 
Car -1 -1 0 383.0050313185411 177.47553986455932 494.36323639921306 222.99471682333564 1.6817355 1.657249 3.9824126 -6.519614 1.866509 27.853657 -0.08470343 22.930735681653815 
Car -1 -1 0 158.1345477876207 181.04251417588188 396.7566935898763 271.06284926990384 1.5512991 1.5874319 3.8210404 -6.1735325 1.7172332 13.618946 0.11211404 43.541440752187995 
Car -1 -1 0 76.68476386998334 182.11173974472308 389.6762579818203 292.5827883121641 1.55449 1.5915276 4.017291 -5.6504326 1.708307 11.141666 0.02547254 85.04775489012222 
Car -1 -1 0 634.8673216041368 179.54301162856618 669.7350914978246 204.30649790326453 1.5168157 1.6413357 4.041252 2.7629197 1.9759097 47.42528 1.4636315 9.041550280432233 
Car -1 -1 0 696.5981121064217 182.89336961891945 791.1198046431291 217.11956314892262 1.4430501 1.581023 3.8316689 5.893606 1.8996991 31.892616 -0.07245639 10.51505270683561 
Car -1 -1 0 697.0737417050809 176.3567105483355 782.7956951884488 214.14098195437458 1.7271652 1.6557453 3.7082129 6.1095457 1.8969022 34.05771 -0.043186165 6.49665198209186 
Car -1 -1 0 478.3315369975669 181.113636201538 546.5293658470226 206.28895649843864 1.4932053 1.6155233 3.9131756 -5.9353056 2.0112998 44.331894 0.061955046 6.2158518502522115 
Car -1 -1 0 529.8355327407168 175.7360113088422 558.5822141326848 198.68411222091052 1.7178109 1.699924 3.8659005 -5.078368 1.9513208 56.48478 1.6256254 1.5848916890648193 
Car -1 -1 0 397.2853909454511 171.1989865424835 506.97110035549554 213.11568710880158 1.7150825 1.6042844 4.2659283 -6.5573893 1.6473651 30.337704 -0.0060080756 0.675180323853129 

