Car -1 -1 0 748.0711921831969 189.9943113615954 1001.8574121688519 344.3173443258695 1.4102986 1.5905519 4.1507206 3.0078228 1.6776798 9.15777 1.5413187 97.44374563239747 
Car -1 -1 0 652.1589215209013 173.18860677480757 710.2262455913736 219.77038750017414 1.701608 1.6845869 4.2117376 2.7496614 1.7158338 28.532402 1.5223277 67.92673188004437 
Car -1 -1 0 344.69443353634483 176.35964551229216 476.706125165505 227.45088154003804 1.5753578 1.608851 3.792272 -6.361391 1.6931088 23.305702 0.06725185 40.74803154251136 
Car -1 -1 0 424.48269414326614 173.42789687917852 509.8778887390585 210.60534688940993 1.6401193 1.5953141 3.6229742 -6.411747 1.6668992 32.7644 -0.06015539 12.377724579112433 
Car -1 -1 0 398.23904699711625 178.16231177847598 502.7821253668931 217.97486066590864 1.487273 1.5812045 3.6779337 -6.1789975 1.7022293 28.219452 0.11634103 8.993363917712358 
Car -1 -1 0 366.0045923447344 179.73204185540254 495.3819882558186 222.8118173844503 1.4600636 1.5956333 4.181775 -6.3020563 1.7134805 25.666145 0.058377527 3.147479804584234 
Car -1 -1 0 633.6518479171439 175.67815316174347 660.0809562219956 197.7179370681425 1.506077 1.601499 3.765624 2.6389203 1.7158737 51.697178 1.5441709 1.2696825830011256 
Car -1 -1 0 527.5085264437524 174.61411545710453 555.7511933980994 195.27232829465135 1.5370314 1.6196457 3.831973 -5.233591 1.6783652 55.978336 1.629008 0.7399181446515783 
Car -1 -1 0 641.7259890277472 177.13709043901144 680.2824790799233 207.08641644858952 1.5403445 1.6083071 3.581558 2.7688406 1.7856579 39.481712 1.498337 1.252143091849848 
Car -1 -1 0 283.0653792419716 179.7112417002806 455.3653187367686 243.46175339598292 1.471772 1.5566342 3.6854625 -5.7709956 1.6464815 17.604378 -0.00039782596 1.8436908940592356 
Car -1 -1 0 435.9748273332021 175.6113866335174 528.1573018063723 208.42963206675054 1.5515463 1.6373172 4.1563015 -6.191282 1.6901228 35.27036 0.08474768 1.4484858507579756 

