Car -1 -1 0 682.6530331190081 182.31039150857114 758.2180735880352 241.99690506683675 1.4170923 1.5681031 3.4312541 2.8920312 1.694157 19.409893 1.5903001 76.5228609142873 
Car -1 -1 0 736.3292093588774 173.22711759704882 864.6134120304637 223.97775223801798 1.6574754 1.6705446 3.966657 6.4066734 1.6706567 24.534662 0.06158817 62.54270808035672 
Car -1 -1 0 194.88433499735115 186.16133298613352 420.54520644226164 261.5270619170549 1.4353173 1.584274 3.9953833 -6.109882 1.7253358 14.882137 0.02558411 91.82681007102039 
Car -1 -1 0 268.0861172640644 182.43208382636342 460.22405978269876 249.59519787045008 1.4860516 1.5924017 3.9925497 -5.6957893 1.7234006 17.041908 0.021085806 82.48181664224421 
Car -1 -1 0 329.3074940375022 179.11050299080895 485.5354966153104 232.1375135995498 1.5186536 1.6386634 4.262333 -6.0673747 1.7172453 21.901674 0.08686599 35.48762738346675 
Car -1 -1 0 375.40057892933663 179.89669901992826 498.77255095805907 221.2780849337666 1.4698904 1.6112548 4.179709 -6.3413305 1.7399002 26.794113 0.030469371 14.433564952694535 
Car -1 -1 0 343.5314025776317 178.08228829729637 468.8183941043335 227.58922972812599 1.590935 1.6367803 3.8357224 -6.785831 1.7746794 24.376175 -0.08690738 10.169771938376629 
Car -1 -1 0 0.0 160.96424390127703 266.1034598892344 311.3975832768541 1.7739208 1.667003 3.7103484 -6.735491 1.6337159 9.41894 -0.041919686 43.48574479780833 
Car -1 -1 0 302.3703435226816 179.1944568764564 459.1441228607717 240.94713895573452 1.5796037 1.5697443 3.72317 -6.0964394 1.7581438 19.473791 0.03193378 17.187969312046995 
Car -1 -1 0 44.66127324122487 182.5484445193164 328.37304846062153 277.7195614176 1.477254 1.5814285 3.8523927 -6.9751797 1.6514983 12.165974 -0.0062190583 9.337504259209727 
Car -1 -1 0 680.7678021714758 172.91355923232996 755.1570559470995 205.49145713422405 1.7610658 1.6490548 3.8027134 5.971195 1.7644454 39.976414 -0.077169225 4.601635281916062 
Car -1 -1 0 680.3295676026801 179.1484056793503 754.006550039004 208.92260370844863 1.5020053 1.5514891 3.546772 5.5922637 1.8390224 37.71086 -0.084096886 3.8186975303535298 
Car -1 -1 0 424.60909559793555 166.8572604307118 514.8969957325091 204.15912815126853 1.8286582 1.6482193 4.2200546 -6.9643764 1.5346785 36.215286 -0.009050817 2.0553193936955747 
Car -1 -1 0 401.33098820025026 178.43317665071388 505.0630472947561 217.58902910386394 1.5242074 1.6203011 3.814366 -6.305216 1.7582638 29.314558 0.07743899 4.888446458409847 
Car -1 -1 0 425.88531295092173 176.70981940840798 513.7047904852529 212.69199329585473 1.6181357 1.6057819 3.8280559 -6.4438725 1.8022974 33.552486 -0.056468554 0.6007209741002744 
Car -1 -1 0 628.5583162336904 176.13658218193717 662.6763412992855 198.2268186626573 1.5469286 1.6286684 3.914778 2.6178443 1.7984972 53.22074 1.3804727 0.3142983615398407 

