Car -1 -1 0 288.47734869892093 187.70330287689475 442.03428571933756 281.6389083470632 1.5227778 1.6714239 3.871202 -4.6243443 1.8563931 14.261749 1.586952 113.70653951237824 
Car -1 -1 0 806.0771704165462 186.81066999151773 1051.2757807652847 335.9403764419884 1.4706675 1.6030929 3.8169498 3.8329773 1.6900175 9.408569 1.6005561 90.20742504604623 
Car -1 -1 0 526.2933124641123 178.96699060892917 562.0193249370493 206.41146117746783 1.474113 1.4974184 3.318632 -3.6978714 1.8379431 41.231407 1.6490406 26.590385935468028 
Car -1 -1 0 397.26890957696054 184.59168033804457 491.26371953500256 247.0286393148123 1.4992939 1.5793762 3.832232 -4.461006 1.8564723 20.007689 1.6144547 67.24893040743402 
Car -1 -1 0 744.6727993247848 181.806407082321 866.6714926244634 265.1055230898251 1.4624462 1.6112516 3.790145 3.914565 1.6723614 14.999395 1.60183 77.72905196888222 
Car -1 -1 0 706.1804532646315 181.30580080232897 797.6303366470835 240.78945636732354 1.4384041 1.6363273 4.172637 3.8447833 1.6991278 20.152271 1.5460124 71.06789984816707 
Car -1 -1 0 447.1791221030239 184.04457603992321 517.121049115526 230.78184369927433 1.4362131 1.6240175 4.1302743 -4.360532 1.8602407 25.255468 1.5956491 36.61679050408784 
Car -1 -1 0 1008.3338392705625 173.42075288936616 1134.00604742734 221.59424031608205 1.4952681 1.6065617 3.5155983 15.415563 1.515835 24.312073 1.3932315 39.64308509637175 
Car -1 -1 0 690.0955197312961 178.25482344229013 735.0354000595862 216.48594238751025 1.5123658 1.5230157 3.4342103 4.3390136 1.7557253 30.773287 1.6005577 7.932266680897802 
Car -1 -1 0 695.9196485481904 179.21767783220082 755.2324159916404 226.86617818383326 1.5162487 1.5877539 3.609932 3.988739 1.7552531 25.273651 1.5975814 5.029794118164574 

