Car -1 -1 0 723.0205027701185 178.92307105665827 833.8986699042462 261.1366472017502 1.5169888 1.6137626 3.6862516 3.4745772 1.662696 15.456045 1.6011455 78.7415651715334 
Car -1 -1 0 126.74910817360596 180.11242581140928 419.11697146121566 278.824793256955 1.5241966 1.6557416 4.2441335 -5.595359 1.6577027 12.279229 0.07872971 85.56034390563329 
Car -1 -1 0 702.7133163262611 175.90411334301166 782.3668362645129 238.4170022105986 1.5961449 1.647014 3.8442018 3.680977 1.6912386 20.554005 1.5950245 65.9289568005836 
Car -1 -1 0 674.7078767404142 179.99256805902164 722.365953542828 213.29207522226793 1.4514853 1.5054888 3.3787208 4.1353245 1.8048989 33.963253 1.466776 25.79482044242526 
Car -1 -1 0 284.40619163639286 179.77063260862684 467.71890774545585 237.20486708070084 1.4335742 1.6628566 4.3233604 -6.0704684 1.6251764 19.105095 -0.023835337 77.94149595785491 
Car -1 -1 0 368.92032748996263 178.2422876793514 497.8024568839176 225.88370877680745 1.5463464 1.6816353 4.0461187 -5.924836 1.737522 24.620647 -0.06956946 34.729075232053674 
Car -1 -1 0 406.0306557015728 180.87453639987532 526.9914790419028 222.98767960370114 1.488069 1.6321617 4.2099066 -5.2296185 1.7958584 26.767813 -0.0505131 14.989231104583475 
Car -1 -1 0 431.1650857946826 176.93807207800162 528.683202875818 217.86331530617798 1.5982628 1.6238463 3.641606 -5.188043 1.768098 29.174566 0.0101955095 12.63483062912807 
Car -1 -1 0 517.5497679003512 174.8799831478227 550.6511880043447 205.67112394201155 1.6068983 1.6684664 4.0638776 -4.233491 1.7253798 40.065804 1.4269816 2.4877833505866263 
Car -1 -1 0 462.7250167467273 174.91377902889343 551.1010654420505 211.09060336813442 1.6525915 1.6131144 3.8873267 -4.7855825 1.7520483 33.950695 0.04278051 2.06769019955536 
Car -1 -1 0 499.0486035043512 167.24928385017262 565.3758622696679 193.5747538150591 1.7277664 1.6554455 4.1950936 -5.147784 1.3599231 48.317272 0.064914264 0.26570770144462585 

