Car -1 -1 0 720.9401918671515 188.63089586750215 902.3496011363541 313.8281069707766 1.4471056 1.5970843 3.6642191 2.7543893 1.7203383 10.650532 1.5537611 104.1155965534626 
Car -1 -1 0 664.251622900725 177.02882789303808 734.9387178399769 240.3513518761581 1.6968602 1.6487619 4.0939846 2.6022658 1.8340797 21.66091 1.5804311 74.65184372497787 
Car -1 -1 0 0.0 188.14688960518401 289.2919033674185 321.0352830186432 1.4738362 1.6455178 4.1523237 -6.4964495 1.6878159 9.15715 0.05649864 119.17431889827627 
Car -1 -1 0 636.9207155680047 178.02744267218736 679.7639016561108 213.22719581888904 1.6786379 1.6150595 3.5543213 2.4379237 1.955748 36.8005 1.4723098 25.34410755405328 
Car -1 -1 0 651.9835902793548 182.01294556756815 707.4157394347548 226.44227823369343 1.5252851 1.6121111 3.8972182 2.6053448 1.9001915 27.560024 1.5367038 10.281951376816957 
Car -1 -1 0 291.31761167243593 186.50832572140288 450.5271987239179 245.8910001744096 1.4669956 1.5520743 3.7113109 -6.2127123 1.8439779 19.068867 -0.041346338 29.284584313522153 
Car -1 -1 0 136.36437001155215 167.90168514670162 395.3443825121221 269.2103808521658 1.8521006 1.7334396 4.2228994 -6.5445566 1.7615635 14.07019 -0.005925392 91.52163860109646 
Car -1 -1 0 312.7197646523772 178.2822840891991 466.8731477483041 237.61769956179373 1.6851264 1.7192823 4.157818 -6.498196 1.8559359 21.690737 -0.07530053 16.716806442538083 
Car -1 -1 0 223.3417438621156 185.63551522519998 424.3708478588806 255.62857441837753 1.5006666 1.5750521 3.9901686 -6.4459095 1.8081563 16.559912 -0.005452764 4.797554518030429 
Car -1 -1 0 393.428078113581 182.79423223848667 492.4607809249394 220.3304767837251 1.5289142 1.6188569 3.9475515 -7.066433 1.9680748 30.894014 -0.090033665 4.527376193497838 
Car -1 -1 0 481.49764659586265 180.71672829283528 546.9672698342274 204.67463308621754 1.5321267 1.6407523 4.0150466 -6.330653 2.068664 48.071823 0.17891479 1.5698913730775785 
Car -1 -1 0 623.7905060958082 178.93548067031082 654.7957789924267 201.89030388238567 1.5140586 1.5676117 3.8755872 2.0491772 1.9582264 50.67966 1.4489387 0.2653660178184509 

