Car -1 -1 0 678.3258144652524 186.183092641113 776.6666197671624 252.53005645622565 1.436201 1.5461001 3.3708324 2.850614 1.8031809 18.097488 1.4468166 108.02201753376325 
Car -1 -1 0 646.6832118739225 183.60847016064176 701.5814328065268 225.8352823874717 1.4452934 1.5846679 4.0592346 2.4128373 1.8905096 27.808372 1.527467 50.91886348919632 
Car -1 -1 0 152.70543515013213 193.02788611513282 400.06241571641146 272.9305273984785 1.4158051 1.604015 4.064576 -6.3346577 1.8303456 14.011482 0.006374812 106.63646657292347 
Car -1 -1 0 0.0 194.2424158403834 253.62879238550065 323.3179100247092 1.459682 1.5598073 3.633522 -6.7421618 1.7557766 9.204218 -0.0025480697 52.858812212768704 
Car -1 -1 0 222.5897971848568 190.3766736702796 414.47573124496245 260.4701258622303 1.4739482 1.5488522 3.721579 -6.489926 1.8898137 16.343637 0.0033272493 32.655179387858134 
Car -1 -1 0 297.90397621786866 187.83898101385915 456.29917712443626 241.73588642695765 1.4597486 1.6205605 4.078239 -6.691799 1.9154153 21.00233 0.06365698 36.57090499383386 
Car -1 -1 0 412.3675174709522 185.4854299015798 516.8654656649903 221.1808267019523 1.476628 1.649531 4.187446 -6.301373 2.0475748 31.592466 0.09587284 15.680042290386032 
Car -1 -1 0 336.79274810288683 186.43224059911594 466.88759241361413 234.63583141228247 1.480798 1.582711 3.7747617 -6.672906 1.9370317 23.433071 -0.0103575075 14.490021329818951 
Car -1 -1 0 359.5061543472352 182.56260414284034 478.57256481092406 230.28652089889204 1.6063347 1.5438968 3.7988448 -6.7429066 1.9656857 25.701061 0.126662 11.058225268240443 
Car -1 -1 0 262.13341782329087 189.3601482491986 431.2889058846789 249.1436852289518 1.4357874 1.5551238 3.8143644 -6.7325406 1.8836815 18.697266 0.055229083 17.817811019574208 
Car -1 -1 0 639.5032074052124 181.33504270605505 677.002982683062 211.3128089902198 1.4785775 1.5728731 4.1357546 2.5706997 1.9601939 38.875042 1.5285747 5.449964620531262 
Car -1 -1 0 438.5859772007001 176.03620762903523 515.3812491880707 210.33289763993812 1.6780634 1.6461043 3.6834335 -6.649004 1.8432684 36.472572 -0.090573624 0.5761819811468862 
Car -1 -1 0 520.2424346940287 181.00743292316673 545.1427889946916 204.69400286779208 1.480402 1.5953571 3.6833892 -5.1297355 2.0480244 48.321384 1.4736785 0.26238980889320374 

