Car -1 -1 0 733.2922419361681 181.45008027048806 827.9883297456795 251.06441732649796 1.489713 1.6198646 3.8065064 4.1078224 1.7256546 17.862335 1.6219015 59.188184588910126 
Car -1 -1 0 865.1677601001298 195.31569679529719 1242.0 375.0 1.4467955 1.5954748 3.875442 3.914242 1.723558 6.939477 1.5877595 79.18364445891007 
Car -1 -1 0 768.9152861784574 179.36190493487604 931.8740198935147 284.89402824910945 1.5604523 1.5765808 3.473198 4.0320272 1.6905495 12.655572 1.5284214 97.33489514795235 
Car -1 -1 0 431.6894890575737 184.8984005091224 512.5757160425669 238.69780445869506 1.4852414 1.651876 3.9052825 -4.2348824 1.8989804 22.79765 1.6160506 72.32773005589081 
Car -1 -1 0 554.1800263802346 178.2974764359512 584.3012669141481 202.11564880479438 1.5571709 1.6023613 3.698061 -2.7539415 1.9483812 49.949387 1.6489404 17.914794947445785 
Car -1 -1 0 480.85786622601915 182.28469421740584 537.3096323085971 223.1323353403259 1.4618244 1.5183032 3.7958107 -3.917522 1.8616455 28.653175 1.6260695 21.206788664125533 
Car -1 -1 0 711.9344676765945 178.9771149038126 777.3500836377725 229.6846443264259 1.4819964 1.576197 3.6169562 4.2919683 1.6959249 23.370464 1.6107688 25.11432386195893 
Car -1 -1 0 692.5585083546675 178.974073174742 748.4897505331511 220.5508689181664 1.5047884 1.5769529 3.8665404 4.328516 1.7641151 28.630306 1.5575697 17.508707906277266 
Car -1 -1 0 503.71323000064507 182.41943608378813 551.7078582647409 215.7467414462719 1.4196603 1.5422816 3.6347318 -3.7635045 1.8911474 33.68891 1.6556824 6.201998454341771 
Car -1 -1 0 685.5628857172442 178.5085078164667 722.0674971639688 208.25766961740317 1.5187969 1.5785716 3.5054715 5.0855513 1.8403885 39.272045 1.5857661 7.912381513153153 

