Car -1 -1 0 675.953394864861 181.68881649255493 750.8030994540003 238.5255369468918 1.442185 1.6021143 3.577789 2.8804688 1.7171568 20.661709 1.5628703 81.60414706218835 
Car -1 -1 0 755.810374842129 184.49385005014966 1017.6421768878096 360.036726096356 1.5716054 1.6466625 3.7953558 2.9662504 1.741296 8.615549 1.5638719 130.31711952922058 
Car -1 -1 0 274.7712943684771 176.38836063460244 452.72881425084137 237.09804893602967 1.5261037 1.6625345 4.1641893 -6.4558907 1.6248593 19.20502 0.060630396 92.63349517198644 
Car -1 -1 0 652.5811933394791 175.38187813129537 695.391818739232 215.1599976299668 1.6213207 1.6394653 3.763495 2.7611442 1.7385452 31.55547 1.5991256 31.183332687164853 
Car -1 -1 0 60.27812616228751 171.75866621697048 363.4812272178549 283.0054252199699 1.642557 1.6558096 3.9547033 -6.199065 1.6263844 11.540276 0.029967263 88.84577258040463 
Car -1 -1 0 0.0 176.77709962993043 291.9183918676493 317.2926314475674 1.5514467 1.6474241 4.0879803 -6.3392906 1.6051767 8.950325 0.05344519 27.609090154861622 
Car -1 -1 0 347.27786590004337 169.095859187876 484.83306829842826 223.9617607943471 1.7697513 1.7128235 4.1393414 -6.3958178 1.6485288 24.147133 0.008151678 34.84623206434279 
Car -1 -1 0 139.62416509557474 174.7188291749854 369.5255378675121 257.7325271682531 1.5433276 1.5749702 3.7848916 -6.909685 1.5823994 14.2846775 0.024160227 3.682556772513096 
Car -1 -1 0 418.7606786565223 175.38602872673556 514.0835155455582 211.99458889123545 1.5572536 1.6562165 3.9140847 -6.236406 1.6718951 31.744686 -0.049594704 3.614428205223325 
Car -1 -1 0 397.4995857162245 178.3901290058034 507.2207180871876 217.66129085996417 1.5197937 1.595801 4.043376 -6.281246 1.7497517 29.073753 0.04965792 1.5277902977033413 
Car -1 -1 0 637.4458643563893 175.19778040708465 667.6548222401882 201.86663506842189 1.6560842 1.6261387 3.7510977 2.7641857 1.8150666 47.041725 1.5377073 1.1899807063175736 

