Car -1 -1 0 0.0 192.08405158480215 199.6875573732949 301.6857341652356 1.4205434 1.5924709 3.8170953 -8.382044 1.5483588 11.466965 1.5731986 86.9283069273279 
Car -1 -1 0 380.07262571870217 183.71137973019947 495.90083359779527 258.98614145224366 1.4681191 1.6214216 3.695441 -3.5914145 1.4387797 15.8843155 1.5915258 98.09823353896657 
Car -1 -1 0 208.83461432451514 173.90305246738566 349.1089742043623 250.5220857576017 1.6583179 1.6318598 3.8467908 -7.797994 1.4134706 17.488462 1.5786849 116.93222290701537 
Car -1 -1 0 489.7192781212888 179.23436414732345 546.1786606918238 220.4174164721034 1.4982452 1.6644862 4.2480783 -3.4279723 1.2806435 28.282137 1.5780913 65.7839681590342 
Car -1 -1 0 577.9670008016282 177.87094553835254 618.3256050133992 214.81235534341917 1.5274112 1.6699523 3.3705819 -0.41785887 1.2237288 31.429026 1.5445943 23.0275613667676 
Car -1 -1 0 338.10534465584965 182.68277395268782 414.56467740249735 229.30778460460098 1.4600008 1.5949169 3.6984935 -7.7359753 1.3806856 24.401947 1.5134425 18.35410526140545 
Car -1 -1 0 68.77507823851822 187.62260496678093 220.64623213396644 245.51806317222383 1.3757806 1.586571 3.9654303 -12.17305 1.4469328 19.249638 1.5470995 40.24483958879777 
Car -1 -1 0 456.49414401902806 179.04168766491847 495.6279847950046 205.5340977920613 1.5058472 1.5820973 3.7387033 -7.7467294 1.1549121 42.743813 1.589119 12.185692115612781 
Car -1 -1 0 410.1517356364153 183.34205469652358 461.4819414039003 217.71717017404205 1.4430988 1.5089325 3.6418524 -7.56767 1.3644415 32.019146 1.5433956 0.2573856711387634 

