Car -1 -1 0 750.2657650071617 181.96457851189965 877.6155831025627 267.78786412699475 1.4636519 1.6311787 3.899863 3.991038 1.6743653 14.706965 1.610919 97.06515597789762 
Car -1 -1 0 394.8083261995714 184.42589651723242 490.6277093355267 248.83340024228772 1.5188992 1.6636679 3.8235583 -4.4139752 1.8646717 19.63383 1.5882294 89.80817393679332 
Car -1 -1 0 804.9073828235928 180.30319728806563 1052.1573517943045 329.12282829883407 1.563608 1.5914037 3.5365813 3.9309578 1.6809394 9.563117 1.526571 106.8942509445766 
Car -1 -1 0 695.0309359672164 178.61110895608695 762.407307271247 225.48703603536057 1.4846764 1.5759261 4.057249 4.1032143 1.7038225 25.4115 1.5370239 35.25443163005962 
Car -1 -1 0 720.0589326543551 179.29465244046114 801.8477361379313 237.61803759054115 1.4509869 1.6234982 3.78376 4.149063 1.6492441 20.292387 1.604444 43.21783480336864 
Car -1 -1 0 545.4969165844789 178.18449967769743 577.0331602533037 202.5509337442885 1.4895892 1.5744028 3.800914 -3.099081 1.8504789 46.90535 1.631628 10.456164676216092 
Car -1 -1 0 486.3452998108777 181.76660542693907 541.3838664239944 218.74941085825978 1.4141122 1.5616294 4.0293427 -3.9893491 1.8180809 30.643394 1.6351426 19.47150515859849 
Car -1 -1 0 459.0147167574083 182.4523726250901 525.6306049639236 229.69073288570394 1.4843735 1.5333028 3.8824515 -4.0483866 1.8493168 25.4554 1.622829 19.21078211629428 
Car -1 -1 0 683.7376462721688 178.20006203155026 725.402608747612 209.73079298747695 1.475264 1.5567389 3.5353634 4.7091227 1.7562907 36.146515 1.5511608 5.629973459331036 
Car -1 -1 0 953.8006909420649 172.21415297430315 1055.2269170137702 205.5044237272632 1.5654022 1.670291 3.9679446 18.99826 1.5353146 34.822456 0.029715925 0.552628219127655 

