Car -1 -1 0 686.4385042872543 186.14525989993177 777.7267358100307 249.71419942359265 1.3716786 1.529591 3.415855 2.896037 1.3962634 17.286942 1.5476804 79.81464435047484 
Car -1 -1 0 443.32704071969295 180.3661005812591 508.31052294905396 228.24111380402556 1.496013 1.5652279 3.5358822 -4.349079 1.3444713 24.235874 1.5644896 77.86633501683924 
Car -1 -1 0 149.2668417407754 186.2495224452286 313.32306740287237 257.68313316711 1.3687657 1.5787262 3.8120272 -8.014242 1.3941524 15.740945 1.5776204 76.5306283945372 
Car -1 -1 0 292.41372100173555 184.1544599528069 464.34918921661745 289.2603863319523 1.491904 1.641109 4.0711946 -3.6527236 1.4768405 12.241342 1.5682371 95.16686616293927 
Car -1 -1 0 630.8829292100612 178.53433365684035 664.6072180039248 203.59449897022088 1.4503189 1.6097189 3.9064662 2.4148421 1.0636451 43.598778 1.5135556 18.289157029641032 
Car -1 -1 0 501.1496217821838 178.96704824337806 538.8855374507472 208.50421626152334 1.4442894 1.5742755 3.634193 -4.436852 1.138747 36.98356 1.5495627 21.173464022400882 
Car -1 -1 0 584.8045430013051 177.25972627582746 614.1526710743058 203.10291214237236 1.4975488 1.6118975 3.8554177 -0.5065364 1.0365199 43.62503 1.5157961 14.404682398407678 
Car -1 -1 0 395.5868777776662 172.8353624363333 451.2606244921205 208.65464732900196 1.6148415 1.6621803 4.0072308 -8.720534 1.0566986 34.416664 1.5649189 24.043355929002605 
Car -1 -1 0 299.29631878147563 182.87772619643314 393.30023100514444 231.45062952151807 1.4731815 1.5383558 3.9752731 -8.516807 1.4022725 23.819077 1.6106238 2.5727541661153444 
Car -1 -1 0 573.9351831620525 177.7420718308235 599.3214950702934 198.9984037164682 1.4707836 1.5590096 3.8337584 -1.4453877 0.953663 51.687344 1.6125335 0.2635197341442108 

