Car -1 -1 0 0.0 185.78568899212988 243.48367155661415 303.8991944069427 1.5383523 1.6117266 3.9233625 -7.5384827 1.5489025 11.34363 1.5712626 122.737530840746 
Car -1 -1 0 562.9593557833609 179.6979670892347 618.2320168163888 231.8590570850218 1.574588 1.6687934 3.3073246 -0.5148962 1.4080241 23.360783 1.5623381 36.14094258070996 
Car -1 -1 0 279.32972392392367 180.69126428298662 478.6869091686382 308.9532195372106 1.569175 1.6651726 4.0843344 -3.1616867 1.5138224 10.847561 1.5839901 117.1882889103935 
Car -1 -1 0 273.20813025493754 184.28387282554965 341.79029219858586 221.08293957099684 1.4469423 1.5952337 3.4320643 -12.433207 1.4103029 30.023949 1.5141022 33.11441221211079 
Car -1 -1 0 476.3748638189984 183.32144009724053 539.9505141961015 230.1147798967069 1.4458587 1.6865469 4.017658 -3.2497492 1.3873284 24.241245 1.5455873 39.2553232793459 
Car -1 -1 0 420.56856017061324 181.85795852283206 467.63079310805125 212.88252710463416 1.4799528 1.6055312 3.7851834 -8.15151 1.3197799 36.205048 1.5435736 31.618690958031323 
Car -1 -1 0 82.43990079882923 190.72576140971913 230.6730793909177 248.37271090422198 1.3852861 1.6018609 3.9712799 -12.113619 1.5512178 19.65194 1.5577663 17.225404309282244 
Car -1 -1 0 464.89209514013686 179.41931658789002 495.0913491673613 203.39617728882394 1.5882171 1.5790033 3.5903368 -8.710492 1.2042673 49.442665 1.5299006 6.4579029675196695 
Car -1 -1 0 509.71412743336606 182.61259847739703 548.3486462349081 211.92818886566425 1.4466579 1.6050977 3.461439 -3.9993677 1.3182008 37.209087 1.5763797 5.034770631327062 
Car -1 -1 0 314.31711958726424 182.10928368664756 406.61545706275774 236.53872603764862 1.6032528 1.584352 3.5983827 -7.7835193 1.5117514 23.00738 1.6158338 5.107424441722226 

