Car -1 -1 0 677.0242074935453 171.45294409872204 787.8019585225305 260.54221189119545 1.8073697 1.6944878 4.325886 2.7024775 1.7789462 16.831827 1.5324101 130.0945097584857 
Car -1 -1 0 36.36945720137686 182.48542301741054 338.1173077881014 284.8880527086971 1.4931183 1.6029973 3.8978384 -6.586976 1.6582348 11.524653 0.02245302 72.6106180145708 
Car -1 -1 0 145.8634455271475 185.48010822670736 404.83165308685545 269.24059658823904 1.4906888 1.6396786 4.245793 -6.3117204 1.7492694 13.935891 0.010027051 49.97187583657478 
Car -1 -1 0 636.6410906790203 178.90448039754875 671.7186733849296 206.821314150788 1.4387758 1.5347335 3.302546 2.410839 1.7851686 39.614586 1.5115435 17.29164834173374 
Car -1 -1 0 222.22260952141224 184.6681734309362 423.60894201854484 252.78671908945395 1.4207369 1.5735204 3.947545 -6.3999434 1.7036141 16.327314 0.083747074 39.741016898044016 
Car -1 -1 0 650.1821470937916 178.58068979874076 704.4200148660447 221.27760188790884 1.509073 1.5981157 3.768759 2.5528371 1.7459645 27.93156 1.5295196 26.14159538061807 
Car -1 -1 0 405.2356031601463 174.29361060706242 503.9059647576007 213.23242869571808 1.586345 1.6415323 3.7485185 -6.5194807 1.6493745 30.532005 0.13107626 15.217476608416327 
Car -1 -1 0 308.94795101832653 177.1446315092748 453.0986534340084 236.94155841047294 1.6574297 1.6287992 3.7275836 -6.5779595 1.7881877 21.060797 -0.061970323 29.697083319570595 
Car -1 -1 0 269.7200788695156 180.47535326437034 433.1900920249087 241.03554762318822 1.5031896 1.5821903 3.7186532 -6.680775 1.711587 18.921343 0.009277054 14.960228958064164 
Car -1 -1 0 463.3960731931457 173.4914294303288 529.7184844056611 201.6873596986127 1.634155 1.669414 3.7675552 -6.66381 1.6728561 42.835068 -0.074625276 3.2797966186456033 
Car -1 -1 0 331.6741055196672 172.96033517064245 476.28144770193444 227.29764163896277 1.697254 1.6512675 4.224901 -6.580237 1.7008276 23.395449 -0.013701731 10.020576743966977 
Car -1 -1 0 664.1165595087917 182.2377875376832 734.1153399074805 234.2498798406071 1.4362108 1.5854075 3.5462115 2.6938028 1.7507861 22.38197 1.5266666 3.8369263052975926 
Car -1 -1 0 673.4763761197299 170.59205217381478 718.9457893517945 185.06885599658506 1.4060652 1.6231091 4.3914843 8.503984 1.1863723 71.07189 0.083688855 2.6248261200892538 
Car -1 -1 0 438.3433534460328 176.6732211680129 523.4373411695357 206.89547186973505 1.5477896 1.672668 4.1523786 -6.763878 1.754902 38.16246 0.06321742 1.2913110380152846 

