Car -1 -1 0 364.2499132824134 194.1073672615201 491.29117029179025 269.0116691697356 1.3999845 1.5911739 3.8337822 -4.296829 1.9505548 16.663935 0.9622035 128.29029272362607 
Car -1 -1 0 859.1593615933788 170.72604534243175 989.7586755126595 239.60906653186115 1.4103596 1.7686818 4.3917656 7.244821 1.3667903 17.07821 1.7236664 70.39409487390654 
Car -1 -1 0 770.8755717461203 170.1016740309294 848.4893408174295 231.35045648053904 1.4173357 1.574216 3.4221873 5.0374727 1.3536451 18.515024 1.7379128 73.97505265379174 
Car -1 -1 0 255.2207700797218 186.3477132149004 313.4017454494486 228.21126623010028 1.4939319 1.6115234 3.933478 -13.208001 2.0789785 29.190765 1.0069733 34.69405459767764 
Car -1 -1 0 29.53690798178279 191.14447434516092 77.82879481565882 224.83184787331714 1.5533674 1.672934 3.7317438 -28.814081 2.5549483 37.489037 1.0004653 24.818006692573263 
Car -1 -1 0 232.90765508786552 184.3228998518692 283.9759271287147 220.3227068853226 1.5242585 1.5914128 4.161782 -16.639359 2.1007624 34.10076 0.9744048 15.303831010618135 
Car -1 -1 0 436.0347243205839 176.67385854476038 524.0887203358855 212.26739356146874 1.5641719 1.627992 3.6488945 -5.8659077 1.7435498 32.900986 0.09417981 43.94396613433304 
Car -1 -1 0 501.5895330371521 156.6786423156724 787.5546384433628 331.8913701130492 1.9555372 1.7877192 4.5507526 0.22860998 1.7750051 10.443716 0.9859641 46.37070506616702 
Car -1 -1 0 371.77566874030595 181.14868848851467 456.32674300573103 213.32130037805416 1.6377515 1.6331336 4.013864 -10.24545 2.0840664 37.991615 -0.007907851 4.75726654167535 
Car -1 -1 0 955.5148610543345 166.15671896366442 1140.1512898986064 228.2441084990447 1.4716388 1.6192834 3.8847475 11.493427 1.312895 19.181597 1.0210848 10.309241893374269 
Car -1 -1 0 210.69664014774844 182.9708189954395 239.06883071754606 203.99886058841145 1.5815915 1.6318388 3.5569472 -30.93869 2.423674 58.103752 1.1920869 0.5354092342479867 

