Car -1 -1 0 692.9265527661009 181.85497725058798 801.7045789072101 259.8035735085554 1.4281875 1.5438143 3.502627 2.8117306 1.6425627 15.407673 1.5359867 45.03947209657712 
Car -1 -1 0 648.4990471654036 175.55346074928613 689.7708250135586 210.03059048667265 1.4650929 1.6020879 3.7946825 2.6590834 1.5951756 32.8648 1.580478 27.240316741446648 
Car -1 -1 0 726.7947175332129 163.92087670331657 954.8887265308443 328.6775775502748 1.7601889 1.6877102 4.1737676 2.818503 1.6647513 9.81294 1.5495448 101.899920568089 
Car -1 -1 0 669.9198571547715 176.68630775922205 750.9444687560166 235.01094922097386 1.5036261 1.6427542 3.9589436 2.8094025 1.6251884 20.876589 1.5305974 51.33395706335818 
Car -1 -1 0 0.0 188.99736577213687 302.08596558183 315.13508564285144 1.4390081 1.5599225 3.8370748 -6.24049 1.6694263 9.382352 0.07220405 48.942163607645895 
Car -1 -1 0 164.3596083744081 176.85949582220672 389.61912237460643 264.9581646039806 1.6186113 1.6097246 3.6939762 -6.4132357 1.7023473 14.2100115 -0.037718464 48.129290465934666 
Car -1 -1 0 57.568145775949816 182.94845114191304 344.37249046947244 278.80690698658697 1.4743606 1.6055559 3.8953075 -6.6828847 1.6547177 12.080145 0.0045038215 32.196151835607544 
Car -1 -1 0 343.34319066598897 171.69837385893328 477.0740997234706 224.41418089594418 1.6547184 1.6771646 3.884162 -6.434051 1.6184438 23.5482 0.031615544 29.918497451470017 
Car -1 -1 0 393.80470300999264 174.663802647752 507.4725660982555 210.63536933118792 1.504553 1.6924665 4.520466 -6.852471 1.5857973 31.337961 0.09317599 14.728759296537712 
Car -1 -1 0 226.4278044545155 168.9868162233651 438.74714804606555 248.2344630050344 1.7330316 1.6707335 4.247736 -6.254998 1.6484618 16.614853 0.00023442386 20.79980352046373 
Car -1 -1 0 440.94555248945034 170.40061920722997 520.9920726924042 204.05867215335053 1.641261 1.6215016 3.706315 -6.370352 1.5216271 35.99821 -0.0017592702 2.7653638896222628 
Car -1 -1 0 302.94422724314614 177.40856187435324 460.70854264813795 230.98366857171732 1.47164 1.6006181 4.0606446 -6.536229 1.6097753 20.932482 0.07544028 1.5776697124268892 
Car -1 -1 0 637.5832735621608 174.07392494077843 665.6967548174986 200.57366370012082 1.5284033 1.5709128 3.6315424 2.5081153 1.6052494 43.61798 1.5941664 0.5502137951495756 

