Car -1 -1 0 681.8677980890732 181.17313080479047 762.225302989052 244.2438640368598 1.4657167 1.5944905 3.933835 2.8939626 1.7107248 19.270222 1.5874435 118.6131248670909 
Car -1 -1 0 140.6402972083256 197.76431297523277 337.314203005286 303.65266231456275 1.4515793 1.5850235 3.655541 -6.216633 1.949668 12.59125 1.5601532 109.12343967417823 
Car -1 -1 0 806.5909561549789 162.68765454377512 983.2992612234336 216.41098307110744 1.5249159 1.7055728 4.5781384 8.377144 1.236348 21.41746 -0.037004866 93.81779958275526 
Car -1 -1 0 342.63642628386356 191.3005121327608 437.8479153929682 250.47771296150296 1.4315797 1.6038848 4.1938653 -6.212555 2.0201259 20.899397 1.5385913 63.333386062880045 
Car -1 -1 0 945.8737603559096 162.47638001127683 1242.0 258.8372042847446 1.49691 1.6521692 4.2204294 8.1176815 1.3356996 12.05896 0.011495043 122.15848664460314 
Car -1 -1 0 457.87727570329275 184.66216137916442 505.1184836758304 218.33046060113625 1.4734366 1.5309399 3.7895434 -6.120056 2.074692 34.828583 1.5927831 11.459834955926446 
Car -1 -1 0 1126.4000393009305 144.27471647911594 1242.0 185.24598095462343 1.5234373 1.609482 3.7813492 22.309666 0.4607717 27.762623 -0.06925047 16.12574338232039 
Car -1 -1 0 478.91309025303417 183.6913426468506 520.8209198838867 212.34312097019378 1.4657121 1.6088367 4.0728116 -6.1037316 2.1054804 40.532997 1.6040905 7.443755773226516 
Car -1 -1 0 882.0974194906753 147.28027936618764 1122.8260059857669 238.37003592367506 1.8191061 1.7042682 4.198512 8.206824 1.3083866 15.315589 -0.025862379 34.93370932760889 

