Car -1 -1 0 700.2189835801431 187.08592759862282 802.3016691471581 264.88492452906536 1.4113592 1.5502224 3.4866223 2.9169943 1.7513857 15.485001 1.584602 69.44553104629831 
Car -1 -1 0 763.9993990391688 178.73752840971156 917.0088613596176 236.99821822874154 1.5678654 1.6440971 3.880207 6.484077 1.7435338 20.577953 0.075208515 84.96128656951193 
Car -1 -1 0 31.410402420476 192.49885436705185 361.5014829950759 297.6584330507275 1.4297707 1.5825267 4.0843344 -6.063155 1.7483344 10.904143 0.002524037 107.95803768730998 
Car -1 -1 0 263.02865648534936 181.2194861840316 458.7113767395029 247.58662902555412 1.5431406 1.6454623 4.30457 -6.0986843 1.7624654 17.966806 0.060013957 65.88883217188135 
Car -1 -1 0 334.6308203025706 182.87288783688984 479.33603818090086 232.13176362190646 1.4723094 1.6133801 4.112001 -6.3454123 1.8022768 22.850554 0.052252475 23.030367967756334 
Car -1 -1 0 629.1355688893283 179.7947811715725 667.6261694510382 203.88096436601006 1.5363975 1.6496143 4.0570383 2.6105118 2.0325124 49.420372 1.3658698 8.469880899353818 
Car -1 -1 0 156.78950771640618 183.80589974974393 416.6948528474033 275.0801804879041 1.5254297 1.5839133 4.006094 -5.7142267 1.7364253 13.078512 0.015240892 78.1277072856529 
Car -1 -1 0 291.4922555705594 180.73958902861023 443.6522413743901 239.96027921947413 1.5819851 1.6109247 3.7875705 -6.7516675 1.8149309 20.414587 -0.05056483 12.05265834645159 
Car -1 -1 0 223.4069656790204 180.76367125274655 425.8227514543153 261.61231523262126 1.6177642 1.5734655 3.7678037 -6.076504 1.7993963 15.598306 0.09983334 23.94458934983458 
Car -1 -1 0 690.0839505303115 183.327357068401 775.508129622617 215.93439932794817 1.4588063 1.5632625 3.6684275 5.7458906 1.9640123 33.849766 -0.09679939 12.720633426815292 
Car -1 -1 0 397.4777333835538 177.22858082322063 502.142122646401 218.00517122768767 1.6272755 1.6358459 3.9976745 -6.5486865 1.8137181 29.867867 -0.033171482 9.164266549708444 
Car -1 -1 0 691.6015514623999 176.88528471050165 772.4638720309742 212.9622061808521 1.7405915 1.6540005 3.688953 6.068311 1.9469506 35.980164 -0.070543975 4.80912165099734 
Car -1 -1 0 374.27537361841786 182.46466987586786 491.65605694300893 226.84111722407906 1.482187 1.6005632 3.7100031 -6.1344557 1.8306617 25.31457 0.025750466 10.996781605856649 
Car -1 -1 0 707.0463855993755 183.20829273761976 802.7001061398211 219.79894024337153 1.4969277 1.566181 3.740304 6.1887655 1.9540515 30.944077 -0.06921396 3.339576049499429 
Car -1 -1 0 486.0780963740821 181.45496086320338 551.2229682091261 207.05090074432977 1.5889034 1.6348882 3.9199085 -5.8067985 2.1523535 46.340828 0.056713536 1.8652170074486798 
Car -1 -1 0 405.7461828348332 168.5820126660681 506.1634716640391 209.22502987000067 1.7719877 1.6065274 4.1421547 -6.820299 1.5857339 32.29051 0.014065291 0.9820792697257728 
Car -1 -1 0 668.3493416986835 178.89414929919545 699.1530173969549 198.79010679765983 1.5374013 1.6158812 3.8568358 6.029171 2.0483115 59.00773 1.4274243 1.1487913493455058 

