Car -1 -1 0 144.60738805516027 192.18884456093414 427.2482735960654 350.9138549991764 1.4281154 1.7588181 4.47642 -3.7317367 1.7382691 9.309084 1.5387536 116.22867331750543 
Car -1 -1 0 643.5790708622332 177.40042002516873 689.6740124348814 214.57760461735626 1.4616702 1.5936434 3.7872787 2.3715842 1.6674147 30.743843 1.5513415 60.687025994768526 
Car -1 -1 0 0.0 207.05696098365345 226.4351398814241 362.08088188428803 1.3756937 1.5905607 3.9422588 -6.7297773 1.9092003 9.267336 1.5497924 105.75836540056582 
Car -1 -1 0 383.6136385960248 187.58131549808172 485.18844451146833 259.64352056839834 1.4380103 1.5456982 3.4571872 -3.9657602 1.817059 16.838596 1.5661023 84.87704255672375 
Car -1 -1 0 773.1048218643498 162.87872311933234 927.4509252668691 215.70575986507987 1.6662444 1.7433294 4.514643 7.878113 1.351609 23.827908 -0.08930806 48.09990481749401 
Car -1 -1 0 444.9262059261397 179.43760355861917 494.8048892540519 217.33663555737914 1.702986 1.641044 4.004842 -6.731037 2.0417638 35.123764 1.5739572 18.206866207325707 
Car -1 -1 0 758.9911753940012 159.8165619534154 872.8233445605159 206.4755559069415 1.680302 1.637496 3.7697275 7.604851 1.2107925 26.823345 0.010794088 20.866528797331696 
Car -1 -1 0 727.434949359305 165.8506393524744 827.1627007934601 200.1993476536026 1.5320446 1.6660691 4.188516 7.6219726 1.2196758 33.04157 0.012452687 14.359486565962216 
Car -1 -1 0 930.9436897916833 153.12089449667556 1004.8473259440178 179.7585101916362 1.5511723 1.6460252 3.6083326 21.307732 0.40206596 42.975193 -0.07640278 1.9344322638092906 
Car -1 -1 0 961.9337554578094 151.91816444720135 1044.542268246275 180.40567546681467 1.5264808 1.6376559 3.7289653 21.62334 0.40465036 39.69393 -0.11701445 1.9433765220817434 
Car -1 -1 0 354.659482948006 188.07668371799772 447.8649084215599 237.27470086493872 1.3962716 1.5922031 4.1596336 -6.7817097 1.9464877 23.94053 1.6544869 3.6375249952000113 
Car -1 -1 0 902.601333815539 155.27821703126213 967.9790812272327 179.92598353632374 1.5185819 1.610122 3.3759434 20.410744 0.43571413 45.290268 -0.0180307 0.28916284441947937 

