Car -1 -1 0 691.8311520647376 173.8151947494636 810.7575135565787 270.6872226539067 1.6677356 1.6782657 4.1009274 2.6841233 1.6898516 14.532421 1.5940987 115.80362795040793 
Car -1 -1 0 666.7029832004633 180.69186391595102 746.3958085681894 240.39493850899447 1.4917135 1.6056966 4.0957355 2.663511 1.7384882 20.6449 1.5385554 48.10788508855898 
Car -1 -1 0 648.5433910460648 175.81023109718527 698.9183780961073 218.24772324854476 1.6213584 1.6378388 3.7441425 2.5792828 1.7509154 29.726227 1.5415065 51.24740985159876 
Car -1 -1 0 98.48579684559837 190.47949808490864 370.98865813966677 286.3744554695151 1.4510243 1.5497477 3.727756 -6.090503 1.7641726 12.016254 -0.015217613 70.79031052054309 
Car -1 -1 0 176.2132914636925 182.0117502501908 409.8347952729318 265.13873029215017 1.5562731 1.6593617 4.024697 -6.2817802 1.7545629 14.670729 -0.061859142 52.919873768194876 
Car -1 -1 0 634.3633499837343 177.22899080592634 666.8719836597973 202.95775387787194 1.4637959 1.547789 3.450596 2.4333634 1.7378384 43.424583 1.5065329 20.20537584571063 
Car -1 -1 0 234.25031403492525 183.21117542317222 422.60565416516687 248.38903292260665 1.4595848 1.5766486 3.8973503 -6.6186175 1.7195852 17.269577 -0.028473008 4.966966346319486 
Car -1 -1 0 444.1417137182144 180.05108188228098 525.6696780262778 208.833469874591 1.4923561 1.6204169 4.078289 -6.63485 1.8863112 38.662025 0.01152357 2.2497980977531613 
Car -1 -1 0 0.0 186.24594509387114 305.23917508386165 309.98714198999124 1.4797354 1.581038 4.015113 -6.4112577 1.6743953 9.64898 -0.024270661 8.231456126702627 
Car -1 -1 0 404.5314429704423 169.8817724743464 499.55873114849965 209.6870351422498 1.7812271 1.6970456 3.9914482 -7.180103 1.6482241 33.14406 0.003902065 3.1253123813856423 
Car -1 -1 0 390.0269251161769 181.49024945872787 497.93578487438054 222.41334547421027 1.5122628 1.5945443 3.7779565 -6.381785 1.8590045 28.017405 0.08349709 2.1330586702660996 

