Car -1 -1 0 337.12312112180336 186.6613592871906 403.98047777601937 226.89956112858843 1.3630236 1.5777485 3.3317993 -8.544268 1.4191796 26.198965 1.4892728 32.26773404566178 
Car -1 -1 0 462.91717727530175 182.30406270917342 520.0543957685225 221.41196919792625 1.4534276 1.5501375 3.5455322 -4.5218735 1.345218 28.521809 1.6158164 39.53809024004643 
Car -1 -1 0 495.98079336847167 181.72912869706826 544.284220358468 210.24886444823952 1.4526024 1.6055827 4.060339 -4.627143 1.2750201 38.73402 1.7069721 9.670383234192501 
Car -1 -1 0 378.9868761713278 188.78117837337695 480.8559456317681 255.02368735276943 1.4088705 1.5666549 3.8294573 -4.159525 1.5048175 17.420221 1.5585399 81.0841663393997 
Car -1 -1 0 579.0745897868733 177.97598233204567 608.6791452991649 205.60692129059987 1.4775755 1.5836014 3.3431172 -0.7501326 1.0904288 40.130283 1.5480045 18.775842009986437 
Car -1 -1 0 391.3214961615451 178.3840900662216 429.7756050958661 202.2012710593432 1.484549 1.601491 3.833395 -12.738173 1.058728 46.756485 1.5276387 3.349563679091723 
Car -1 -1 0 411.94326742803355 181.17754670919805 459.2327703068189 214.85107995105955 1.6543124 1.6080496 3.7305133 -8.817019 1.4559262 37.19336 1.5553904 4.726440611735758 
Car -1 -1 0 515.5589901096195 180.52218772664898 544.9207148485149 203.2665308066192 1.4518921 1.5565227 3.51645 -5.1457295 1.1522804 47.77362 1.3520203 2.9586756481493306 
Car -1 -1 0 226.17325951097052 185.7789454659977 346.8096977224467 251.91738175024375 1.5401514 1.63848 3.9535875 -8.219461 1.5564785 18.806152 1.4971659 5.5925631477614965 
Car -1 -1 0 309.83920926683896 172.72796940735222 373.89439500611064 211.49916483825882 1.716899 1.6741049 3.961111 -12.401396 1.1639068 33.841995 1.5353158 0.5889303882228685 

