Car -1 -1 0 729.6187165076857 173.67768050588424 935.1002872710432 318.19578037381746 1.6896788 1.6237206 3.9363375 2.9543028 1.7039013 10.458872 1.529526 137.84091950611696 
Car -1 -1 0 699.0266025630873 176.8568076342017 769.329916154797 208.04379934193898 1.4398125 1.4512117 3.6297266 6.1142297 1.648841 35.7436 1.0506562 46.17411525591876 
Car -1 -1 0 619.5289510194705 175.86528036654332 654.0260404668948 200.47267751443061 1.5592264 1.5893947 3.3851712 1.7732652 1.7669799 47.971283 1.3878003 29.1499079609179 
Car -1 -1 0 261.2692135106824 185.35283806241088 458.524118537858 249.14434865989816 1.4230155 1.5891292 4.1656256 -5.8675594 1.7363713 17.255878 0.018835071 30.084118387853273 
Car -1 -1 0 287.858992203859 181.00208331126203 444.30495215557255 238.75637481016324 1.4917562 1.5987513 3.7341566 -6.58843 1.7247335 19.757126 0.040182773 13.965795143069965 
Car -1 -1 0 188.33869205290054 174.21077923374253 389.45541873363567 261.4454375631828 1.677938 1.5750923 3.4044456 -6.4399767 1.7071769 14.726781 0.0206853 25.085543022759957 
Car -1 -1 0 85.05697571468751 174.46844625046722 354.1298047007004 274.8616607888872 1.5764301 1.5844978 3.6876373 -6.4343805 1.6054851 12.170824 0.012174311 16.38097285247568 
Car -1 -1 0 359.24803535730643 175.60723073258563 473.9634995822245 219.69271165022718 1.5856717 1.6186734 3.8359857 -7.125565 1.6913956 26.88128 0.008591495 12.355543439392049 
Car -1 -1 0 378.23349934838365 178.24237945114749 485.0350137769834 217.4353172213457 1.5067803 1.5828019 3.8790913 -7.0370016 1.7278347 28.782589 -0.013755298 1.764807110559113 
Car -1 -1 0 605.5428096553192 174.21661991189 630.8552779921135 193.89781173328763 1.5016956 1.5647259 3.8323016 0.6543923 1.6136975 57.318596 1.4632068 0.6650320766342448 

