Car -1 -1 0 691.5470703459824 173.12275427216088 810.2686269552389 265.1152868815267 1.634711 1.5831001 3.433669 2.718961 1.6407957 14.584034 1.5239165 132.25455008971207 
Car -1 -1 0 655.6331219639294 178.51861343631018 704.5678903357901 217.61552307100283 1.4135027 1.5209788 3.4019845 2.7095785 1.6491492 28.299715 1.5504775 63.6786803836972 
Car -1 -1 0 346.0255484420904 177.48759510795935 482.777100106403 224.0895000661518 1.4602543 1.6009194 4.0410056 -6.357607 1.6187148 23.735641 0.06991513 36.17597220027466 
Car -1 -1 0 150.0585702730757 177.9362139776804 402.88730231751464 270.335005421461 1.5661508 1.5898674 3.943484 -6.0104156 1.6661798 13.267108 0.071797326 60.82704492992042 
Car -1 -1 0 214.46953319204843 177.16304165324055 428.49884462539825 250.59796539752745 1.52354 1.6137757 4.067297 -6.2234144 1.6232798 15.883379 0.005372678 40.4201109925199 
Car -1 -1 0 697.5650568240186 172.62769443850132 788.4751938672406 207.66013072426327 1.5816457 1.6127882 3.940488 6.1304364 1.5714283 33.436417 0.027572373 11.224252544308502 
Car -1 -1 0 383.971291420819 176.35774671110377 501.98976844057535 219.70444094598435 1.4866017 1.5636389 3.8237762 -5.8948445 1.6160511 25.773275 0.0544303 9.455551735990335 
Car -1 -1 0 627.9346607688616 173.46013324516684 648.8217602659462 191.90952517636995 1.5358746 1.6472787 3.7649007 2.4519992 1.5896006 62.07288 1.571003 1.6800788646164324 
Car -1 -1 0 246.48587473974405 164.0300135569843 424.45088074562744 237.84757964159076 1.7690278 1.6730049 3.8728366 -6.806512 1.5575621 18.2191 -0.047523446 2.4167048437245597 
Car -1 -1 0 457.78905007051935 164.60897391679285 526.3341409335715 193.73566389598005 1.7907263 1.6496816 4.031521 -7.320446 1.2838169 45.198196 -0.0063510425 0.54437100465646 
Car -1 -1 0 485.9962550284697 173.51332547916743 527.5380850201631 203.79236749438192 1.4611344 1.600585 3.8751988 -5.1933904 1.4965812 36.847298 1.5622607 0.25574129819869995 

