Car -1 -1 0 223.04868415409052 185.05939827299233 419.8786249855937 305.8418894434469 1.50589 1.5767813 3.4930975 -4.0196733 1.5039413 10.717384 1.5601504 125.90405436680463 
Car -1 -1 0 437.7388147773314 185.33982082224665 508.17635483188246 233.14341310235204 1.3658435 1.5580239 3.4951625 -4.078624 1.3699971 22.30194 1.5628839 58.94808444919124 
Car -1 -1 0 489.0323706449408 181.93356388247824 538.8618882038315 218.6537464885786 1.4299545 1.5654685 3.8881023 -3.8161495 1.3021419 29.93885 1.5722855 26.31273850035395 
Car -1 -1 0 593.9801180560239 179.25571287311953 632.1743885783748 213.57532760013274 1.485714 1.6457062 3.449619 0.22364806 1.2277031 32.86142 1.5497185 31.407971077168398 
Car -1 -1 0 414.319793319395 180.75900628679722 462.62468546187944 213.7876432606134 1.4525193 1.572487 3.752656 -7.805788 1.2565248 33.53224 1.5128713 13.633194041650855 
Car -1 -1 0 177.67582676696216 167.20754996676263 323.13860205063867 248.4740940024836 1.7193131 1.6297884 3.6878767 -8.277958 1.3383243 17.054941 1.5676589 47.81598111412212 
Car -1 -1 0 579.3020863611746 179.71628886034495 616.5245427364348 206.1684925139753 1.4574518 1.5866909 3.6993532 -0.49199304 1.1544478 41.552525 1.7165995 6.116681421843167 
Car -1 -1 0 530.5100587283202 179.2829133948715 554.5912878820318 201.62274813512548 1.5030887 1.5905161 3.7211497 -4.489007 1.1039138 50.27582 1.5045934 4.855481907505809 
Car -1 -1 0 440.2191664782859 169.66736230580537 481.8574958659394 203.0630172605965 1.9710176 1.7677687 4.139225 -8.988178 1.053352 44.503906 1.5624771 8.214002660494106 
Car -1 -1 0 637.6497458667479 179.20773743740727 665.9480606084588 201.75641582213757 1.4486067 1.5651861 3.6041033 2.9438264 1.0626341 48.00584 1.5417893 4.340899359071861 
Car -1 -1 0 312.785948794278 168.49520350378663 410.5167653030544 231.75118628019263 1.9714191 1.7686323 4.3180823 -8.252733 1.4503126 24.585772 1.5977584 1.9336139335107203 

