Car -1 -1 0 663.4735542241187 178.6830445490177 722.3321602685951 226.60691931584097 1.4752328 1.5773777 3.4066277 2.7413185 1.6855977 24.332905 1.5664308 69.8117139161936 
Car -1 -1 0 720.360126125537 174.7234931800512 903.0268979804123 305.53517467652983 1.5948491 1.5672328 3.4178112 2.757727 1.6268339 10.595808 1.5165628 129.61184615156077 
Car -1 -1 0 712.2347531441459 173.8666357666629 818.1692297045752 215.80744438086015 1.6624691 1.7171609 3.994703 6.3089676 1.7052348 29.558426 0.027745776 43.16642048377504 
Car -1 -1 0 294.00483603957287 180.08895450668982 461.3398223818 236.2683213520907 1.4558046 1.6052424 4.0574493 -6.2505436 1.661901 19.731623 0.009699698 52.206083551431675 
Car -1 -1 0 0.0 182.45356141618572 322.6032060431899 316.68508193319667 1.5280946 1.6283294 4.125177 -6.07286 1.6639812 9.280598 0.058383655 103.11227105125514 
Car -1 -1 0 77.5380683191154 182.42091890560522 373.9117409468224 279.30785321272117 1.4729288 1.603234 4.0558205 -6.190839 1.6420572 11.942723 0.0055994187 64.52341859347749 
Car -1 -1 0 343.3874096410871 177.5054473710116 486.13667345504234 229.31360558341783 1.5011746 1.566325 3.895725 -5.825904 1.6472799 21.857903 0.011820765 42.04965857955102 
Car -1 -1 0 356.05878131389534 175.096957135147 479.81594698559536 224.54892927241943 1.5941508 1.5515702 3.730894 -6.4291453 1.6730992 24.374723 0.13640916 5.9318129777610045 
Car -1 -1 0 625.8585397911504 175.51272106926635 653.5516444441629 195.42008543659406 1.536685 1.6158615 3.6884522 2.3963847 1.7580776 58.148163 1.4386113 2.2299195274378185 
Car -1 -1 0 438.80594246170284 165.17677843266105 518.9608541677635 197.68048245106718 1.8141973 1.6236266 4.289603 -7.4003067 1.3856922 41.12181 -0.017450238 5.383299125547383 
Car -1 -1 0 197.9465296294259 178.4556889893114 395.5670604824107 245.57381116299152 1.4726918 1.5915713 3.9471254 -7.207371 1.611285 16.91962 -0.07016538 2.503623228401764 
Car -1 -1 0 386.18081824583714 174.677397841928 489.1335733487314 214.54569234282067 1.5698221 1.6313896 3.82947 -6.934906 1.6462746 29.372196 -0.03432523 3.268415182504326 
Car -1 -1 0 469.77164490282814 175.579494748769 507.18004713208114 209.7788298668184 1.4397064 1.5408145 3.6475732 -5.419261 1.570015 32.58834 1.4391834 5.490555116525173 
Car -1 -1 0 389.43831925227744 177.2499402573147 507.2674351560934 218.85981710657623 1.4672987 1.5850481 3.9663234 -5.951292 1.6373875 26.79905 0.17124699 2.2630046355504447 
Car -1 -1 0 134.29525380840587 159.00272932146513 371.8915874038034 255.20902704209718 1.7805295 1.6682774 3.8662415 -6.8963194 1.5241783 14.261709 -0.038493004 4.605463349477207 
Car -1 -1 0 670.0869841318762 169.7599316287915 734.4003891546317 196.7491795095784 1.653923 1.6545856 3.7412834 5.7717037 1.4643158 45.172886 -0.07020106 0.8471022335895104 

