Car -1 -1 0 710.6648070489886 184.18228524719203 835.2991166289153 228.28329942619874 1.5575424 1.763222 4.227023 6.0273385 1.9951313 26.921352 -0.03268314 69.2346903964396 
Car -1 -1 0 835.0458783102558 192.5156722635372 1047.3100677272134 268.40917316156464 1.4105103 1.5581585 3.6666715 6.716273 1.8394009 14.81431 -0.08106743 104.22428794968594 
Car -1 -1 0 0.0 183.52995169029847 311.04345884070256 304.4882790060954 1.4308717 1.60779 4.050235 -6.3212595 1.585808 9.581923 -0.042647082 127.31988836832815 
Car -1 -1 0 798.3844576357868 185.5745478500008 979.5970910410516 254.9244470908858 1.5270362 1.6081105 3.6778417 6.549772 1.8452632 17.136765 -0.06050841 49.8578098419339 
Car -1 -1 0 98.09209729230757 185.610219151561 395.99575056515584 279.6641341527369 1.4172679 1.5854145 4.1372585 -5.8423758 1.6447626 11.98942 -0.04182289 77.62279203902423 
Car -1 -1 0 643.6881346884318 181.74450656288215 674.637787921351 209.6037424918455 1.4664714 1.6032017 4.1682262 2.8030345 2.0028973 41.429955 1.5983845 14.286218649473565 
Car -1 -1 0 262.59372258563104 180.49282503650238 456.66506164296266 250.71322111952458 1.5225611 1.5995214 3.9342265 -5.6900134 1.7086966 16.708298 0.03775806 82.71776326776497 
Car -1 -1 0 431.9410076982958 179.61765810702872 527.1929478031395 213.77768056301377 1.5991025 1.6571813 4.3160954 -6.2398553 1.9344472 34.940475 -0.0023465792 26.051498318922874 
Car -1 -1 0 318.0752734765107 172.33193530721786 474.3167681364117 233.2199551067754 1.7490349 1.6887853 4.2172174 -6.3050723 1.7340382 21.666101 -0.045591347 30.815587837650423 
Car -1 -1 0 297.6850147514229 182.91846771617728 468.0838040860258 242.61462404323456 1.4742326 1.5903792 3.973127 -5.8776503 1.7510967 18.980263 0.037228495 22.824987788696703 
Car -1 -1 0 376.7055617273073 180.51934327926284 498.9765051269228 221.80163192705334 1.4612288 1.6126119 4.1298714 -6.284397 1.753563 26.683346 0.013469976 12.467536562917605 
Car -1 -1 0 569.8256659688712 181.5377922333732 590.1273754154814 198.78511053381962 1.4711242 1.591441 3.923855 -2.6589096 2.2834797 65.51851 1.5945514 1.2620934500945886 
Car -1 -1 0 446.93984836497145 176.30331640624286 518.5507725327109 203.7576016148968 1.5649114 1.5897125 3.862735 -7.4018207 1.7715868 42.298016 0.073735476 1.3035363145890293 
Car -1 -1 0 357.37453988330776 180.90306638474576 487.89412789715755 229.7056775223023 1.5522463 1.6130834 3.9271784 -6.152831 1.8293691 24.029776 0.0028765532 0.5553566729250997 

