Car -1 -1 0 414.69997404411066 182.74426180616672 505.13146064436285 244.30965960916745 1.4393898 1.586084 3.5892792 -3.6993606 1.381608 18.606024 1.5766835 84.01739817308672 
Car -1 -1 0 281.9173089117515 175.0221664674991 387.93734103364227 236.39460503766873 1.6537639 1.6308239 3.919929 -7.937881 1.3790853 21.338259 1.5804 81.40922759343583 
Car -1 -1 0 573.3819622468028 178.17596841523013 615.4156691337698 216.62754059277873 1.5490642 1.6648586 3.4788616 -0.49631757 1.2654608 30.71579 1.5909829 33.062718159857035 
Car -1 -1 0 371.6536838281477 183.8494082318685 438.6044173878456 222.1956565476955 1.4016274 1.5479262 3.813734 -7.8333855 1.351687 28.183537 1.5722609 25.90981561565117 
Car -1 -1 0 0.0 186.44878926176807 149.14838614217615 256.861769569078 1.3873466 1.5792179 3.6066008 -12.158775 1.4179462 16.032768 1.5741019 26.175461919244807 
Car -1 -1 0 99.78817473821432 188.21895558896202 285.4439878430506 264.9786089791713 1.3859336 1.541679 3.8880768 -8.465773 1.457294 15.107228 1.6110698 21.28861748743619 
Car -1 -1 0 166.98310469993197 185.97146513958623 280.22474563177127 233.31976322569344 1.4072317 1.6370026 4.037208 -12.363975 1.4340551 23.47178 1.5416583 16.016340685472105 
Car -1 -1 0 494.73134115676373 178.49684409315583 545.1819180369695 217.81721606242164 1.5802627 1.6528113 4.1595216 -3.6859057 1.3102359 30.973528 1.5748904 38.5723130691945 
Car -1 -1 0 464.4245946523868 177.48164909439558 498.29186224769006 202.84601865239154 1.5569901 1.5681789 3.4963357 -7.9898643 1.082236 45.87961 1.5650055 1.2876478323628215 

