Car -1 -1 0 674.004339909944 179.67723763899338 749.8825879663829 243.55233405711107 1.4929801 1.5494963 3.2592926 2.5889134 1.6867318 18.851627 1.580474 90.30107582435654 
Car -1 -1 0 753.3929352856235 177.4405694162282 998.4338906284004 346.7421284528524 1.5835648 1.5824807 3.4363992 2.8778858 1.6491234 8.578163 1.5487424 136.27678552855878 
Car -1 -1 0 338.25226444230657 194.56344362857104 459.163371854419 282.0749278364831 1.4824764 1.5384089 3.4023607 -4.178013 1.9790418 14.788952 1.5525095 92.92082955073812 
Car -1 -1 0 493.12136474390746 182.5843067106633 533.9456100805209 214.3528105809848 1.539434 1.5455885 3.6744711 -5.001537 2.0765374 37.966423 1.6038477 39.59865966170543 
Car -1 -1 0 433.8525005464027 179.55459569800433 507.2065165961004 238.30453173257985 1.7462451 1.6273874 4.051034 -4.5104055 1.9874362 23.940966 1.5777575 96.18957241811326 
Car -1 -1 0 642.4332302573121 176.64037390698343 683.0875886255934 211.38000314835878 1.5579813 1.5572437 3.538929 2.4983897 1.7487137 34.54864 1.5328981 36.148802520865985 
Car -1 -1 0 626.6318355407637 176.05520203699135 647.5103555876184 191.91619697182443 1.5801189 1.6406242 3.6949637 2.8701468 1.9199984 74.64143 1.7541896 4.973032498008452 
Car -1 -1 0 566.3117963387858 177.07370288834832 587.6067287944476 194.68610924938608 1.5768723 1.6074843 3.4279962 -3.0634348 1.9810464 67.291595 1.4125841 0.3584510087966919 
Car -1 -1 0 523.2480917482972 181.79590505735874 545.7217832598326 204.01646163333078 1.5360017 1.5614102 4.067207 -5.5492544 2.2267182 53.64636 1.4919617 0.2910049259662628 

