Car -1 -1 0 78.65810472053444 190.74951277930197 279.9820101979665 274.9559186717264 1.4195441 1.5896307 4.1160917 -8.312261 1.5466298 14.44894 1.5730103 94.83733212851233 
Car -1 -1 0 577.2490265386228 174.1831718640924 653.123338256445 244.56286559946741 1.5623171 1.6843288 3.3105338 0.17684801 1.3174126 17.613037 1.5704266 58.3180119389382 
Car -1 -1 0 276.85285171169534 178.46285826425867 440.987283981656 286.6205400591729 1.6173878 1.635651 3.4761193 -4.116602 1.5164059 12.492336 1.576354 132.7432379775478 
Car -1 -1 0 435.7244580321753 184.16836372069477 502.03498876059035 228.08596420036022 1.3891536 1.5566857 3.4531837 -4.6296806 1.3560255 24.473577 1.5824021 63.57413304610873 
Car -1 -1 0 486.4140646882492 177.8322070310948 531.4051090092868 212.57713597328257 1.4724569 1.5915623 4.1419234 -4.385933 1.1595516 32.558594 1.5404389 20.24555371496355 
Car -1 -1 0 240.4184349320232 185.2276680738211 326.0298878684539 225.76234824899424 1.5063332 1.6488521 3.9792147 -12.820166 1.5068445 28.710392 1.5637344 18.95611622157275 
Car -1 -1 0 357.21185177847826 182.70136151632363 427.5946457443271 222.44687520996567 1.4573252 1.6266297 3.597528 -8.330081 1.3651335 28.171265 1.5891616 20.60333284768609 
Car -1 -1 0 122.45783296476189 186.9642129588706 256.0289874363124 241.4988676196781 1.4727817 1.667211 4.1869683 -12.397988 1.5306087 21.661594 1.5473398 5.224036818423606 
Car -1 -1 0 639.9241543093377 178.74403767927276 661.5934447780445 193.97883082712414 1.5465 1.7179332 4.1567993 4.584318 0.88955486 75.17754 1.7663897 1.0359373337455764 

