Car -1 -1 0 690.4673297788529 182.73517458214872 778.871049372308 250.31855166655842 1.4232371 1.5534191 3.4826214 2.91898 1.6861346 17.45127 1.5767382 90.2953144816131 
Car -1 -1 0 749.6286366792601 173.37474323995266 892.5043063966381 229.88507553964206 1.6914678 1.7074988 4.016341 6.5262775 1.7084814 22.594654 0.063534 78.26447256117545 
Car -1 -1 0 132.47843943594802 188.19451915679755 398.6013625020671 275.772745125372 1.4293123 1.5809919 4.005698 -6.0051136 1.7208288 12.8878565 0.016560178 106.35712499843807 
Car -1 -1 0 365.7462801121325 178.83858248691166 491.76084030305435 224.0113970134348 1.4871106 1.5915711 3.9436421 -6.142614 1.6997008 24.802114 -0.016940732 18.494451904433927 
Car -1 -1 0 222.0713135655534 183.32537178583917 440.908889879146 259.2978406200018 1.4785023 1.5815129 3.96473 -5.696635 1.7092363 15.082861 0.01278897 80.25829935716551 
Car -1 -1 0 304.4692603506722 177.94533368032953 472.1588385287911 237.45350279788795 1.5460541 1.6142988 4.119383 -6.0335474 1.6935515 19.909565 0.09232782 53.61338353586291 
Car -1 -1 0 687.23476525227 179.35092158855275 766.5783380868781 210.61793095131787 1.4891753 1.5359128 3.5906034 5.7960258 1.8207715 35.807594 -0.14479554 13.017066907865033 
Car -1 -1 0 388.45510991740883 178.7894837779912 498.7120345441804 221.01225442530543 1.5340428 1.6191256 3.7805192 -6.2330685 1.7661978 27.341938 0.03737671 9.390853076444735 
Car -1 -1 0 264.5091580599732 177.59655476442308 444.3353235984823 247.5737081239501 1.6056061 1.583715 3.8183117 -6.1371746 1.7272301 17.591593 0.064052455 25.001230296099905 
Car -1 -1 0 633.7106253373388 176.95113955496717 664.0191785446444 199.77757855301178 1.5348148 1.6713448 4.0230436 2.7547083 1.8379488 51.320168 1.5021559 7.936777077910934 
Car -1 -1 0 686.427336265385 173.4936567037688 765.5796194362352 207.45153604785943 1.7469425 1.6868181 3.8473082 6.114339 1.7816062 38.128426 -0.06829125 5.40324706079964 
Car -1 -1 0 320.82376850860135 178.19189716140258 458.5125140437131 231.72363310793597 1.5737724 1.6259243 3.822112 -6.724141 1.7463375 22.365074 -0.078881875 12.87119679899752 
Car -1 -1 0 403.8331866175002 174.69167124947037 507.79298393715413 212.97308466994028 1.6377919 1.674277 4.235049 -6.7165103 1.7210004 31.811426 -0.010536416 6.354539575953493 
Car -1 -1 0 0.0 186.92495423725265 282.5627153438584 301.5103675068816 1.459515 1.5730416 3.8574297 -6.906373 1.6742251 10.199751 0.012344524 21.21954251277081 
Car -1 -1 0 527.8849945704272 178.45770572471383 557.1096525081749 202.1154615547445 1.5284375 1.6568562 3.9707184 -4.564834 1.9286926 49.54774 1.565809 0.27758660912513733 

