Car -1 -1 0 721.1215768454188 176.04240882288704 808.5750508409633 214.19522650214577 1.4423134 1.5194939 3.5219536 6.279707 1.5810814 29.499117 1.0437489 75.64572089167943 
Car -1 -1 0 624.6325011496039 175.79993154066284 661.7663294862523 201.74331334073602 1.4219468 1.503819 3.4749138 1.9071112 1.6000476 41.792213 1.4224316 44.1136480060659 
Car -1 -1 0 55.17738119772015 184.0446795702409 383.8678739979218 291.82355434395237 1.504528 1.6455882 4.1910315 -5.8344064 1.6904674 11.120628 0.021725718 83.88701426607193 
Car -1 -1 0 123.93688773520125 182.97839907512645 373.1567281254453 268.27732854475084 1.4890656 1.5924761 3.9019384 -6.667585 1.6911983 13.596667 0.006433399 25.79218813009122 
Car -1 -1 0 293.19532068513007 174.68967815392884 435.5658060273904 230.97851766282025 1.5419884 1.6234527 3.54036 -6.9419165 1.5967737 20.677982 -0.025262835 32.44821620723233 
Car -1 -1 0 480.07223078638464 175.58379119337013 514.2218983564068 205.01237860366996 1.4748682 1.5334866 3.4837995 -5.923164 1.6265368 38.29185 1.4913915 8.17499468512988 
Car -1 -1 0 608.2352971658789 174.31038891715397 635.1744230122109 195.79709154291808 1.4587168 1.5501842 3.9037678 0.8277094 1.5662386 51.263157 1.4925792 1.2141545206507898 
Car -1 -1 0 323.04272895351335 176.4342036759543 455.5777979600736 226.8396594298167 1.5125113 1.599079 3.6830842 -6.827845 1.6290011 22.624523 -0.028854737 4.6498964258992155 
Car -1 -1 0 445.1801456574359 175.09363552416838 516.4014584723432 201.1618236639685 1.5567293 1.6349876 4.014143 -7.8619976 1.6970646 44.23401 0.081174515 0.5256529278373706 

