Car -1 -1 0 859.3258189730298 184.97594746662503 1227.5720250790716 302.79753109586454 1.4468817 1.650192 4.1333737 5.803539 1.6296128 9.962755 -0.043407552 114.54572279231283 
Car -1 -1 0 651.2238619731414 181.8952820965176 712.3274685079751 227.0025552104493 1.3552905 1.5749428 3.9191284 2.365502 1.6865317 24.453968 1.5430236 64.40691774704268 
Car -1 -1 0 255.65024234392382 183.46970373817805 446.1852130276519 246.16882002354956 1.471184 1.6119808 4.1929064 -6.377451 1.7495935 18.071028 0.022121334 101.32216231892318 
Car -1 -1 0 550.9425113916102 177.72026206254205 579.0054624768123 200.7910299294813 1.4690506 1.5607305 3.8132644 -2.9716039 1.8103805 48.683716 1.5970931 12.442166945654954 
Car -1 -1 0 0.0 189.18118814931998 311.2135840663389 305.17370899298993 1.404374 1.5725789 4.0600514 -6.3959336 1.6437688 9.771442 -0.010712961 48.19942098585866 
Car -1 -1 0 643.6928016379127 177.96775054322305 685.6918980553733 212.06741862483204 1.4657954 1.6043147 4.2265153 2.5192928 1.7201812 33.77253 1.5613798 8.34238826613463 
Car -1 -1 0 356.7678837794064 172.34274948205217 486.8621202838892 222.8968846591449 1.7208652 1.6649463 4.141188 -6.5514383 1.7034621 25.44788 0.026331587 17.755768163538125 
Car -1 -1 0 493.80494302520447 177.92581142376991 548.023865534494 198.46176846182476 1.5332638 1.6828407 4.0726156 -6.7846575 1.9302299 55.430656 -0.10153732 11.137684560618188 
Car -1 -1 0 622.773124808528 175.21951528871764 651.8173543313027 196.85197915592386 1.4947416 1.562886 3.7401025 1.9719102 1.6723382 52.226395 1.4602332 7.921060227036594 
Car -1 -1 0 469.4662030650796 180.92213844811772 512.3477829666531 217.05264085832033 1.4477054 1.5611727 3.9409938 -5.1766315 1.8264942 31.846302 1.4868772 2.8671840696377293 
Car -1 -1 0 45.29506339893484 185.80926155558765 337.6120423307805 278.5361240940022 1.4406389 1.5785795 4.0390325 -6.9320755 1.6750515 12.245907 -0.010078629 0.7699071661121968 

