Car -1 -1 0 365.56499147414013 181.6786391871975 487.2712309212938 262.1204258565452 1.4901643 1.5971406 4.1376953 -3.6950521 1.4246411 15.3921585 1.5623384 78.20288860132655 
Car -1 -1 0 696.8739162229627 185.43840018189192 795.968451243178 255.06842432412228 1.3787396 1.518265 3.3805676 2.971404 1.3842037 15.941139 1.5628439 90.23458920101186 
Car -1 -1 0 106.94671110307642 179.85204423807008 406.2240457508493 367.37290736445766 1.5878069 1.5741154 3.3377326 -3.4418502 1.542391 7.765048 1.5828532 108.53679863894071 
Car -1 -1 0 462.25350942528445 177.64642759854348 516.7397332574752 220.1706252818814 1.4942615 1.5593138 3.5596962 -4.36229 1.2282842 27.060427 1.5434754 74.91347408202485 
Car -1 -1 0 349.62656376252716 182.25291255136844 416.6763009760813 222.4095191943024 1.4389288 1.5831374 3.7116933 -8.52959 1.3327636 27.65109 1.5218201 16.58797226850483 
Car -1 -1 0 638.9842145295617 177.4204479322902 672.3486819871669 204.36540583439626 1.4362032 1.5496132 3.9791367 2.6726604 1.0207057 40.31608 1.5570033 21.473084160406803 
Car -1 -1 0 587.6412188096627 176.53797812159743 614.4499919185663 200.1041017629561 1.4278888 1.5880212 3.7700183 -0.42339814 0.9020993 45.469307 1.5335175 17.78250034433079 
Car -1 -1 0 509.4572128592355 179.68142029690125 539.0794016329329 205.55581934577108 1.3531499 1.5422417 3.4239008 -4.5077972 1.0637245 39.3719 1.4747921 11.86801367237401 
Car -1 -1 0 223.73820397480623 184.6348104040505 350.21180099336243 249.32900547263534 1.4760531 1.6412963 3.970465 -8.029666 1.4627997 18.425514 1.5201911 4.257257686183151 
Car -1 -1 0 574.8645485996736 176.4092313674755 600.6314811446174 197.3047883997704 1.495359 1.5364075 3.619269 -1.4107224 0.86513746 53.308323 1.6495774 1.9122728323856193 
Car -1 -1 0 295.00580848352496 184.8890617438943 367.354699736341 220.57863473588935 1.4431739 1.5069462 3.8990703 -11.823142 1.4299657 31.044266 1.6076792 0.34589821100234985 
Car -1 -1 0 497.32635563964845 174.75926245632004 561.4628844085796 198.32812668672585 1.5683181 1.6734598 4.0487423 -5.2768764 0.8725265 48.97128 0.15391976 0.5416313409805298 
Car -1 -1 0 454.3163164521905 170.30734343550083 490.95153425083527 195.1919131657942 1.5492098 1.6377659 3.7448125 -8.681759 0.62107766 46.63434 1.5818608 0.5162023378405016 

