Car -1 -1 0 1094.9608215385715 184.5449685966897 1183.3595303634017 213.32547122470064 1.4302723 1.5989436 3.9281316 28.952467 2.1052907 39.597122 1.416999 46.80130454508775 
Car -1 -1 0 858.3067705027563 194.91424029044882 1242.0 360.18099974405277 1.4360871 1.5454903 3.7498703 4.6783257 1.6868193 7.3490334 -0.04255991 75.66253761890803 
Car -1 -1 0 465.8439719484579 177.61837614931767 505.65162276884706 205.30594114826772 1.5935379 1.56132 3.6794403 -7.6245966 1.8986795 44.213657 1.1568007 28.222974911405384 
Car -1 -1 0 0.0 168.64452202756414 251.78197147982922 287.7451550484023 1.7166128 1.6624463 3.9267623 -8.091486 1.655941 11.54671 -0.16759627 58.29807121328899 
Car -1 -1 0 55.85752471948758 173.46099724089663 311.7727225741235 260.03342992185827 1.5439647 1.6111457 3.9612565 -8.061869 1.5566776 13.99782 -0.1617493 17.83308633365359 
Car -1 -1 0 218.80631080386868 177.8283996930637 357.67216043517607 227.8995065922749 1.5149064 1.5915601 3.7766647 -10.189773 1.6816261 23.112768 -0.15053865 6.840915947562812 
Car -1 -1 0 192.79899384071874 165.59783874500104 344.82638221266046 232.8274654198548 1.7699903 1.6731148 3.5945754 -9.426369 1.5789534 20.23738 -0.24082112 23.945008153295515 
Car -1 -1 0 240.16087575808592 174.888234869958 358.2947354917139 219.86682014053827 1.5502226 1.580621 3.6763976 -11.133976 1.6270043 26.102518 -0.19515847 2.264279595477827 
Car -1 -1 0 300.55444674753875 165.84584142100886 354.40602872938183 184.5197205441572 1.5280995 1.6227868 4.1482773 -23.59548 0.9546156 60.49391 -0.33598173 0.5520064924171326 

