Car -1 -1 0 726.1423100545054 187.47955275208858 911.9437376240637 306.22584291958526 1.377285 1.5877513 4.171777 2.9187849 1.6421622 10.975759 1.5633918 105.58764975747437 
Car -1 -1 0 650.3380374971409 172.97647368746556 704.6688780361096 216.97199842561238 1.6759304 1.6449043 4.135584 2.7114065 1.6813126 29.603415 1.521221 86.13681973424289 
Car -1 -1 0 509.92164933292514 179.13716504907407 566.028295142446 222.49934860172814 1.411772 1.5889617 3.5866451 -2.4928024 1.6523827 25.823212 1.5893295 62.27853185540111 
Car -1 -1 0 416.09780024194595 176.09009290157462 511.2229602481425 210.04321582024883 1.4836352 1.686816 4.068333 -6.5533853 1.6350498 32.74161 -0.08788669 51.30920615639629 
Car -1 -1 0 0.0 182.8167054656091 312.50756748768737 337.62918651701096 1.5381789 1.6641719 4.338335 -5.849984 1.661634 8.108631 0.00017478946 100.76530777061055 
Car -1 -1 0 66.2985999399414 186.64859064485472 368.23121153164533 294.99146198696195 1.4616938 1.5429019 3.7206478 -5.742795 1.6851628 10.821993 0.051804647 87.92314212617545 
Car -1 -1 0 238.80673933331968 174.93659281780248 435.08193393233205 243.4787904366994 1.5210004 1.6609712 4.0623093 -6.3226256 1.5733497 17.105583 -0.10121358 50.60205935482766 
Car -1 -1 0 167.2726391844499 181.06538733664317 392.5904773925801 262.4311193329128 1.5123682 1.5741274 3.877256 -6.5702205 1.6894392 14.583811 0.09936177 14.089626211408778 
Car -1 -1 0 25.597509135638468 202.3500025589827 190.57901752772693 285.0681912412612 1.5231237 1.566572 3.6390705 -11.275051 2.276591 16.534988 1.4573703 0.5878326797156839 

