Car -1 -1 0 654.1790365844004 180.36130835671406 705.7128282872733 221.33284622875644 1.4316182 1.6230718 4.3444037 2.6720421 1.7475791 28.188824 1.578799 45.95952491231174 
Car -1 -1 0 397.6971285714979 179.70129367761731 517.247105752128 217.5909629661976 1.4757617 1.6845036 4.574204 -6.123322 1.7643793 29.434986 -0.060182266 41.43594742325143 
Car -1 -1 0 179.7590575057451 182.65279285185557 415.34819295008543 261.4578456131004 1.4716506 1.6323457 4.0800285 -6.205181 1.6826389 14.619315 0.04988978 56.48970058717926 
Car -1 -1 0 70.90611712564242 180.98496279949418 364.464645333332 279.58439022427814 1.5255821 1.6171262 4.0739937 -6.4390182 1.6719494 12.14579 0.016855288 96.08724621987821 
Car -1 -1 0 305.89090763235095 180.47865262888615 474.0594272856787 238.29948715691762 1.5281272 1.6352392 4.2075315 -6.0771713 1.7517933 20.23979 0.05218187 38.12077381554148 
Car -1 -1 0 0.0 182.57326744140664 251.87977351733747 308.73908937763457 1.522019 1.5916013 3.5139241 -6.9377494 1.6632612 9.658645 0.017759217 76.2999419617539 
Car -1 -1 0 348.4449674391937 179.84187847252434 476.49468179878755 225.8628893509789 1.4965669 1.5743281 3.9347 -6.710549 1.7458887 24.754148 0.10538613 9.077843231777939 
Car -1 -1 0 689.9679968913174 178.18902584279846 770.038640411172 208.1143502712977 1.5057052 1.6607575 3.8368726 6.2376704 1.7907906 37.60086 -0.066296294 4.1588806318132105 
Car -1 -1 0 482.84544422640676 176.98026529052586 549.5977579909267 201.15779348825737 1.5167516 1.622025 4.0034304 -6.0132236 1.7897557 46.682175 0.12625602 6.160366492162666 
Car -1 -1 0 362.0876594944102 175.75124139271915 469.1706639414 220.75001971489047 1.6261765 1.5709412 3.6890357 -7.230022 1.7391474 27.167173 -0.101024024 0.3696068525314331 
Car -1 -1 0 545.572546535629 176.73905254862953 563.9397411857374 194.10785096209304 1.5248678 1.5739425 4.1471715 -5.0164156 1.8937479 66.399536 1.5220028 0.6381240761819209 

