Car -1 -1 0 660.093320531058 184.5003576280308 733.1599983949051 234.0948828747499 1.4096581 1.5336227 3.4865088 2.7156222 1.8134336 23.19065 1.4465511 82.74147190907681 
Car -1 -1 0 923.3064052170301 183.05244250960402 1236.6478686040402 304.7834755098151 1.4296664 1.5839692 3.6068351 6.751635 1.6096745 10.769518 1.0962029 126.93781478873798 
Car -1 -1 0 638.2407983505093 181.9080329664595 682.4844734255003 217.24279060584735 1.4532341 1.5500771 4.0791016 2.2486534 1.8909276 32.808903 1.5263674 24.721718232261185 
Car -1 -1 0 136.55708070001222 192.15646339094965 370.18045775996757 274.86186705382954 1.4789597 1.6038171 3.787934 -6.852358 1.880811 14.162544 -0.03029124 40.92323754254627 
Car -1 -1 0 273.6540082344177 191.43105143210713 448.17351859534256 250.26062914909184 1.4372833 1.6063185 4.043352 -6.4429846 1.9476817 18.989563 -0.015527694 71.44936381150178 
Car -1 -1 0 356.66392787609317 188.60476822819336 480.5745694610678 230.67252562019098 1.4264032 1.5982473 4.028213 -6.8333025 2.0147247 26.046646 0.052739255 26.242132135400755 
Car -1 -1 0 51.347361142009646 190.59154186807314 333.2049081226503 293.7193696817571 1.5453057 1.6163845 3.7195532 -6.7308774 1.858125 11.908804 0.004329313 37.211640907843645 
Car -1 -1 0 397.48957843613795 186.86629432126813 493.40541100433825 223.21714284089597 1.4663128 1.5526295 3.6963224 -6.9945135 2.0862226 30.904919 0.13397595 8.298083982694084 
Car -1 -1 0 486.2437594210473 185.34741796631423 528.6081834794934 216.16474521183412 1.4509938 1.6466149 4.035613 -5.2671947 2.1375234 37.62982 1.5685745 13.230020628049974 
Car -1 -1 0 291.49335904587366 189.69416673870782 437.5686830520674 243.83502146424618 1.5020219 1.5545734 3.7819662 -7.154361 2.0174494 21.295975 0.0057549267 4.659720295795748 
Car -1 -1 0 336.4040354922387 189.01436989991203 463.99470181822045 236.18086984377473 1.4501226 1.5472544 3.7116995 -6.793093 1.998324 23.62253 0.043663476 11.319906365174583 
Car -1 -1 0 514.5994887091526 181.7954171912848 549.2196605848491 206.49570317657302 1.5963061 1.5990329 3.9445772 -5.3526335 2.243195 50.156437 1.675453 0.5949401583022208 

