Car -1 -1 0 217.17154261539895 191.23063116947174 443.8480668509289 324.1097784288353 1.4338357 1.765532 4.5322742 -3.7848117 1.7653949 10.719895 1.5323352 129.2238812455973 
Car -1 -1 0 404.04188656982524 187.4516113661802 493.1922463142352 251.98884362419213 1.4230781 1.5032771 3.38525 -3.9937418 1.8290842 18.37277 1.5746362 87.76765185981787 
Car -1 -1 0 643.8123966386527 176.66460931401025 686.5857038563748 213.38836238223246 1.508078 1.582604 3.7205882 2.4035058 1.6863027 31.88205 1.5650957 64.67492324306315 
Car -1 -1 0 0.0 205.46436217830816 265.2323664877523 337.52451386965714 1.357316 1.6306165 4.0065966 -6.748876 1.9187173 10.414417 1.5755643 87.39908433428342 
Car -1 -1 0 764.3168547280712 161.53265361711937 914.3296096624481 211.3586551016972 1.6546218 1.7521105 4.6136565 7.8461604 1.2786624 24.903606 -0.029090565 39.3795667219558 
Car -1 -1 0 750.9634131600857 163.35370039003107 869.2647562561604 204.21437253295312 1.5381458 1.668568 4.1227055 7.7361364 1.1805195 28.059383 -0.031136913 16.679031457481294 
Car -1 -1 0 719.7314051630618 166.73874230930144 815.0327421203305 199.91698976505634 1.5340948 1.6723511 4.1507854 7.4255667 1.2513375 34.200325 -0.000824091 10.070686905508815 
Car -1 -1 0 485.16693209738605 181.33286581470256 521.7821200138429 206.2046151369019 1.5190327 1.5908737 3.9953318 -6.935133 2.1012836 47.50486 1.6337688 3.628080549536172 
Car -1 -1 0 450.0810402495477 179.97044602429077 499.5341833186176 215.8102508060892 1.6594183 1.6361042 3.9566748 -6.694441 2.0362382 36.20431 1.6002107 0.7471860186333319 
Car -1 -1 0 917.90436110761 153.99945757965284 968.4610586640712 178.79974505753782 1.4686384 1.5036131 3.531372 20.513338 0.3520985 44.49899 1.5772918 0.2609364092350006 

