Car -1 -1 0 700.7612201250607 179.20863479686906 845.1094652617669 278.0458011406224 1.4516475 1.6691598 4.357356 2.7397058 1.5859842 13.065981 1.581277 130.63946224013634 
Car -1 -1 0 789.5750364345255 177.50900042967146 959.6150974798285 240.652492769517 1.4703407 1.6232246 3.7003403 6.4821057 1.5929053 17.975084 0.11741935 58.29201971843355 
Car -1 -1 0 677.1235302023996 172.2335627323792 745.9578909242292 199.9339674097917 1.571651 1.6937182 3.712562 5.8785086 1.5364487 41.853786 -0.037336074 22.017172781672613 
Car -1 -1 0 191.29603860518645 176.373668903998 433.0142271138578 254.64011186034494 1.4437599 1.6133499 4.1456637 -5.7536364 1.5183654 14.34483 -0.06987429 82.56152043390934 
Car -1 -1 0 0.0 174.6059677172715 290.2548832501264 299.01636872371984 1.5106359 1.6262002 4.078345 -6.672391 1.5362444 9.666359 0.033226162 84.84262543465415 
Car -1 -1 0 386.82425251822013 173.0918816134678 505.21418192400455 213.49399521887494 1.4503403 1.6180592 4.106372 -6.0121074 1.4595163 26.872883 -0.07473871 31.125275099952116 
Car -1 -1 0 428.759002484665 170.78516265004282 524.9959273439024 207.49343182924488 1.5665492 1.5886105 3.9193237 -5.7565727 1.47826 31.59117 0.002437444 23.540513484321956 
Car -1 -1 0 710.3260812817647 171.5471332320516 802.1294975373111 208.7135703876398 1.6116583 1.6239672 3.737639 6.4878025 1.5549881 32.15394 -0.028930236 15.383511765955864 
Car -1 -1 0 351.1086113182299 172.64440875973105 483.04799915788533 217.31210552554333 1.4574449 1.5984318 4.090736 -6.4433775 1.4506061 24.472357 -0.06459768 15.714080271535485 
Car -1 -1 0 720.5236296988538 174.1396658170405 819.0656981047835 210.6180524207882 1.4651159 1.5468901 3.7057095 6.6049404 1.5200642 29.940552 -0.06796274 10.463577326939978 
Car -1 -1 0 631.2817298989268 172.26369998560972 654.4887729514422 192.18627393589102 1.502388 1.651793 3.9934268 2.5734024 1.4578724 56.4134 1.5763537 6.681769618801347 
Car -1 -1 0 40.05450622013012 166.8514566414222 309.5785855477322 268.91168927039377 1.5782087 1.5806477 3.5322719 -7.107715 1.4853883 12.083699 -0.078387804 16.329817851368926 
Car -1 -1 0 525.7869822920109 171.82874912847697 551.1510298680978 193.88876759125878 1.5009346 1.5879929 4.1216273 -5.0066347 1.4311776 51.18937 1.5222833 8.391304210430015 
Car -1 -1 0 759.6019078027641 174.78989580358478 898.9702065010019 226.10470548190614 1.5166864 1.5920637 3.837753 6.696534 1.5787799 22.267714 0.04179923 2.26039721359271 
Car -1 -1 0 492.2739681881084 169.28440369284237 525.120317657979 200.78075782776196 1.5603056 1.5481818 3.8133326 -5.227601 1.3834703 37.718044 1.4721906 1.2951998799903854 

