Car -1 -1 0 412.0609804550438 185.66842974517496 486.9834006442568 232.60664046916511 1.3985838 1.6312296 4.2747345 -5.068113 1.4148188 23.619558 1.5436928 74.13851068118471 
Car -1 -1 0 334.54279966492953 186.21459288554792 403.73931380412813 226.13718511287516 1.3940464 1.5181968 3.4323516 -8.831388 1.4338607 26.920296 1.5493262 52.21967424618577 
Car -1 -1 0 0.0 196.41917927394624 212.88145004221732 316.49067900467577 1.3979475 1.5555876 3.723618 -7.583985 1.5923133 10.5953245 1.5522853 88.15706114576602 
Car -1 -1 0 161.43221461755334 182.44155882724326 276.84093335150106 234.04579188288398 1.5726948 1.6475201 4.248398 -12.811204 1.4881499 24.050806 1.547396 30.271874934329066 
Car -1 -1 0 103.0404202466633 193.35875272636292 425.01908238500744 375.0 1.4679085 1.6238637 4.1757116 -3.3558557 1.5823984 8.012447 1.5624726 88.81706759939135 
Car -1 -1 0 249.97129777088966 185.41244520139833 368.3970605962801 245.1232475711124 1.442773 1.6443337 3.8410208 -7.848514 1.4485892 19.316505 1.5537179 25.00291292897831 
Car -1 -1 0 571.6966462246282 180.04099380594604 604.8264453606037 208.22786989443517 1.45837 1.6438497 3.5153613 -0.9859725 1.1906343 38.964653 1.5879586 14.203152271822347 
Car -1 -1 0 380.6420240556023 179.42864875255614 417.9867506467423 202.9334846861239 1.4573221 1.5362446 3.5382605 -13.363406 1.0985196 46.373474 1.523132 5.872630719448703 
Car -1 -1 0 0.0 189.10968201234536 127.58583815367683 258.9357520853214 1.3924605 1.5138113 3.5003653 -12.6733265 1.4910724 16.372063 1.4429989 2.061551605059824 

