Car -1 -1 0 670.2288039981214 182.78679179013426 734.8090078428038 233.79329135358788 1.4149069 1.5601689 3.373606 2.8055098 1.7459785 22.361284 1.5687127 85.49371036543313 
Car -1 -1 0 743.2543018102186 175.97459746169963 989.9142686059774 350.09298342234774 1.640424 1.5736153 3.4358234 2.7838192 1.6852963 8.6180525 1.5177228 133.80808904242784 
Car -1 -1 0 719.5901863990368 173.73854850117496 832.1432273668942 220.50195033740076 1.7199936 1.6965055 3.966977 6.274216 1.7549654 27.551363 0.06523121 51.60663206291166 
Car -1 -1 0 262.4957408334175 184.8707105983824 446.68118206940926 247.35303305945007 1.4421781 1.5966101 3.9715042 -6.179187 1.7515917 17.771553 0.0044046533 60.172361970098265 
Car -1 -1 0 0.0 186.8399034058255 330.9356232430924 307.1683316576845 1.487087 1.6078364 4.0360336 -6.1899943 1.6980214 10.001985 0.038098186 74.8205365782653 
Car -1 -1 0 318.6979718381299 181.52712856018667 479.17547514829437 238.41534825871312 1.4824901 1.5815258 3.961044 -5.746337 1.7329015 19.951912 0.04569348 55.4241576676628 
Car -1 -1 0 362.89317203826363 180.41939791752858 495.87546148089086 225.47533610153306 1.4677633 1.6138349 4.1433334 -6.1530933 1.7390451 24.859337 0.10204066 16.145426455769055 
Car -1 -1 0 333.8677320181164 177.88989475232566 473.6876401196645 231.53905970927644 1.5760468 1.5653852 3.8829076 -6.3544664 1.7400852 22.448883 0.1446591 9.042068383571706 
Car -1 -1 0 156.86184937204587 182.90665202195188 375.3048850095069 258.59608422182293 1.4687994 1.5812824 3.8061 -7.0476217 1.6906251 15.074352 -0.030008933 9.43071729441848 
Car -1 -1 0 370.2241428847925 179.16906313198368 482.5538075370149 222.63491568714826 1.5848869 1.6400583 3.843946 -6.884642 1.8316361 27.37048 0.0011616506 7.1175492214996074 
Car -1 -1 0 443.0961257786224 171.2194392967528 520.3335998476717 204.16665797335867 1.74384 1.6054926 3.9519663 -6.878207 1.6573253 39.092377 -0.051095363 3.751974441888617 
Car -1 -1 0 632.2904482170366 177.42844915565868 653.4437933366302 197.57562494239045 1.4908477 1.5913497 3.879246 2.6155627 1.8601669 56.272667 1.6264741 3.631673152594799 
Car -1 -1 0 399.4071448948478 179.47493604027238 506.8425495762824 216.66234789352364 1.4660146 1.5907812 4.039955 -6.3979692 1.7475078 29.729332 0.07643151 3.0326249867514816 
Car -1 -1 0 673.4300759110142 173.2493413297025 743.4422058411488 203.21964266597408 1.7437279 1.6662688 3.8651023 5.8587666 1.767824 42.99236 -0.080554664 1.970008747292307 
Car -1 -1 0 417.2074342265274 179.49381550449453 509.6956406504163 213.71347298610507 1.4785619 1.5927266 3.7881312 -6.541193 1.7864568 32.502754 0.085773766 1.8493427257857917 
Car -1 -1 0 53.99391572625176 164.99280459575638 334.55162760548006 275.7526398270031 1.7295238 1.6470075 3.7866728 -6.8590326 1.6067705 12.2489195 -0.08542899 0.3254547715187073 
Car -1 -1 0 659.6924410797501 177.18756262123605 686.6295797939995 194.79382549786374 1.5284278 1.600548 4.4176984 5.782792 1.9388471 66.048965 1.4562283 0.26114362478256226 

