Car -1 -1 0 729.4640590129177 180.16087278896376 916.1449762026716 313.6006047792609 1.5573928 1.6029521 3.4569347 2.838683 1.6799059 10.354972 1.5523833 138.22873553604282 
Car -1 -1 0 667.550062141188 181.9131501004285 735.4818043133606 240.13864951198804 1.4925582 1.5617247 3.3137348 2.5571923 1.7731245 20.680382 1.5826364 99.76903896765711 
Car -1 -1 0 365.80645099465016 194.1280434940655 471.96328525326646 269.208527651912 1.4335876 1.5349772 3.583408 -4.253945 1.9760993 16.598883 1.5583295 86.4850778427645 
Car -1 -1 0 495.63455618492594 183.50935631062254 534.193813301454 214.67110352645605 1.572455 1.5528948 4.0786114 -5.17391 2.1912925 39.857544 1.581696 32.1490179004208 
Car -1 -1 0 444.88999293624124 180.4175973400713 513.2019150906212 235.79679280263886 1.7731171 1.6121008 4.077624 -4.5567408 2.0642922 25.720387 1.5935202 58.71048021345327 
Car -1 -1 0 640.4138548596936 178.62741924706822 677.6733027616513 211.14950895898005 1.5287282 1.5081127 3.542441 2.4481535 1.8339927 36.352768 1.5337538 26.810571678877313 
Car -1 -1 0 524.8782134680824 183.45296016684628 547.0925076218078 204.49561348748028 1.4952128 1.5670438 3.9941468 -5.6152654 2.338738 55.377678 1.5017143 1.3550315799314092 
Car -1 -1 0 622.3768771967347 178.15475742112235 646.8433650183786 193.5333155249147 1.5546902 1.6740215 4.0635514 2.6898146 2.1336985 76.63151 1.8468996 1.795377864325622 
Car -1 -1 0 548.8937566067468 183.01008569771793 570.7172309781797 198.37047098263952 1.4740309 1.5239848 4.182843 -5.090576 2.549746 74.26205 1.6800194 0.7954972206219314 

