Car -1 -1 0 552.0281718543813 176.58260667964691 581.3035238269874 202.4599784439658 1.5211598 1.5466833 3.4706833 -2.6204152 1.761017 44.667076 1.5884277 21.133482234895393 
Car -1 -1 0 664.540588398058 182.67241950548788 739.5504219623548 237.17418575373782 1.3560915 1.553551 3.8313594 2.5402226 1.6625562 20.585968 1.5443227 73.83825082392099 
Car -1 -1 0 652.7741130897643 178.24085446781135 701.7405037713768 216.6937521961963 1.4495924 1.5678159 4.0729756 2.729835 1.68758 29.82608 1.5518172 30.64455999434381 
Car -1 -1 0 164.78543220440616 183.11227539500118 414.14842129165805 263.75337597966774 1.4820467 1.6391449 4.245271 -6.240261 1.6987318 14.362572 0.027887234 145.68678377304016 
Car -1 -1 0 319.37696573136117 169.8532383859974 477.1912695122994 229.2452056190219 1.7122189 1.6426448 4.256133 -6.2802453 1.6257094 21.718372 0.045404244 37.518580598190574 
Car -1 -1 0 631.9747738108346 172.31337399041294 661.4256392554247 198.7972834660214 1.7073652 1.6392711 4.0350637 2.4590702 1.6725118 48.5607 1.5363103 19.508992404658752 
Car -1 -1 0 406.9583611475623 181.24216578856965 510.5497650469811 218.85434793849325 1.4642887 1.5722839 3.8769178 -6.192977 1.8237365 29.762691 0.20052482 1.923182563662353 
Car -1 -1 0 430.8382439852069 174.76632710707898 523.5188828892943 206.14898509905981 1.5231419 1.6745324 4.3634505 -6.5560017 1.6211567 36.05706 -0.0404776 2.7081707240490296 
Car -1 -1 0 497.0972138869014 175.82849499318854 551.4533420058111 197.53141462524476 1.5169519 1.6393164 3.8073006 -6.077008 1.7340571 51.68303 -0.08663048 1.7739905989543014 

