Car -1 -1 0 679.6690615349229 183.0466540060922 767.1165605682604 248.02186659407485 1.4637699 1.6466821 3.6641498 2.8356376 1.753573 18.673868 1.5594623 94.74624795941325 
Car -1 -1 0 790.9970844339597 190.12882303416455 1191.470943116218 375.0 1.5455593 1.6336654 3.7317917 2.9528391 1.7474136 6.556337 1.5598171 126.39778392871891 
Car -1 -1 0 233.94547846374803 176.5433452744675 434.73801576826656 245.6648535934978 1.5478264 1.6749296 4.1687584 -6.485427 1.6410916 17.25151 0.073711455 116.88210807568359 
Car -1 -1 0 654.6874732347706 176.26768121084766 702.3805078394553 220.46595066816482 1.6705136 1.677619 4.176817 2.770168 1.8210548 29.708332 1.5987821 45.88072765510196 
Car -1 -1 0 0.0 168.77034704658132 316.05916649363655 309.7387765980955 1.6839902 1.6853374 4.0482187 -6.2470717 1.6352074 9.541716 0.039690223 74.33650226995924 
Car -1 -1 0 62.33199235743247 179.733090116833 330.83034173002017 277.8007021175228 1.5180999 1.6105376 3.6548023 -6.855446 1.6431197 12.205028 0.05703178 9.769601407833655 
Car -1 -1 0 410.8500892386821 178.39169920684577 511.56091832762627 216.94296645687814 1.5220113 1.6352506 3.8732917 -6.0407763 1.757191 29.700096 -0.06558727 10.444989536093326 
Car -1 -1 0 640.003660271696 177.9649384743956 682.2955117932507 213.0312903633894 1.6071167 1.5782796 3.895461 2.4929461 1.8737068 35.642776 1.5083764 3.5237189669244473 
Car -1 -1 0 381.42746442100906 180.3186097887012 499.0595214495275 221.2031162996304 1.4680791 1.5874459 4.0241218 -6.293364 1.7569976 27.073875 0.029805178 4.6512519131553605 
Car -1 -1 0 327.46453264916084 169.06436623344038 480.11973431587387 232.37734809680268 1.8663236 1.7059165 4.1954637 -6.2550716 1.7546136 22.215168 0.04471136 0.9168639086781003 
Car -1 -1 0 509.02007499329227 176.38471458251882 563.8026273937163 196.66463426909723 1.540492 1.6487558 4.0319614 -5.6553493 1.8193116 56.05531 0.050144322 0.49874187424165567 

