Car -1 -1 0 232.0771364867646 194.97710122443206 405.9167839572769 284.0489283112372 1.4396555 1.7223551 4.4235134 -5.781596 1.9684873 15.010541 1.6014804 126.31044169880445 
Car -1 -1 0 715.3258845073603 178.08069520831515 840.8290687364133 266.17710474180706 1.5143043 1.6074243 3.951035 3.2419553 1.6345067 14.615575 1.5674345 95.87114827599851 
Car -1 -1 0 768.5620149458852 182.76410831350316 1027.2323109732488 332.9579290122889 1.4374146 1.6398613 4.008932 3.3149905 1.5913224 9.188674 1.5551014 91.74742711463072 
Car -1 -1 0 361.7564977441966 189.31632846890525 452.5872636311363 249.44256852710632 1.5047748 1.5537416 3.6572528 -5.750048 2.0237887 20.90711 1.5871421 65.69196809695882 
Car -1 -1 0 680.535429424676 182.99549457972705 746.5420495655662 230.39839496521958 1.4334667 1.5379384 3.6128368 3.4433563 1.8031052 24.453747 1.5172763 61.63062299896838 
Car -1 -1 0 436.0989952225365 185.89216152022877 506.80632951354784 225.7185589962289 1.4496186 1.6450493 4.170059 -5.619632 2.0285087 29.861378 1.7019105 31.89176050656758 
Car -1 -1 0 997.0985099689073 154.77361622516528 1242.0 264.1931317479162 1.5117755 1.6136508 3.8963256 8.211192 1.261971 10.887195 -0.05789295 114.5390892834861 
Car -1 -1 0 650.9240968926364 178.96461970624736 689.943409375886 209.63250464985478 1.5402157 1.5523766 3.6531081 3.2308273 1.8852165 38.861263 1.5010426 11.801214218470653 
Car -1 -1 0 668.8680710823052 180.67609453718035 719.6365281954658 220.61716958217946 1.5246868 1.5979155 3.9885898 3.4914675 1.8753576 30.33868 1.5526624 8.581609499210845 
Car -1 -1 0 503.7384461141511 180.73168945736086 530.4118049287443 206.26202076160763 1.4805236 1.5484164 3.6433125 -5.720071 1.9913638 44.89907 1.470349 0.8710944146061909 

