Car -1 -1 0 767.1792525928948 164.925580377946 809.1198242677942 186.57494793623695 1.5518935 1.6181711 4.196389 13.285723 0.9835596 53.908512 1.4387379 16.32745544589862 
Car -1 -1 0 635.7331876209826 168.85085171705649 706.0146216219795 195.55620679501797 1.4597468 1.5986509 3.6988602 3.4028773 1.2409297 40.404247 -0.09102452 43.502185402886 
Car -1 -1 0 109.16365095221732 171.84390826881736 225.8413599272714 210.8560802343662 1.6393149 1.7070903 4.2975354 -19.741682 1.5968701 32.306694 -0.6561851 27.866697093283193 
Car -1 -1 0 1047.2320703549158 162.82407363366403 1104.569453945012 182.84131791618591 1.4761055 1.609951 3.6405292 35.577316 0.7364814 55.146866 1.3809762 27.347785396371957 
Car -1 -1 0 801.800060404217 165.2467475162968 840.1949887831878 186.26928376621768 1.5453982 1.6489112 3.8702369 16.069656 0.9861774 55.01036 1.5274341 12.939155140089339 
Car -1 -1 0 296.23004796484645 166.52642452444923 327.91829256862707 185.55108852419164 1.5782323 1.5797532 3.142486 -25.31132 1.0533142 61.477882 1.5029826 3.8263582672861935 
Car -1 -1 0 843.6479286166924 165.90792509269667 888.4138036973499 186.13591070852638 1.4608755 1.6812873 3.9102452 19.18362 0.95922613 54.133038 1.4801193 2.2455149123305422 
Car -1 -1 0 1000.7002008342613 164.83921163836888 1054.4979385887846 184.67682360714943 1.456424 1.6078908 3.8855696 31.783306 0.86799955 54.97816 1.4845636 0.8623452086302178 
Car -1 -1 0 974.2937449908766 165.6358531573922 1027.1351881950661 187.03181791207413 1.525203 1.6276298 3.4587517 28.826864 1.0106599 53.28028 1.3936038 0.5341416983868029 

