Car -1 -1 0 698.6342249519582 173.34491047571004 835.3026754131375 267.95991245121644 1.4844035 1.6089207 4.2167816 2.7359145 1.4949946 13.454491 1.5657158 94.31414676234583 
Car -1 -1 0 359.19950685326273 179.28481412497436 502.6278778131278 274.10628916832195 1.4523891 1.5969342 4.118568 -3.1145282 1.5902784 13.401868 1.5835832 80.13783488127748 
Car -1 -1 0 678.3865117030398 174.039156230922 763.4405485739842 236.2726456759611 1.4476032 1.5623721 3.9372199 2.7918837 1.4817964 18.83812 1.5570458 54.53860737565953 
Car -1 -1 0 503.3834703582983 173.91986530359605 553.3562359964338 217.8271695744991 1.4683092 1.5998971 4.0469875 -2.8874102 1.5102094 26.296955 1.5111966 50.35610731640632 
Car -1 -1 0 176.17004548164192 187.8246106874346 456.57030083290385 375.0 1.4812765 1.6522177 3.7096975 -2.838225 1.6838472 7.8836765 1.5397297 80.97904317950821 
Car -1 -1 0 651.4999653853207 161.19242475526465 708.304910465068 211.43904074478695 1.846884 1.63114 3.8847492 2.705388 1.4182465 28.511799 1.5066206 29.75387405040999 
Car -1 -1 0 631.6006794471396 165.32657192191948 660.517254796288 191.8256517799452 1.6534029 1.5909289 3.802134 2.3369267 1.1837308 46.941628 1.5442969 15.277373993553134 
Car -1 -1 0 657.6883770401316 171.34847183647076 726.4737029262106 219.72755977226606 1.4687121 1.5638617 3.815118 2.6418815 1.4230065 23.86703 1.4934222 34.98630020084571 
Car -1 -1 0 536.6198052835441 171.50128866744768 570.5474558667778 200.99965139198304 1.4344275 1.5236459 4.3853407 -2.8415203 1.3686485 37.297962 1.5451461 10.794312208288307 

