Car -1 -1 0 335.49723511401845 187.03671874271248 458.6968122345244 263.4238636889598 1.4348158 1.5711452 3.534447 -4.338871 1.4782255 15.361696 1.5801314 90.69404224486921 
Car -1 -1 0 436.554183147277 183.59751525871397 501.3112592452254 226.9107359497444 1.4095979 1.5486633 3.9456708 -4.790838 1.3569353 25.372105 1.5647932 60.87634063922775 
Car -1 -1 0 25.990136368633557 195.9023448759147 249.87334323156074 286.59727967107847 1.3552549 1.6449618 3.8566809 -8.279758 1.5796697 13.14823 1.5469197 82.63690035746042 
Car -1 -1 0 485.6483931774006 181.44610382401225 524.6624920247136 212.90735617947044 1.4373331 1.5337489 3.5775077 -4.8709364 1.2651161 34.66436 1.5237595 27.742349622217354 
Car -1 -1 0 299.04712426880917 178.68308388130362 383.96798826598257 230.0454443633564 1.5544949 1.6561453 3.651721 -8.624195 1.3567836 23.634335 1.5026984 34.585695120826735 
Car -1 -1 0 577.271019281146 177.28914136357767 608.7412361149111 207.45616490675866 1.520858 1.5868571 3.175996 -0.7427836 1.121244 37.842377 1.5534166 16.041534125536412 
Car -1 -1 0 467.0167503839932 174.46170934231355 497.72199425388663 195.75400541876144 1.543997 1.6575475 3.82677 -9.343352 0.7641785 54.04393 1.5669582 3.8691075717541805 
Car -1 -1 0 423.5895003076373 175.35851605924537 467.7339734038149 202.11930851961958 1.5219882 1.6363145 3.8623803 -9.568971 0.9613727 42.844048 1.607576 1.4610367081875049 
Car -1 -1 0 482.0738262133805 167.3410529859518 523.6779757581564 183.04622822339297 1.4783834 1.6033067 3.76161 -9.949462 -0.20992348 68.72809 -0.015260694 0.9500094941451052 
Car -1 -1 0 104.674304934623 171.03812824066884 248.7305854126208 241.63866205352892 1.8236403 1.6475581 4.394031 -12.228018 1.457428 20.790869 1.5384245 2.545271461544304 

