Car -1 -1 0 668.7921855943304 176.37959236597055 736.5197912224517 227.15558170772368 1.4490777 1.6211375 3.7403452 2.8452096 1.5693092 22.729311 1.5623459 91.75106316778401 
Car -1 -1 0 731.1211290526094 181.2359964150961 921.722633356224 310.15448217465155 1.5135173 1.6518137 3.8733819 2.9479764 1.6598458 10.659508 1.5708452 98.25755745816716 
Car -1 -1 0 311.9614717973568 172.91063054868417 467.0696381482335 227.64305832508578 1.5281092 1.65589 4.0393686 -6.4103045 1.5298588 21.220583 0.12500337 70.08247536140546 
Car -1 -1 0 647.0413545251569 170.46404039447293 690.819425167707 207.59019027926007 1.6275349 1.6426044 3.8720775 2.7051587 1.5227637 33.583256 1.5502415 32.968655930527376 
Car -1 -1 0 139.24000434572824 169.83576009538223 394.13247973835496 263.47505208809736 1.638358 1.6703296 3.9966617 -6.294065 1.5855494 13.529275 0.03516469 75.23450123856357 
Car -1 -1 0 365.2928495211271 163.29320470721652 495.00735274096206 217.06238214692874 1.880201 1.7242075 4.2565265 -6.428127 1.5458789 26.144913 0.02459224 24.65785184606831 
Car -1 -1 0 640.6734003305527 171.8342336663149 665.3388293318325 195.40604975484487 1.5355947 1.594059 3.6376848 2.9101005 1.4691614 48.854095 1.6107864 5.782232381523223 
Car -1 -1 0 22.92544766363408 178.4608910135541 349.9168888865682 287.0745134100078 1.5006291 1.6326525 4.0952535 -6.30525 1.5935906 11.01491 0.06525076 13.246620310137333 
Car -1 -1 0 423.5119581891477 172.4177915405009 520.4032187320468 206.41970266823927 1.5380712 1.6576061 4.2902236 -6.348976 1.5183392 33.646893 -0.085154966 3.95329790102559 
Car -1 -1 0 0.0 154.6963946862217 271.0060316370691 316.63946179655284 1.7848603 1.6783038 3.994534 -6.5373607 1.5847356 8.833595 -0.021121144 10.881140778255626 

