Car -1 -1 0 785.512130164225 183.49840967122444 993.3005619305522 258.5733997422633 1.4851829 1.5895485 3.8588204 5.925379 1.728156 15.508365 -0.088243335 75.61430143855611 
Car -1 -1 0 742.5429159739443 184.1518422698178 927.4008971441281 244.4192955346653 1.4154041 1.6012461 4.225706 5.691282 1.7207928 18.426556 -0.13470766 55.32743957206293 
Car -1 -1 0 884.3354267418633 186.5953804959339 1209.7589181213725 299.71543610790815 1.4786952 1.5839107 3.7744274 6.1747427 1.6937913 10.4639845 -0.020443672 68.74854115839824 
Car -1 -1 0 632.1520338015512 178.23953613462064 679.5014617721165 211.7609504188574 1.4439245 1.6370912 4.2253513 2.1098988 1.713516 33.948296 1.4916619 45.26949134491133 
Car -1 -1 0 0.0 183.95080211161115 291.3392366416266 312.1537731696622 1.5594937 1.6220324 3.8986561 -6.619983 1.7231538 9.78352 0.024235792 56.61134356641051 
Car -1 -1 0 846.8977461078763 183.95253090111848 1106.9712250381908 273.48130062205075 1.4618027 1.5828619 3.9127803 6.484344 1.6756728 12.959682 -0.0795753 25.811321318020312 
Car -1 -1 0 128.53643560332785 179.28893213628933 378.93744969387274 267.05909692841936 1.6075516 1.6837084 4.1248 -6.892102 1.7437298 14.312527 -0.05646935 66.88953984565595 
Car -1 -1 0 405.67983705190125 178.66696296041778 506.7260990413539 214.6520811679038 1.4743433 1.5945563 3.9366784 -6.478078 1.7288375 30.716633 0.038599 15.475885356096613 
Car -1 -1 0 374.3654145795635 177.86990164823527 488.7818772923877 219.71399884468792 1.5687113 1.6219096 4.0458527 -6.867874 1.769849 28.092674 0.01490318 36.23752747225134 
Car -1 -1 0 739.498527608237 170.51290666713467 894.3655868127959 236.26464641226244 1.7963204 1.6729946 3.9323106 5.873029 1.7323623 20.691925 -0.07406917 23.264356949638955 
Car -1 -1 0 403.826336304657 151.18535452073107 437.4406955025131 177.06307466566474 1.9551439 1.7018008 4.0868134 -14.768515 0.31800866 56.58775 1.5340552 6.667552230458646 
Car -1 -1 0 196.619376168014 162.05672564146536 417.0255592343349 247.3194044312752 1.8987161 1.6949018 4.467073 -6.979724 1.6582713 16.96013 -0.020110724 4.676672942816723 

