Car -1 -1 0 517.4421599353041 178.01756380194425 751.5437588603537 334.08686903700084 1.5311571 1.5771852 3.680359 0.5261061 1.6113527 9.208627 2.0420976 135.13667945064694 
Car -1 -1 0 734.5787092835036 181.243996142583 851.7808230680268 263.89749499868054 1.4711223 1.582001 3.6642554 3.9787843 1.6714147 15.235703 2.0570698 134.12769592825757 
Car -1 -1 0 80.42788065936944 179.53489859944682 594.7069967501766 375.0 1.5207047 1.5591415 3.4334867 -1.5915474 1.5877261 5.3537364 2.027467 105.31149390891225 
Car -1 -1 0 1018.2622630546975 187.91562027310107 1102.0651303037348 255.51050677492444 1.6061454 1.6441197 3.2057202 12.228544 2.055985 19.748655 2.0324917 54.97635629533692 
Car -1 -1 0 873.6095122897784 177.88966525137724 926.1610813241878 216.51239659185208 1.6090186 1.6464107 3.8524208 13.193781 1.8515761 32.677902 2.10457 25.561533845061927 
Car -1 -1 0 907.1428044315977 181.22436332879 941.1931771978552 210.59528744750418 1.4828413 1.5271268 3.7859223 17.308605 1.966104 39.62298 2.031855 8.495306627397182 
Car -1 -1 0 726.828478500672 170.99135722350385 837.40283282345 216.80947179896458 1.736835 1.6311051 4.0497518 6.9211583 1.6662273 29.00692 0.47791106 10.10558413692291 
Car -1 -1 0 1009.7516888101337 183.88887215028484 1043.8955272817243 206.2543089971856 1.4795346 1.5912447 3.9189572 29.964561 2.3024116 51.771942 2.234631 1.5666450089549488 
Car -1 -1 0 1017.4778442836343 190.6989967863609 1078.9973093299884 243.8761025318287 1.5107385 1.6191052 3.5263588 14.431944 2.144761 23.712595 2.1333647 0.3179274797439575 

