Car -1 -1 0 718.4348216889563 186.29892349655194 852.3469040068363 286.1929304514395 1.4231277 1.5579135 3.5582342 2.8948464 1.6908181 12.565002 1.5997539 80.39875223983567 
Car -1 -1 0 782.486587953356 173.36728790387843 967.8191990718298 243.56542438440508 1.6245507 1.6709398 3.9432573 6.379686 1.6377933 17.663752 0.0597669 78.69473675940068 
Car -1 -1 0 289.0380326074975 181.42502412530857 461.1285652335711 238.01501818569224 1.4754983 1.6319888 4.210519 -6.3626366 1.7213395 19.878199 0.0007379076 28.952639983436672 
Car -1 -1 0 638.0194556929869 178.0082109557118 666.8748170899763 203.0169186582001 1.5130309 1.6698798 3.9742072 2.7224271 1.8592749 46.47354 1.5830332 17.856545332195278 
Car -1 -1 0 193.1175359796031 181.19250790693238 426.2348916339523 260.5632091762102 1.5285077 1.6237679 4.1760054 -6.111692 1.7121003 14.985485 0.04302071 62.63778098589142 
Car -1 -1 0 25.551088121252906 182.00191290442984 370.78494110071557 304.43385200659765 1.5568268 1.5970385 4.001793 -5.642255 1.6972994 10.193555 0.04420536 80.34457506314591 
Car -1 -1 0 123.23135202658987 180.48349286552659 385.23271823512135 276.91597302499594 1.5486162 1.5854783 3.831895 -6.097863 1.6917461 12.633115 0.05828566 43.57298593966384 
Car -1 -1 0 374.1117114084729 177.42484529704237 488.80503200397567 222.9047271968716 1.6354318 1.6551147 3.8949857 -6.592053 1.8118548 26.984745 -0.01920842 18.979725296486222 
Car -1 -1 0 696.7390795800492 181.21433754950078 797.1667609032748 216.80693045708654 1.448488 1.5851853 3.9333572 5.8736906 1.8207371 31.008205 -0.17267478 15.606563946888043 
Car -1 -1 0 235.44692646554557 180.0182158301659 416.33615194252536 248.89321925342927 1.5684645 1.6069679 3.7656665 -6.769501 1.7510314 17.501324 -0.044122204 19.8288301690248 
Car -1 -1 0 713.9783796613891 182.23978739333916 824.2266163378389 221.26766029507496 1.4353993 1.5744522 3.8877969 6.177138 1.814826 28.108047 -0.14542273 16.376098230831523 
Car -1 -1 0 335.6548591277828 180.97950295579014 473.38163438393394 232.1087847296599 1.5042238 1.6185124 3.795795 -6.2885785 1.7660851 22.37923 0.034287803 13.44214535005302 
Car -1 -1 0 623.5696476713381 177.666877783344 644.0395533486 195.91613694140477 1.4787021 1.5735191 3.8854344 2.0937057 1.9023653 61.516785 1.6487365 1.2762224907648787 
Car -1 -1 0 392.0720120654985 175.87339239840054 501.5532188588422 216.46777899594784 1.6047406 1.6285537 4.113707 -6.5866575 1.7316132 29.482983 -0.010346916 3.014597805862859 
Car -1 -1 0 698.6670149888873 174.847347598119 788.6491786234737 212.82356246053678 1.6742885 1.6194582 3.7278414 6.082053 1.7680421 32.926666 -0.110111475 1.9649909425154992 
Car -1 -1 0 475.56152469914804 179.1238996002736 546.0171916207015 205.30902273213303 1.5308479 1.6455818 4.001248 -5.9080296 1.9157497 43.442596 0.014535531 0.26244860887527466 

