Car -1 -1 0 663.4125150276132 188.9170585367352 720.1882034694963 235.88683972913498 1.4753938 1.6087873 3.6744409 2.8636968 2.0897455 25.758732 1.5710031 69.87053447334196 
Car -1 -1 0 759.2199249123399 200.2098019983089 1031.5699098543034 375.0 1.4556565 1.5967345 3.6549463 2.93816 1.8395323 8.276993 1.5441039 96.25869498954012 
Car -1 -1 0 705.8995012074417 190.15619716322496 842.9892587941528 288.82060349194614 1.5177166 1.6601807 3.8282642 2.952046 1.8926926 13.706755 1.5505726 82.41156078816843 
Car -1 -1 0 344.6006069312572 187.12101941436075 484.6471066788968 235.4683539028576 1.5167394 1.6800277 4.224723 -6.4888544 2.0164285 24.253775 0.08554347 52.85227109291131 
Car -1 -1 0 230.89971564208673 185.25317639134266 432.30814625975194 261.21175178915297 1.6161304 1.6778252 3.9747062 -6.2738323 1.9164398 16.562778 0.03756092 58.4893195345743 
Car -1 -1 0 647.1223420386232 184.5670005687364 685.9148178813505 218.85488382679767 1.5891707 1.632122 3.6559613 2.8352952 2.2121 36.535408 1.558408 19.63526709829759 
Car -1 -1 0 384.36084204174216 176.56412288375344 506.1790626713254 225.28738480303414 1.9013231 1.7569904 4.5216904 -6.5759425 2.056098 29.197203 0.010933545 15.027279528276338 
Car -1 -1 0 149.12350881712874 191.75887390323618 401.04970119771593 276.9642572367151 1.4905809 1.6430874 4.1414857 -6.3557863 1.881315 13.975769 0.056558836 15.438553838011439 
Car -1 -1 0 0.0 175.77145259187986 341.2384030518214 321.2355338734712 1.7446122 1.6690356 4.210312 -5.9838223 1.787064 9.594536 0.033493493 35.39026568859524 
Car -1 -1 0 449.76803736246035 186.68904446549863 530.7938210331123 217.6836954366792 1.5027359 1.6286274 3.9209754 -6.0212417 2.2249665 36.73873 -0.0585843 0.3032025992870331 
Car -1 -1 0 629.907044059596 183.42321293823974 659.8091984524619 207.8589711624153 1.6416296 1.5733025 3.606345 2.5081 2.43073 51.986755 1.4523765 0.2941790819168091 

