Car -1 -1 0 167.12081119467888 180.48831270030962 362.17876194398883 287.74022377549534 1.6311524 1.724324 4.2710614 -6.1356335 1.7963586 13.448001 1.5336813 125.39549153107338 
Car -1 -1 0 319.0987187176772 179.1371957101067 428.22776454118963 246.70804903048088 1.644212 1.6868562 4.371528 -6.4267197 1.8389785 20.166328 1.5536371 51.130414743263145 
Car -1 -1 0 424.81589849381095 183.03993467852374 481.2248470696523 220.39303769233823 1.4439695 1.5632913 3.8666506 -6.6250153 1.9072984 30.88464 1.5743032 41.65405907772279 
Car -1 -1 0 515.6721799622447 179.68708891784814 555.5509022223213 208.796537062084 1.4165244 1.671891 4.549488 -3.8784611 1.8022902 38.457687 1.5679134 32.00747280645346 
Car -1 -1 0 630.8305625898867 173.16851777762596 655.5946353154213 195.50246477633547 1.5622076 1.6181407 3.8221104 2.4128628 1.5858972 52.435482 1.5699306 9.70526374867729 
Car -1 -1 0 1079.681061035723 144.542848631036 1242.0 202.30367721655227 1.4508092 1.5921836 3.8533392 15.397556 0.739703 19.962479 0.68883216 35.80983355578014 
Car -1 -1 0 697.9320450262986 168.40408256864978 770.0786774320447 193.93116810634987 1.5769097 1.695111 4.2581177 7.793291 1.3020203 45.43579 0.007516567 3.634147944475171 
Car -1 -1 0 856.0857354241075 152.95270361062254 894.7810675775978 178.92928423642525 1.9363523 1.6397288 3.5157695 20.424341 0.45286494 55.555237 1.5555171 0.26751646399497986 
Car -1 -1 0 487.17520680816665 182.43150202278136 525.6425012156951 207.54609146842316 1.4630487 1.6846768 3.9921854 -6.469521 2.095577 45.618576 1.6185946 0.2542235553264618 

