Car -1 -1 0 768.2199288439987 183.26170097077775 977.6578333809357 257.14119021226384 1.4846215 1.6656537 3.938231 5.6166873 1.724129 15.681879 -0.04601857 125.47223968650525 
Car -1 -1 0 638.563804429533 181.19318105269005 686.5168030656386 218.07699241826873 1.3960575 1.5698109 3.8785925 2.152002 1.7675121 30.170265 1.5303942 27.581264107726792 
Car -1 -1 0 334.93051212966105 179.82161144978048 479.5335872656339 228.1347915723035 1.5148945 1.6274769 4.288077 -6.5579777 1.7514185 23.676702 0.001419253 68.02488261414193 
Car -1 -1 0 194.3807431893884 185.61786579364866 407.0147348231983 258.4963018306038 1.4336681 1.5650641 3.852602 -6.4434786 1.7202423 15.346514 -0.037101302 33.551745472182986 
Car -1 -1 0 0.0 174.3436843519567 325.2542715606505 306.17444558551153 1.7084856 1.6663568 4.061701 -6.4349165 1.7319577 10.371161 -0.08250484 83.8667629444689 
Car -1 -1 0 77.69508797240941 186.01982248399872 364.5447864836672 275.22045412162714 1.4338529 1.5997705 4.2049894 -6.718705 1.6853719 12.831841 -0.07362244 20.04728743549056 
Car -1 -1 0 375.7014409745147 174.1992920509228 483.61889344164655 215.84102706396442 1.739336 1.6837548 4.212544 -7.7106977 1.7991734 31.146284 0.05050545 6.3676335011641045 
Car -1 -1 0 620.8711292541409 176.14910902402704 641.4150456530158 195.51916643524163 1.4821653 1.5919981 4.121623 1.7233655 1.7565272 57.998085 1.5952265 4.467770837545077 
Car -1 -1 0 229.88977154868982 180.88387359507 410.1584974450913 242.7730308950733 1.4568989 1.5677724 3.8796952 -7.134062 1.6669598 18.038883 -0.027272984 2.9193745976597034 
Car -1 -1 0 485.03354464316726 179.5319076042858 523.3462954435324 210.72241950831696 1.4970617 1.6012526 4.062005 -5.434097 1.8640869 37.587246 1.5196427 0.3719269931316376 
Car -1 -1 0 548.8245716986568 177.57668754677053 575.3425903326298 198.00477863601714 1.4461024 1.5896281 3.9158194 -3.5923772 1.8136791 54.09528 1.4020917 0.36553019285202026 

