Car -1 -1 0 5.784544386355018 193.23199825356267 236.54328224233657 287.8706163485238 1.3821561 1.5491064 3.8410976 -8.316912 1.5460167 12.760143 1.5531242 94.55127723539246 
Car -1 -1 0 576.4283736728198 174.2716228749499 653.4582200510151 247.13361258375338 1.578588 1.669671 3.308706 0.15682928 1.3414797 17.234438 1.5638686 62.59323478964434 
Car -1 -1 0 211.66154564092423 182.5089701773645 417.12143658150273 307.79623097108157 1.5552205 1.6067864 3.4312897 -4.0945535 1.5216212 10.6503525 1.5851793 109.64911649221762 
Car -1 -1 0 478.9790550511459 179.1101612202087 526.7808482553329 216.19123850682678 1.4855206 1.5914835 4.2401342 -4.419187 1.2409241 30.94629 1.534013 22.169256042686825 
Car -1 -1 0 423.71181007015105 184.6010397338943 495.20633557386947 231.68708154128512 1.3811407 1.5159867 3.4029207 -4.601679 1.3631114 22.799786 1.5878015 70.40019685355608 
Car -1 -1 0 339.68183273755244 181.549782748985 418.8521254823583 224.6363895775125 1.4657887 1.6228398 3.9070385 -8.270022 1.3410758 26.420084 1.5850633 50.86216842331093 
Car -1 -1 0 83.3867664119114 187.1392749748933 232.20170752921157 244.18394888074738 1.4173465 1.624965 4.115603 -12.332298 1.4765854 20.06923 1.5569856 21.908679194204403 
Car -1 -1 0 215.992180324308 184.22456429736673 299.9459239376205 226.89164771499762 1.4861983 1.5313507 3.729402 -12.980433 1.4516747 26.948956 1.5074183 8.699758418553587 
Car -1 -1 0 152.62356832396338 187.5709904157258 229.18940372649857 222.60660095450822 1.4633725 1.6177666 3.65969 -18.537628 1.5750719 32.186546 1.4648578 0.506853049149719 

