Car -1 -1 0 88.43187437757442 195.42088631220912 322.58108005909355 321.3569322416544 1.4663113 1.5355877 3.5365257 -5.7642336 1.859685 10.806593 1.5674007 125.09503662094708 
Car -1 -1 0 723.6189033128818 180.9064336055186 857.6979431769174 265.34459476090086 1.4261746 1.5910815 3.707576 3.4556081 1.6084155 14.438629 1.5210464 125.0820339440086 
Car -1 -1 0 339.8445979834355 184.36117181773938 458.74370767069337 245.20754500885852 1.4296222 1.6769906 4.2284365 -5.654679 1.7831125 19.973457 1.6776141 80.09313987147638 
Car -1 -1 0 664.3950299406323 175.5764990755062 715.1087215564173 215.49796648235335 1.4797909 1.5514205 3.7046008 3.1437058 1.595753 28.866703 1.5520809 55.33196086431892 
Car -1 -1 0 689.3232606198347 177.43487873124784 777.8096709057493 236.36867203629922 1.4522089 1.6272522 3.964878 3.3367245 1.5926732 20.108852 1.5274867 48.09407890341199 
Car -1 -1 0 467.2380278598638 175.8104953092167 511.2428337932044 210.25974534649862 1.5624214 1.6130154 3.6216073 -5.758989 1.7128098 34.870907 1.5441123 23.02501307944287 
Car -1 -1 0 491.8870746696115 178.0673569024753 529.3531569484301 206.71444960044218 1.4999068 1.5892816 3.5989547 -5.470428 1.8036296 40.23482 1.5726981 1.8717580940023084 
Car -1 -1 0 69.53507492961681 187.0929987271321 216.69356017938273 234.89705860397825 1.4909647 1.5576497 3.8304336 -15.314968 1.9773295 23.820675 -0.02426623 4.518259470950745 
Car -1 -1 0 503.31464587714225 171.99960098038855 552.0600204836213 192.0751646094282 1.6220274 1.6205935 3.664001 -6.7638373 1.552995 59.660156 0.33169797 1.4708848830001384 

