Car -1 -1 0 685.9388449229215 186.2674299142969 772.4909811393776 249.9877606841488 1.4537735 1.557079 3.362815 3.036467 1.837134 18.903519 1.5206952 83.57300953012259 
Car -1 -1 0 752.3298667174156 187.130673497697 865.8688155632551 229.14264064868388 1.4364067 1.5948656 3.7033248 7.161854 1.9711863 26.14764 0.04500144 65.00536771952672 
Car -1 -1 0 0.0 188.1348260623166 276.81604948986325 320.1797148160494 1.4959116 1.5963483 3.7524252 -6.5275598 1.7117581 9.287703 -0.057266053 82.13191099767465 
Car -1 -1 0 51.44882781737537 191.8363650115259 371.04588410166997 296.79779172530635 1.4682188 1.6100407 4.120071 -6.075305 1.7927642 11.386421 -0.07136432 57.202106080498275 
Car -1 -1 0 344.41559793794573 179.37526203797572 479.2021761832958 231.72284148884086 1.6245334 1.6537998 3.9818683 -6.3683004 1.8458058 23.552967 -0.052110158 32.47692336101514 
Car -1 -1 0 298.0215464414272 177.36743112825326 461.77014652410065 247.51879000244773 1.7207804 1.5962569 3.7193933 -5.8669233 1.8431638 18.688286 0.04255017 50.3117172992887 
Car -1 -1 0 459.0995231553341 178.26421008936 535.7449870441068 207.69145530129154 1.6812236 1.7093382 4.2280307 -6.5501595 2.005979 42.429142 0.013058072 16.954226578022716 
Car -1 -1 0 166.54640783309384 184.23012836663676 399.0072021278786 269.9084670658081 1.5311487 1.6126702 3.7582235 -6.180975 1.7636805 13.930153 0.006386352 47.641348929152514 
Car -1 -1 0 237.84922650205422 187.33465381989419 443.78622717466163 257.8171454910588 1.4776924 1.6125729 4.0813465 -6.007574 1.82496 16.400887 0.047696903 27.250407256079367 
Car -1 -1 0 719.852935463091 182.72060329209424 828.1074951737867 223.4714966778903 1.5642834 1.6699471 3.9620104 6.531784 1.9714532 28.939274 0.0009114449 4.667605367227643 
Car -1 -1 0 481.4127796605127 177.35403337960233 552.2505273959443 204.16307974761702 1.7204912 1.7259068 4.5042152 -6.0684958 2.0232637 47.58708 -0.04331769 3.9053524254267855 
Car -1 -1 0 693.9585000333116 183.4736445389021 778.4130519043256 214.73479018750197 1.5138083 1.603486 4.034252 6.3443527 2.0635412 36.45117 0.0490703 1.6106746617683358 

