Car -1 -1 0 409.74044319478946 185.4310767027711 493.9870172437767 239.07740598400528 1.4107966 1.5720435 3.52006 -4.3714156 1.4175332 20.70147 1.6005123 69.54297399110197 
Car -1 -1 0 465.4169933615041 182.1531822895645 518.8054915432494 218.6614870446411 1.4602116 1.5800598 4.0225573 -4.852708 1.3377211 30.775858 1.5872319 40.25382223239149 
Car -1 -1 0 136.68983138104744 196.58600839957583 397.2253875984634 336.3812038020029 1.3888291 1.6006882 3.980476 -4.11936 1.570303 9.470316 1.5547026 87.29496818654647 
Car -1 -1 0 359.1372630869923 179.3523061323208 425.0209438707911 221.50789175287906 1.5999945 1.6394601 3.9882843 -8.678025 1.3774524 29.310076 1.529548 33.575734737770816 
Car -1 -1 0 501.5716191490092 180.52881398971954 536.9925397577697 208.37827973926943 1.4844127 1.5658578 3.7214804 -4.8683376 1.2345957 40.185608 1.5592588 19.189416025927986 
Car -1 -1 0 580.4671584643706 178.18824779640065 609.8402058672498 206.93411704837553 1.4926438 1.525475 2.7723927 -0.64630973 1.1277399 38.72467 1.5554913 14.839767020501505 
Car -1 -1 0 213.94781839295547 189.03177773361026 334.52704691351306 248.79666670272724 1.3737282 1.5194798 3.4765198 -8.418601 1.4811614 18.49201 1.560788 17.791684099421385 
Car -1 -1 0 0.0 189.51396112778957 144.39434096207546 252.2793442887344 1.44966 1.5943037 4.0528326 -13.882916 1.561254 17.699236 0.08388499 13.732443698328838 
Car -1 -1 0 212.43815271949887 170.33531979557355 317.1118946368213 228.18869980764433 1.9283054 1.8167537 4.4166675 -12.314644 1.4323289 26.194271 1.5413142 15.28333149263295 
Car -1 -1 0 347.1401229437343 181.0048113946646 434.14749378911995 209.9022804983281 1.4831073 1.5995504 4.0799317 -11.3097725 1.2669916 37.702763 0.0044536144 0.5024167394215412 

