Car -1 -1 0 420.625346418844 186.88122025994772 481.6964112733334 228.56458708327216 1.488627 1.5321438 3.5948677 -6.2520585 2.0843804 28.82027 1.6075068 60.57906148599752 
Car -1 -1 0 649.4626900068837 175.50548099930901 697.1695245597517 212.5264475727718 1.5440167 1.6278121 3.9575 2.7981791 1.6704496 32.393433 1.5272102 45.93454052136494 
Car -1 -1 0 102.40195886521852 201.2416283154673 183.6390167230723 234.39256041904022 1.4326525 1.6213627 3.8629456 -23.44917 2.942284 36.4345 1.5647874 21.391052329312515 
Car -1 -1 0 145.83318781077855 196.95357110628407 224.61820317280436 231.56173294945103 1.4825253 1.6417739 3.911524 -20.841784 2.7381158 35.622284 1.5531776 43.5447696920739 
Car -1 -1 0 451.6258682298424 185.90712590633476 501.8850274160209 220.19529273896566 1.4654326 1.5795643 4.0007052 -6.2606883 2.124063 34.39019 1.5923854 17.53838307493716 
Car -1 -1 0 202.7765803676085 195.69286503461615 278.50101665339054 229.87525094847547 1.471004 1.6951437 3.8647194 -18.105997 2.6598587 35.608185 1.5930722 5.988468588425202 
Car -1 -1 0 52.105446779534134 203.26130125971787 139.1249073711853 237.58573907283338 1.4759911 1.6859641 3.8667083 -25.828194 3.0931377 36.425674 1.5533638 22.39016081930049 
Car -1 -1 0 826.110066603448 161.9670449855519 856.0583072176937 181.24628011636023 1.4792928 1.5875194 3.6986694 18.344158 0.64393806 57.29365 1.6892387 1.4902162414431404 
Car -1 -1 0 482.61259621172746 181.19658886787155 526.3026396513477 209.99932585808634 1.5693698 1.5939015 4.003572 -6.1469703 2.0858831 42.59509 1.6811532 0.8928481175081838 

