Car -1 -1 0 437.4009173024567 169.81357230741995 519.2355047519306 202.01547051323274 1.493819 1.6337278 3.7889767 -6.331216 1.3527759 34.703236 -0.2326881 41.515503701753005 
Car -1 -1 0 698.8510629945295 168.85021527849827 741.2652726658347 190.35000617486327 1.4370265 1.6180073 4.033248 7.660074 1.1694169 50.366154 1.3654205 19.881090759072798 
Car -1 -1 0 979.0049806654396 162.62770141776372 1033.2544823779165 182.99603479008422 1.470054 1.5175047 3.4905477 29.606176 0.7319859 53.966045 1.2773545 41.41412580868057 
Car -1 -1 0 908.9534557385247 162.43427791407032 963.2785963226149 187.01914425569933 1.6888344 1.6329588 3.8076704 23.284771 0.9730611 51.590782 1.3770354 8.446916778058547 
Car -1 -1 0 775.5752709124157 166.69874952912093 825.3328611766925 187.5017142861221 1.4210188 1.7683282 4.268912 13.571483 1.0005628 51.548904 1.3834987 3.66405027891269 
Car -1 -1 0 59.04579632975629 174.2929476958448 114.54055178765392 196.6471742700719 1.4640805 1.6562763 3.681521 -35.765835 1.5666442 49.469124 1.3893291 3.1486818005266444 
Car -1 -1 0 730.4521889713466 166.7359632317847 774.3700959383457 187.87179638151483 1.4531668 1.6563289 3.6450164 10.1648655 1.0325289 51.5811 1.3151109 5.779408025720833 
Car -1 -1 0 98.37889793193287 172.58022808934558 152.24327670085498 195.6310222953151 1.4985137 1.5838867 3.8960915 -32.782707 1.4807158 48.961025 1.3997114 1.6076894642498238 
Car -1 -1 0 605.0024761592492 164.71509296211806 659.8897045154671 188.33579415408428 1.5678186 1.5685794 3.600662 1.5527003 1.0276003 49.669315 0.7208017 4.809187834355426 
Car -1 -1 0 294.6137836906515 149.05623413117243 329.3108483751565 189.8136011536011 2.8803391 1.8431085 4.9709473 -22.057972 1.1985414 53.634666 1.2910094 1.0304915891151742 

