Car -1 -1 0 707.5805194614226 189.03391386701486 857.0035503483763 286.5836118484756 1.4090948 1.5394235 3.38976 2.8910127 1.7350539 12.771893 1.4693027 113.91220029832935 
Car -1 -1 0 652.8500293050344 182.7397385517833 727.2984994919753 236.15986581963634 1.4489423 1.6418949 4.328116 2.411231 1.7886033 22.588482 1.5204685 79.19413875447933 
Car -1 -1 0 0.0 196.4046468042908 283.5475635581965 330.35879839257336 1.4170444 1.6045061 4.2094297 -6.4112 1.7285151 8.730584 0.0047139437 96.42271929455387 
Car -1 -1 0 645.4874722778825 180.71861916907133 689.3677988511926 215.99848674983298 1.4870934 1.5642748 4.0671434 2.6171987 1.8735245 33.392708 1.5348822 17.951752516986176 
Car -1 -1 0 368.2913425029197 185.93954090708965 498.7711432851622 228.15630449136876 1.4466343 1.644899 4.316483 -6.326722 1.9384167 26.203876 0.04233382 39.31973496328649 
Car -1 -1 0 25.967323800898008 193.80648455306493 330.5228663265815 299.656157717297 1.4639828 1.5409367 3.761742 -6.4635487 1.8085628 11.078726 0.00908629 55.42151617925525 
Car -1 -1 0 246.0992278687372 186.56327415834812 426.5139782069424 249.73909580213504 1.4873734 1.6106551 3.9418457 -6.801695 1.849572 18.210274 0.024175433 28.49540037458647 
Car -1 -1 0 201.54436946386363 189.97281883637027 407.99837453705476 262.02270190495057 1.4325101 1.5715594 3.835368 -6.5294876 1.8260618 15.681957 0.06344244 51.709100963310384 
Car -1 -1 0 292.84934600202587 183.55672343020137 439.5085928167589 240.285768139051 1.5088673 1.5433639 3.6568582 -6.8866715 1.82896 20.57491 0.13137631 15.926227919181402 
Car -1 -1 0 123.09300729898793 193.0743167172114 368.01297205269276 277.8428146771208 1.4300044 1.5426542 3.7885294 -6.644458 1.8291945 13.407901 0.03477709 32.35467526333601 
Car -1 -1 0 628.9367591992161 177.5053639843251 656.9240217335422 201.02045412061162 1.6263232 1.602825 3.5259948 2.3926606 1.9761375 52.44358 1.4913746 6.0092654202633495 
Car -1 -1 0 385.4842117550968 183.9977992910795 491.8878166580727 224.1317019586597 1.531456 1.6026521 3.860364 -6.773422 1.989834 28.839169 0.020047022 6.745991330521241 
Car -1 -1 0 400.15842706698635 174.88372535726347 496.7204552526083 216.60401886127536 1.7491542 1.6713338 3.7978747 -6.903988 1.8391834 31.16824 0.00012369861 2.89192096539019 

