Car -1 -1 0 680.6206680778657 181.32602255155655 768.5030090602711 252.56231562471402 1.4875615 1.5504355 3.2022748 2.6209893 1.7066588 17.054482 1.5652419 104.20167467926473 
Car -1 -1 0 783.050598870638 179.61823969457942 1133.7538122234419 375.0 1.5532715 1.5852331 3.4647794 2.8798728 1.6335881 6.8192005 1.5504909 146.49822723234112 
Car -1 -1 0 296.3279468023446 197.36346266602163 442.91439232033025 298.6330382984519 1.4630297 1.5466559 3.5834243 -4.17568 1.9698291 13.109883 1.5466511 82.14042730867148 
Car -1 -1 0 647.2374959378423 177.21119213165153 689.4775423876838 214.26528747921142 1.5718306 1.6091554 3.8234782 2.6309485 1.782494 32.971436 1.5682291 45.58500437663841 
Car -1 -1 0 420.07675952081803 180.65191463945948 500.0312928988529 245.68753328903375 1.7754675 1.624568 4.029705 -4.4874506 2.0371222 22.195955 1.570803 95.47809020335819 
Car -1 -1 0 488.7569030016182 183.88757591445102 529.645483319937 217.93605196397215 1.5577016 1.5765557 3.903314 -4.986156 2.1420636 36.24896 1.5531639 40.99393075196721 
Car -1 -1 0 523.3877787465808 183.0558665254646 550.4971131256561 205.90763826208655 1.5316898 1.5619861 3.8168004 -5.19531 2.2936091 51.977726 1.5726475 9.755940089249377 
Car -1 -1 0 548.6784455543008 182.74184373421565 571.5975709075103 198.64904467136114 1.4554585 1.5410697 4.2119937 -4.8241725 2.456851 70.898384 1.6763514 0.43189626932144165 
Car -1 -1 0 627.1656255704563 176.4192004315257 654.5761780797711 193.13031355880685 1.6168495 1.7064124 4.231411 3.2036157 1.9890792 73.05756 1.8840375 0.8459608229613587 

