Car -1 -1 0 918.7302567398799 190.26846197165736 1242.0 318.1131894736482 1.494122 1.5671265 3.827893 6.290863 1.740685 9.431156 0.0006202714 44.68494233141951 
Car -1 -1 0 630.5301937351243 182.35723681463588 677.5364134796188 215.68186548876824 1.4965725 1.6206391 4.3207903 2.1467042 1.9990628 35.91541 1.4605782 36.736378623970566 
Car -1 -1 0 768.1301222294438 188.88317163195703 948.7496221698974 254.17653096314427 1.4497241 1.5601981 3.8027904 5.909401 1.8556693 17.368872 -0.066304766 53.29956911577687 
Car -1 -1 0 842.6300440112443 189.55358054341798 1102.6317312053043 285.6368832903823 1.4970182 1.5817722 3.6686764 6.0891886 1.8026131 12.368094 -0.024579113 61.2882718366043 
Car -1 -1 0 732.4109556272908 188.61553511696425 894.890247539059 243.68542814255252 1.4292562 1.6072183 4.095086 5.6754255 1.8946425 20.302387 -0.09910354 46.32379072404424 
Car -1 -1 0 0.0 193.85186659835907 289.97214140439166 324.3143489478465 1.4692653 1.6212981 4.110633 -6.4964247 1.7615635 9.217971 0.0075324015 77.96861007609323 
Car -1 -1 0 44.14253045737652 189.50506530005214 342.6356717106073 292.8692261311459 1.5063405 1.6303807 3.9651587 -6.629789 1.7988338 11.744624 0.058619812 55.31896555471878 
Car -1 -1 0 194.8312771945141 182.4101827281286 407.8073803674684 259.8575831896786 1.6244926 1.6727514 4.086316 -6.8142214 1.8518903 16.263857 -0.034209322 52.99164673620486 
Car -1 -1 0 817.8711940659728 186.85356927727162 1034.755205202485 265.27520221547525 1.4852388 1.5860211 3.8095832 6.4557834 1.7929494 14.928535 -0.07356969 22.74185967924159 
Car -1 -1 0 420.4793433182101 183.74011462660377 515.0698979927613 217.38861728251078 1.4595714 1.5930462 3.9564686 -6.367702 1.964811 32.660454 0.015515716 17.557010926866 
Car -1 -1 0 730.8293235721643 175.84394819676666 871.3586851000114 235.5958701406827 1.7870152 1.6778067 3.9338934 5.953462 1.885108 22.675413 -0.08162454 19.785861473209298 
Car -1 -1 0 399.195158851706 181.8555614158105 501.5996888197 222.23855217517098 1.6118505 1.627855 3.8891795 -6.56855 1.9970627 30.027863 0.01840877 18.66661638682317 
Car -1 -1 0 245.6211690627459 170.938297388936 435.6408791591582 246.49309543333376 1.8775308 1.6780596 4.33134 -6.8956375 1.8299257 18.812962 -0.02029477 18.24252649040051 

