Car -1 -1 0 702.1202697144829 173.58888319437537 850.1474794200997 287.97768982908997 1.6584647 1.6739874 4.084943 2.684446 1.6733267 12.539909 1.5827541 113.1603987700892 
Car -1 -1 0 673.7354720780763 179.8748250921578 766.3621934861692 246.41590053589587 1.4777708 1.6544242 4.1769724 2.7117739 1.6790255 18.576015 1.5475371 52.22233380244335 
Car -1 -1 0 651.7989374878457 175.30191068276244 705.6566126966401 220.86599277043248 1.6186928 1.6043906 3.5703976 2.584037 1.7186098 27.639503 1.5363728 62.85246998531291 
Car -1 -1 0 0.0 191.37824793455445 330.7601820088993 310.54578250791764 1.4783146 1.5751519 3.844701 -6.1226645 1.7593439 10.082874 0.039827373 82.39734454412225 
Car -1 -1 0 104.5417867682854 184.6321062010073 379.71573489871525 280.90835574125435 1.539495 1.6541892 3.980772 -6.2813907 1.7614042 12.67811 -0.045236483 78.83196682319351 
Car -1 -1 0 634.8797551279304 178.60608170522832 670.0236105512514 205.7319431205937 1.457454 1.5314052 3.5790637 2.4187922 1.8021595 41.3949 1.4911304 18.017839520551913 
Car -1 -1 0 368.5423474240355 183.03046005591733 487.35030353022626 228.89794579024837 1.5740237 1.6058354 3.8600159 -6.496557 1.9538882 26.044365 0.04505601 8.080899999575609 
Car -1 -1 0 173.0409924870711 187.16127654407154 399.68142209798253 260.5041009549806 1.4368942 1.567652 4.0888505 -6.7092695 1.7556019 15.262538 -0.013021738 8.088561038246924 
Car -1 -1 0 449.84093194682146 180.19322928144067 531.4821738535718 209.27679931956393 1.4690584 1.605308 3.9837465 -6.172396 1.8613153 37.71826 0.021604655 1.3778911697740157 
Car -1 -1 0 399.4067114586043 169.9983921750047 495.62958152633433 211.15203397502395 1.7287029 1.6950188 3.802722 -6.9479437 1.6087499 31.203402 -0.024819875 2.4041300837981074 
Car -1 -1 0 620.6668242792134 174.04368480284248 640.0603468233619 188.59105024141985 1.4656777 1.6721101 4.0211053 2.1387424 1.5928756 75.08893 1.5120454 0.4984259050931181 

