Car -1 -1 0 479.6422754416012 167.72009721172043 566.0001053636412 198.69130703078278 1.4925382 1.6510738 4.1578236 -4.350642 1.2451293 35.994194 -0.20019457 40.61370514480737 
Car -1 -1 0 745.6966418651597 164.3966210683349 791.1159496580138 186.0625686134615 1.5101902 1.5998056 3.9236202 11.481598 0.9206819 52.395073 1.3110707 20.2240236425601 
Car -1 -1 0 996.6204156192352 159.3989250290603 1051.988060757908 180.595836545821 1.5330166 1.6439873 3.4156709 31.014877 0.55990976 54.051544 1.2922193 30.831192152764533 
Car -1 -1 0 713.8134079899258 161.74157314280646 759.396088581782 186.8054861706596 1.6992893 1.6700664 4.297575 8.954062 0.945886 51.197433 1.3530428 16.769848390656723 
Car -1 -1 0 789.0655538531096 164.77784986221923 838.1572202956596 185.82874385311197 1.4576792 1.7069666 4.32906 14.706947 0.89844203 52.243057 1.3962992 6.693997882601296 
Car -1 -1 0 1144.9811863660457 163.0274002476528 1198.298591866966 182.87124703490647 1.4609277 1.619959 4.0335846 42.969753 0.7374814 55.261425 1.7797825 1.37332307141526 
Car -1 -1 0 926.3305005041657 163.4003909631044 979.8880692116994 185.24966893246508 1.5085521 1.5575247 3.7924738 24.609634 0.8558409 51.821022 1.3943698 2.4492640250081483 
Car -1 -1 0 1067.3769306787403 163.49795212255412 1129.578571866797 183.2439713666555 1.4745665 1.6326649 4.0406575 37.350407 0.7758879 55.14202 -0.23257409 1.8188896885420904 
Car -1 -1 0 135.63285636402446 169.41142702051408 183.82475249023693 191.60152797629166 1.4965018 1.5635949 3.6544907 -31.473337 1.2643342 50.5871 1.4147369 0.2728840112686157 

