Car -1 -1 0 755.1072121570348 206.4415132199444 921.3430003756637 322.96522896418855 1.4305652 1.6003476 4.2318773 3.6303384 2.0996904 12.233459 1.6034082 89.73508442052906 
Car -1 -1 0 514.7660528605328 189.7609522825403 565.7434511947425 230.8099312404161 1.4853418 1.7138355 4.236614 -2.804092 2.237316 29.973026 1.570025 65.71363064662417 
Car -1 -1 0 724.1711054469428 200.72684250219535 821.0345042560717 277.2322440831047 1.5364249 1.5731624 3.3388035 3.815023 2.2722993 17.378592 1.5689911 58.96784038504831 
Car -1 -1 0 694.5555468281269 195.4597754262885 758.3758166549186 248.54050911463435 1.5418642 1.5177597 3.3585112 3.8311818 2.3500307 24.099354 1.5482402 56.92296659559136 
Car -1 -1 0 389.56730199457525 192.1842668385823 515.6763351915436 294.64984843529396 1.5765471 1.5602858 3.6495981 -2.804304 1.9905871 13.623678 1.5789866 44.13127614117535 
Car -1 -1 0 674.2073160865381 194.95218047230296 726.0519460330754 239.34611249298015 1.5396249 1.5788319 3.7248864 3.5419106 2.477272 28.748806 1.5653172 29.39909400839945 
Car -1 -1 0 665.1787572104047 191.37243659830972 709.0727350782213 228.81307892278195 1.5720539 1.6150846 4.317427 3.6540313 2.5155988 34.59987 1.5646012 5.178659873475594 
Car -1 -1 0 209.60025013433804 162.07088578085833 481.584058282917 375.0 1.9636339 1.6564269 4.27686 -2.589961 1.8735296 8.195575 1.5354469 32.31603982131991 
Car -1 -1 0 640.1301387780671 191.98260725893672 662.6039751772493 210.39679165161115 1.5820194 1.6150208 3.7904308 3.9115713 3.4364865 67.99863 1.4925618 1.7887789297845376 
Car -1 -1 0 535.7569608940747 187.510698590279 572.4738360965068 223.47254273018123 1.5997176 1.6011531 3.8194728 -2.6861186 2.3619075 35.594814 1.5483788 0.8559734953148747 

