Car -1 -1 0 727.974023301917 189.02132395318097 921.6013207309235 310.91056655370005 1.4136912 1.5796592 4.276264 3.0294962 1.7110022 11.105591 1.5375253 108.85275212676673 
Car -1 -1 0 651.8681283685103 172.25417035411337 707.4795863646057 218.80919089902983 1.8255737 1.7207946 4.3509426 2.8826985 1.8020523 30.509869 1.5204301 48.525521030234806 
Car -1 -1 0 363.7258680171308 177.20898576525863 486.36164897819526 224.31370077129193 1.5815144 1.6135678 3.8624783 -6.3905015 1.7390342 25.24088 0.02623196 18.806167826866883 
Car -1 -1 0 386.722278937449 179.57913782122097 507.4674225527962 220.34681110165835 1.484733 1.6066946 4.220098 -6.1766176 1.7519574 27.643583 0.10836858 10.557520787325144 
Car -1 -1 0 437.08241919029166 174.5202293047589 517.8528831330885 209.34218915462395 1.6271505 1.5972004 3.6344855 -6.299324 1.7092588 34.677887 -0.044163093 6.313032855169997 
Car -1 -1 0 516.8577435161528 172.2711834372504 543.3749376681693 197.6393443228211 1.5186591 1.5814159 3.7075262 -4.984848 1.4837687 45.12931 1.451627 0.7445292491612946 
Car -1 -1 0 353.34688466938553 174.56149755360303 493.68544331134524 226.88733331891603 1.5645986 1.5753946 3.952539 -5.706637 1.6195567 22.425287 0.00543556 2.706817040398349 
Car -1 -1 0 639.2645598094691 177.991985385716 676.9623870966151 205.56294389520855 1.4876952 1.5501597 3.4118812 2.7431061 1.795116 41.385414 1.4510138 0.5201856830984645 
Car -1 -1 0 0.0 153.6872796187575 268.3362749077939 317.2564966402525 1.8499424 1.7093332 3.9718742 -6.691151 1.6331698 9.09168 -0.038872577 0.2603742778301239 

