Car -1 -1 0 418.40999520575684 191.96018692035392 548.4148203069752 269.83055718751274 1.4012947 1.5784683 3.8276658 -2.9149644 1.8801432 16.03621 1.0309123 106.04515431221945 
Car -1 -1 0 944.8363014355482 164.61046876756723 1100.9901505905011 241.3452207072202 1.3980877 1.7217811 4.176988 8.565238 1.2478926 15.371544 1.7889373 89.28524771233826 
Car -1 -1 0 847.3907432027708 164.30315552917992 932.0501973981549 230.8265004360922 1.406537 1.5051072 3.3354669 6.518513 1.2257421 17.06073 1.8299334 57.04121370264241 
Car -1 -1 0 314.1259165074242 184.18711054194486 374.3788356526269 225.63630456894677 1.4878306 1.6330029 4.0115194 -10.799099 1.9804623 29.218563 1.0479296 34.79430198044438 
Car -1 -1 0 110.40995198967502 189.32765425782227 156.03705221587498 221.5841518695652 1.5464591 1.6922369 3.8500595 -25.568764 2.4809008 38.831146 1.0821521 23.45200299051795 
Car -1 -1 0 300.2889067512323 182.63856135972 348.83293858973207 218.77340981590177 1.5486004 1.6506639 4.2409706 -13.637785 2.0457256 34.402004 1.073076 19.043946288783523 
Car -1 -1 0 1053.2022578237975 152.8894036183985 1242.0 229.65173770205195 1.5934727 1.6666421 3.9918594 13.048525 1.1790371 17.132269 1.0855944 33.635696249364905 
Car -1 -1 0 500.20080111138356 172.17510799726372 587.5290548807882 209.17233618239123 1.5977824 1.633964 3.5866802 -2.909325 1.5684632 32.279457 0.17623144 47.30442916280029 
Car -1 -1 0 559.7971836494476 149.5820492080433 885.9062985539612 351.5228688318548 1.9470301 1.7823507 4.5432835 1.1190438 1.7226515 9.377098 1.0692544 2.3084622453210764 
Car -1 -1 0 442.38437094868976 180.64731845520367 527.2693537443783 210.59072826431492 1.4962246 1.6055981 4.0735054 -6.4757433 1.9141474 37.64606 0.12318406 0.854082417064544 

