Car -1 -1 0 727.0877726926179 185.48256657184083 924.6021749243571 265.7585089011836 1.4927537 1.5843308 3.5161235 4.3259726 1.7672347 14.703852 -0.109004326 128.94619018215658 
Car -1 -1 0 0.0 183.82371312287214 248.63247617339113 294.60346587189395 1.461257 1.6034222 4.0988636 -7.7024155 1.6334809 10.504396 0.010758112 63.46056779526522 
Car -1 -1 0 132.9802591839285 180.4336197567259 356.2451087154895 254.5372098330932 1.4942575 1.6337292 4.018058 -7.7962046 1.6693741 15.708168 -0.07338904 124.79030924245825 
Car -1 -1 0 694.2974118403286 185.15487684249507 865.9194422573471 253.01697429339418 1.4799153 1.5448725 3.6307626 3.934626 1.784572 16.966557 -0.07359524 20.366927143059733 
Car -1 -1 0 224.2369663266204 173.46370688165567 377.1348265350275 236.79727215961594 1.704273 1.6388516 3.786102 -8.71196 1.7227474 20.651335 -0.21940474 33.93199342623979 
Car -1 -1 0 458.110172978263 178.43875735690548 490.7997297249555 202.4659315079389 1.6786803 1.6833678 3.5185935 -10.002886 2.1060183 53.26366 1.1782686 15.056042287815147 
Car -1 -1 0 176.62614844691728 176.3067576476666 357.6828075775716 246.63733615879303 1.6397306 1.636474 3.7977946 -8.432028 1.7316234 18.06853 -0.17406471 8.577092647505784 
Car -1 -1 0 263.38546353031836 172.96950520024046 391.6785760819641 227.81124993710813 1.6627498 1.5532017 3.6199963 -8.900637 1.6666213 23.033434 -0.2196006 7.253187205338722 
Car -1 -1 0 1018.9056915028365 188.3330174523088 1091.1436240836454 223.5278870524893 1.4961488 1.6272451 3.984526 21.132391 2.2694883 34.18165 -0.66233337 4.036493524115156 
Car -1 -1 0 962.9486557850844 187.52986690803377 1019.1815644808622 210.17554318952259 1.4465859 1.6635591 3.7288127 26.667088 2.51468 50.56455 1.454685 0.265604704618454 

