Car -1 -1 0 696.1240283633342 184.9724411027779 790.1570077545684 257.7651397131828 1.4299134 1.546658 3.4185548 2.935952 1.7352618 16.463045 1.5816219 84.27368657157068 
Car -1 -1 0 758.3054218538068 176.0384454282011 902.68021458422 234.02656950300192 1.6490252 1.6486111 3.8544893 6.5113664 1.74846 21.57673 0.068044655 76.13082278941665 
Car -1 -1 0 87.20785585190956 189.40935602497038 382.31861818363075 285.7593009931579 1.4375477 1.587227 4.041008 -6.0124416 1.7289473 11.87463 0.015851742 111.6236039716715 
Car -1 -1 0 688.0735332597227 181.69334549911767 778.4651571699364 212.60405682115183 1.423306 1.5708051 4.019859 5.9482145 1.8634615 34.87716 -0.136633 17.717833013477772 
Car -1 -1 0 193.82996145980613 182.630549740976 430.974006431886 266.235963110842 1.5086689 1.5822334 3.9857187 -5.686455 1.7113744 14.091799 0.03912451 77.97614077935873 
Car -1 -1 0 637.0277089156854 179.0265375098342 664.68299505992 201.95712471111554 1.5011435 1.6371586 4.0965576 2.845831 1.9499683 50.40492 1.5556744 9.520175709882947 
Car -1 -1 0 286.46420993405695 179.74686557375344 466.2517330725966 241.84006587171717 1.528486 1.6215196 4.193656 -6.047735 1.7189405 18.957645 0.081581205 36.7083014398306 
Car -1 -1 0 246.68532447087435 177.63598057234472 435.87247742296813 253.5600954234554 1.6307995 1.5731076 3.7787948 -6.1014705 1.7474548 16.61227 0.110146806 25.315736302093335 
Car -1 -1 0 301.7216323053227 180.1029429483383 452.7692747769498 235.57240692768872 1.5567656 1.6407869 3.9764228 -6.796517 1.7810522 21.407383 -0.049334124 11.375287326362914 
Car -1 -1 0 0.0 185.98128508428428 250.70963431993275 314.94868125313945 1.4740113 1.5766996 3.8343806 -6.88385 1.6557275 9.197774 -0.0009713308 25.04084145312822 
Car -1 -1 0 342.3224259355122 181.48799895643475 484.2647312797631 228.24267632589826 1.4669511 1.6209636 4.231043 -6.381321 1.7608992 23.75198 0.0012286757 9.05620721400737 
Car -1 -1 0 372.3198566047798 177.1259313303365 493.8727589603101 221.83584333762312 1.5633581 1.686126 4.0018835 -6.43657 1.7267989 26.521248 0.12409945 2.51609327394071 
Car -1 -1 0 415.37089301027885 166.82687518609382 513.6105554267107 206.91469793308565 1.8017082 1.6265366 4.241193 -6.6384363 1.5308248 33.319702 -0.03687312 1.031956839334809 
Car -1 -1 0 410.23590500553325 177.48317711738594 507.9072280752255 215.11085550137162 1.5464427 1.6138391 3.786789 -6.3867583 1.7503693 30.836582 0.07632546 1.364407357912355 
Car -1 -1 0 691.0420048034824 176.23519452111083 772.8027132612533 210.2447131361096 1.6777421 1.6380532 3.810825 6.209474 1.85506 36.81837 -0.10865477 1.4454423317215235 

