Car -1 -1 0 388.82758050442203 184.3706857521046 505.2965817835441 262.17979253998834 1.4478893 1.6304474 4.2461085 -3.2825112 1.4321651 15.51256 1.5546681 85.9114745950923 
Car -1 -1 0 173.9484065602317 197.4994674654565 448.46432476641746 353.0591115739526 1.3482687 1.6295792 4.3264265 -3.187924 1.5350475 8.752447 1.5521915 98.14072261496602 
Car -1 -1 0 556.5824565930506 177.13774745411212 623.3186213994676 239.75100614287967 1.571404 1.6769774 3.282366 -0.48532158 1.3686718 19.70862 1.5383736 51.47575604798106 
Car -1 -1 0 251.76549509210597 180.39880926245334 369.4452490162786 241.1153789672567 1.469548 1.603826 3.7820966 -7.804377 1.3529629 19.291395 1.5688208 92.75753040334087 
Car -1 -1 0 338.18184994977065 179.81085063244427 392.4640149039419 207.9966036340573 1.4098382 1.5942992 3.813837 -12.66913 1.1394902 37.868107 1.5653082 37.24743565519491 
Car -1 -1 0 511.558530000291 178.2500552348328 557.2167102406372 213.58372285217294 1.5076988 1.6019645 4.159146 -3.252729 1.2104726 32.764805 1.5853262 20.464191562977938 
Car -1 -1 0 447.7947796861714 172.52415628613377 485.87377471525883 198.88627993993708 1.5633256 1.648751 3.8856165 -8.653172 0.8106923 44.58277 1.5579982 7.410826257766262 
Car -1 -1 0 386.18067158811357 177.1536322895166 450.96256561595266 214.85227925349955 1.5347803 1.6394632 3.8140666 -8.106131 1.206559 31.213062 1.622891 7.305728658695268 
Car -1 -1 0 457.34547678747174 174.6797301433647 532.6640074828811 230.6983782184587 1.607695 1.6719146 4.2277117 -3.4411712 1.3053203 22.755428 1.5840838 18.1707317420772 
Car -1 -1 0 241.59337871832068 181.78435930521013 311.52634060123773 222.72057610360375 1.4670627 1.5367105 3.1276646 -12.525377 1.3440912 27.406319 1.4515693 2.8183703599755385 

