Car -1 -1 0 0.0 203.05040763979417 256.1397792406766 375.0 1.4715681 1.6030866 4.1296787 -6.066042 1.9208655 8.667358 1.5754209 121.88873556055206 
Car -1 -1 0 273.1873691057363 179.13412659718813 411.434877945145 262.55171009686575 1.6630061 1.7372501 4.2984986 -6.0449724 1.8288393 16.882168 1.5451791 96.15861064922761 
Car -1 -1 0 789.1160876965432 178.42164112605886 1230.4453313790307 375.0 1.5333533 1.678621 3.9137096 3.0037837 1.5986594 6.475765 1.5324774 117.2154284759826 
Car -1 -1 0 531.0197985310717 179.4791131831843 570.2640772947408 205.23526119608204 1.4413967 1.7205161 4.3965535 -3.518102 1.8642156 43.79427 1.6432014 25.755472980037894 
Car -1 -1 0 370.46265919375287 183.9522106364689 459.3924252558831 237.22744600800823 1.5074522 1.6044775 4.118739 -6.182912 1.8993201 23.382812 1.6167481 19.34991748531319 
Car -1 -1 0 994.3841285950602 153.52717094802765 1153.1076808332436 201.9799604588078 1.4800761 1.6261258 4.270935 15.09445 0.8897038 23.756344 0.48554975 33.62291714736954 
Car -1 -1 0 504.13788517370585 181.0546671712565 531.4781404586467 203.7032369315748 1.4339795 1.5760318 3.8390317 -6.201822 2.013893 49.063557 1.5152726 5.963142867698233 
Car -1 -1 0 634.6721562030378 175.2825966002206 655.7618665930615 195.12106541842525 1.4659443 1.5721437 3.8896444 2.7755008 1.6604228 55.791912 1.629932 7.08143902547179 
Car -1 -1 0 449.8618215187145 183.99121909468897 496.86806044372213 217.41091188747893 1.4441712 1.5083649 3.5260487 -6.386547 1.998482 34.137173 1.586309 12.273494416361581 
Car -1 -1 0 697.8964364081851 169.2459389101228 763.3120767694688 193.23335112620646 1.5904808 1.6748103 4.1024313 8.1467 1.3512487 48.764465 -0.04212494 0.4252205491065979 

