Car -1 -1 0 642.5668343881401 185.2167544746448 723.8914924604394 247.24383118709292 1.5443189 1.528656 3.2452176 1.9953926 1.9227118 20.366823 1.4226668 107.41568102705901 
Car -1 -1 0 561.0278444744281 187.92656106793973 600.1072469436353 219.87797404778692 1.5748729 1.6067305 3.4158096 -1.6131556 2.4304163 39.124046 1.3748381 59.31745770755716 
Car -1 -1 0 385.4902534099284 192.46781928079295 444.322290510657 248.4549895030721 1.519345 1.6639576 3.5846293 -6.095481 2.1935823 22.86946 1.343112 38.91171631434871 
Car -1 -1 0 719.9494846274882 186.24863457841735 901.1764181647271 307.5178602088828 1.490598 1.5745543 3.9732354 2.9139323 1.7386069 11.337619 1.5228755 96.51016235934952 
Car -1 -1 0 601.8103511031694 182.52110137472033 666.4272690350989 231.7845273745451 1.6775794 1.5834992 3.6164958 0.85685706 2.0688748 27.268372 1.3510936 61.074480882127816 
Car -1 -1 0 777.3667163319285 141.4321495763797 1242.0 375.0 1.7918547 1.7331333 4.393827 2.8868115 1.6203842 6.1659145 1.53254 95.55074971199855 
Car -1 -1 0 537.9608044172129 187.93801031254986 568.2999681639194 212.0295844893448 1.4995015 1.5780888 3.8553245 -3.909513 2.5777514 49.527412 1.3595312 12.649362997632197 
Car -1 -1 0 435.3354507592039 192.2453930413508 465.6094272227736 219.01193000148126 1.4643106 1.4864724 3.4396038 -9.636643 2.691881 43.878098 1.4462886 4.782672754702876 
Car -1 -1 0 524.2140066432543 187.17356077898395 544.4236308442049 205.63624682155117 1.521833 1.5724165 3.9508069 -6.7799354 2.848536 64.7733 1.4074225 0.8616880192477532 

