Car -1 -1 0 324.67738061141415 192.3500870425802 463.13412187073527 284.3454162766052 1.4409351 1.5631387 3.54363 -3.9661555 1.8628871 13.836102 1.5814958 109.98432966519786 
Car -1 -1 0 649.1435744976851 179.65034433969376 698.2641213777663 219.6032092891065 1.4357024 1.5419797 3.4988232 2.456466 1.718854 28.295067 1.5488771 62.25049247507973 
Car -1 -1 0 437.32492885531207 183.12821083126448 490.54263537752627 223.66127158152162 1.6703606 1.6406522 4.1094847 -6.553066 2.1674683 32.846073 1.5582856 29.414141540795622 
Car -1 -1 0 737.456798478081 166.6776553995207 847.337206051263 206.08415893417816 1.6289961 1.6678407 4.2390127 7.7374864 1.3736767 30.756155 -0.045299202 34.89713517890992 
Car -1 -1 0 796.0832688070575 168.42395248506156 960.1319535115273 222.8074138530067 1.5489643 1.7014732 4.271086 7.941946 1.4227864 21.551334 -0.071103886 56.36961168523852 
Car -1 -1 0 989.703763095461 153.79789706739726 1081.2816233509748 185.04068323071039 1.573582 1.6619312 3.7634454 21.927902 0.61379737 37.229305 -0.030603277 13.480608876258568 
Car -1 -1 0 775.2756413050279 162.1116823260376 911.3438055436251 213.32904483626038 1.6820555 1.6759824 4.0934167 7.918576 1.3292614 24.651846 -0.058117196 25.171886428260006 
Car -1 -1 0 339.2291398947897 193.01558628108387 429.96781988552556 248.0263424845264 1.3991673 1.5501013 3.798668 -6.629897 2.0572255 21.648296 1.5671773 5.485098437746795 
Car -1 -1 0 475.74904334610903 183.44287855337456 521.2428713119982 210.58617255094822 1.5110704 1.589266 4.259283 -6.728107 2.1911123 44.119305 1.7104256 1.4144065802123191 
Car -1 -1 0 0.0 193.8505963736892 185.0899797643393 263.1667603387049 1.6045804 1.5497122 3.6241708 -12.846895 2.1514444 17.99065 0.015065534 0.6524677512899412 
Car -1 -1 0 1029.504866783203 152.42031501103935 1136.5906637308867 185.62703585775685 1.5192127 1.6797627 4.053441 22.27908 0.5843682 34.025043 -0.087910615 1.0323758451455018 
Car -1 -1 0 957.136453548639 156.65094812885496 1041.6422981096214 183.99074312645996 1.5035138 1.6486613 3.8517234 21.841925 0.6124494 40.51814 0.0072026714 0.28283748030662537 

