Car -1 -1 0 735.3099151097746 182.7869893968927 964.4429621285863 322.878142680583 1.4232787 1.6402674 4.310092 2.9231765 1.5879676 9.800197 1.5610934 98.04802422453946 
Car -1 -1 0 341.410499163462 179.79652278260596 493.83598316760435 232.5494794375987 1.4848716 1.6543186 4.0883865 -5.6776686 1.7024294 21.594028 0.09472953 51.71452720550675 
Car -1 -1 0 106.9772118842742 182.56158083791811 369.92737366597356 281.34943812032213 1.5368128 1.5950094 3.6996925 -6.214266 1.7149173 12.321452 0.06533176 97.59300115847563 
Car -1 -1 0 680.4464065275564 172.95618779871467 738.7432967643194 220.77122087335388 1.5285292 1.6139292 3.706889 3.383523 1.5323288 24.951988 1.6026062 46.15754244844564 
Car -1 -1 0 393.35251181577695 176.2598273773189 507.7185423482932 214.11624419317164 1.4379876 1.6107757 4.176941 -6.1982718 1.5763341 28.437033 -0.03222252 33.74857335902447 
Car -1 -1 0 0.0 193.67915048990275 311.65259398142996 314.8118465233978 1.4185829 1.5587995 3.9749868 -6.3055506 1.7256081 9.704243 0.07877724 42.30793340055411 
Car -1 -1 0 487.7895525616444 176.09619693997016 525.3348705153032 208.38304510652105 1.4672678 1.5529991 3.2814116 -4.9262643 1.6313121 34.81839 1.5037191 9.160122462977588 
Car -1 -1 0 471.8553825748467 174.30240042591393 545.7003471016168 204.0723102025061 1.5538502 1.6371243 3.7138743 -5.3454695 1.6329284 38.56757 0.004155378 2.144556120927073 
Car -1 -1 0 672.3097396904228 170.45106395681884 720.983062844168 210.46418780794625 1.5594289 1.5814737 3.5515401 3.548717 1.4657793 29.897789 1.5687997 4.643197885367982 
Car -1 -1 0 663.6184074151622 175.92339882119407 691.8613869254931 201.59641358441505 1.4634666 1.5217569 3.4971664 4.13368 1.6559546 43.409748 1.7141325 0.988669147082786 
Car -1 -1 0 528.8459084539279 172.42326757417695 558.7443018049185 197.3480768017305 1.6381023 1.6682789 4.0302763 -4.5545416 1.6097935 49.55554 1.3844094 0.5906310613190062 
Car -1 -1 0 547.1662572692284 176.32951859336555 578.1523612718667 197.95074204072634 1.4739709 1.635557 3.70228 -3.4028177 1.7331431 51.81701 1.3411477 0.2634856066908425 

