Car -1 -1 0 722.1666402438702 181.1378426035175 864.5426148459221 232.6941371118594 1.5704888 1.7286646 4.11973 5.8372 1.8478678 23.220684 -0.036805693 94.35531801347742 
Car -1 -1 0 898.758575608371 192.27423044442585 1193.489057383689 294.8733353927345 1.4036611 1.5573845 3.6467335 6.5857296 1.7267189 11.106742 -0.065362036 118.05670675779596 
Car -1 -1 0 844.9392109143196 183.96696631786548 1084.1977336039565 272.63760318639265 1.5199918 1.5849435 3.685322 6.489278 1.7400601 13.435461 -0.033113252 55.00750416319991 
Car -1 -1 0 637.3796281411354 180.35471190721577 673.910517438926 209.58838283198992 1.4027051 1.55053 4.0980997 2.359783 1.8166276 37.74996 1.5459054 20.095564249893478 
Car -1 -1 0 152.9009602896753 181.4237792209867 412.40702298832264 274.2021786609374 1.5305171 1.5938547 3.9310331 -5.719329 1.6940866 12.916353 0.029977325 93.00761560316619 
Car -1 -1 0 0.0 189.51973502229424 301.8761175754712 328.65333771467954 1.4127946 1.57125 4.1133304 -5.932685 1.6227927 8.30364 -0.0012349896 67.55433930314499 
Car -1 -1 0 408.6955601189572 178.7577082162257 513.6426246742595 214.47749358372408 1.4847926 1.6266203 4.1723127 -6.368449 1.7477223 31.21561 0.051232282 27.900766293668468 
Car -1 -1 0 336.3813562405662 179.18094128986644 472.9476202306903 227.75573484396705 1.4608487 1.5804782 3.8914454 -6.3921247 1.6684461 22.801079 -0.0433294 19.99235261258624 
Car -1 -1 0 252.4975102752122 172.31749559885193 440.6611337721025 246.13370155360178 1.7346954 1.6817647 4.073323 -6.4020195 1.7220874 17.904402 -0.053265728 51.40159703530671 
Car -1 -1 0 203.747752430612 183.247010186625 429.896336611156 257.91466485841727 1.4591124 1.6000172 4.142212 -6.0801706 1.6918523 15.254696 0.050406963 25.638690293162924 
Car -1 -1 0 5.040475667958056 188.44286358325542 330.87944630966126 295.44040845638307 1.4311919 1.5575014 3.891785 -6.3785815 1.6798226 10.697671 0.016275005 22.243676952141424 
Car -1 -1 0 428.1664255536502 171.66559655130405 509.0497847474767 203.55180985444917 1.6645942 1.6081161 3.95941 -7.5164447 1.6025543 38.653526 0.093948334 2.6318304829580845 
Car -1 -1 0 621.7180616161319 174.79068008086563 640.4615528468931 192.28398449576062 1.5248199 1.5962754 4.099638 1.978935 1.7060976 65.447075 1.6259019 1.3018016415493112 
Car -1 -1 0 559.1515255196146 177.34819499658087 582.9373901862324 195.18098669892706 1.4520845 1.6029023 3.809574 -3.3264842 1.8494279 61.780376 1.40128 1.070324967857546 
Car -1 -1 0 293.1547674515795 179.03044556530725 455.63854061338566 234.27266731640313 1.481421 1.587119 4.0809584 -6.5482235 1.663142 20.383585 -0.025451334 1.4521972381155013 

