Car -1 -1 0 330.199227184887 177.6769672751672 473.188529160175 280.17102145280774 1.6010408 1.5937033 3.295382 -3.520142 1.4832797 12.884373 1.5803833 108.1765815745053 
Car -1 -1 0 696.6354945656582 185.76273697062305 801.1839028983468 257.54325814546524 1.3742296 1.5297992 3.4063377 2.9337807 1.3873345 15.50478 1.5534117 82.96261857704869 
Car -1 -1 0 74.8978515008435 185.43126573860903 272.5935651815341 275.8423521014546 1.4531617 1.5731413 3.5552413 -7.805341 1.457703 13.353226 1.5539235 102.7148663758534 
Car -1 -1 0 432.336287912694 179.5536116066015 512.5738729612702 235.66992889238347 1.4638096 1.5936687 4.061068 -3.7828832 1.3161125 20.789268 1.5616834 62.44118593581375 
Car -1 -1 0 309.50289304190255 181.08911943396706 396.21582924590166 229.02368576859806 1.4413402 1.577463 3.635334 -8.18365 1.3172585 23.441925 1.5591786 23.514075888731977 
Car -1 -1 0 641.7197369316937 176.75735525895217 683.1911089721258 207.63552648424357 1.4734194 1.6171105 4.033758 2.7375116 1.0698111 36.352257 1.5268259 36.65908158143062 
Car -1 -1 0 483.6910209555371 176.99879179055884 530.2565911680306 212.451708108678 1.48569 1.5611979 3.6081774 -4.393023 1.1413523 31.929407 1.5719975 40.414438358533396 
Car -1 -1 0 586.5605709995062 175.9394650895603 611.9093965593635 198.54908878967476 1.4902903 1.6664262 4.068703 -0.58273035 0.87885684 49.441124 1.5407524 9.802029165101168 
Car -1 -1 0 516.0144890431609 177.67730494407266 545.3358097083894 202.8586018739528 1.4770343 1.5564747 3.6816926 -4.7296777 1.0348623 44.111267 1.4006441 3.811912016021284 
Car -1 -1 0 571.2938062771416 175.92082699414027 599.4635157206336 195.7856211563697 1.5060618 1.589735 3.7775705 -1.6795582 0.8013653 56.48254 1.712325 0.32250556349754333 
Car -1 -1 0 537.3820838668352 173.58563185898893 560.1977058367382 194.2494436051003 1.4842476 1.6076398 3.9911485 -4.393192 0.64887905 53.7025 1.4667675 0.2633325755596161 

