Car -1 -1 0 730.9487831161238 182.6890058519834 977.0151696480347 339.6165805162496 1.4824761 1.6689607 4.4073305 2.7744267 1.6392828 9.298377 1.5684317 126.69797192629585 
Car -1 -1 0 738.236262221995 178.63197282115252 851.2359145580206 219.84336264751568 1.4255371 1.5661559 3.655147 6.646301 1.6417055 26.10175 -0.060867082 27.703129008464806 
Car -1 -1 0 31.884777855578104 176.8521977206961 381.41182291782513 288.36116636967944 1.4823829 1.6316532 4.1914096 -5.6925135 1.5463707 10.603664 -0.061927676 107.9413521319687 
Car -1 -1 0 824.829961653288 179.3091937650298 1048.784767136525 258.7032746553412 1.4371936 1.5915205 3.7130706 6.2972975 1.5734632 14.228106 0.11504421 57.969021148312564 
Car -1 -1 0 300.77981480911643 174.35978458483393 462.9963681113078 228.02618651012924 1.470064 1.6341089 4.1853995 -6.4471245 1.5154036 20.772045 -0.066204116 31.949596589160837 
Car -1 -1 0 723.614983019123 176.19260947664716 821.6475261927072 216.90226952216676 1.5402813 1.5645962 3.4647715 6.341071 1.6749899 28.275265 -0.032336093 19.598336793721607 
Car -1 -1 0 683.0175625844576 175.70960110970722 761.9545274337343 204.92956952913053 1.4991333 1.714988 3.8579443 5.928857 1.6538635 38.149994 -0.046611883 22.575716818991513 
Car -1 -1 0 350.53476312602595 174.73801674382642 493.0436463387305 221.0761389646453 1.4313724 1.6087604 4.189908 -5.959776 1.4943181 23.233036 -0.033388622 26.08891308335165 
Car -1 -1 0 405.2022109300277 172.5420808329907 517.4463654325281 214.2804836712222 1.5626137 1.6145067 3.9869611 -5.6643953 1.5509359 27.86151 0.020720521 36.83581048112719 
Car -1 -1 0 480.78677490739096 173.12848779408506 549.6096797347419 198.06107760469627 1.5667748 1.6671785 4.1275916 -6.031111 1.5847899 46.359955 0.080212116 9.00062631085706 
Car -1 -1 0 766.1591553285677 179.38268129877093 939.3780894535253 241.033361983913 1.5019412 1.6090345 3.933906 6.1709743 1.6780545 18.61123 0.02451448 16.263672700803504 
Car -1 -1 0 633.4015388332633 175.4181526791731 658.342614288678 196.50453262882417 1.4666702 1.6073346 3.9909272 2.6163108 1.660948 52.67074 1.5676072 7.308716067507564 
Car -1 -1 0 420.21323083915127 175.69850907617837 520.5324671166385 211.91082998624861 1.4738533 1.5775574 3.873558 -5.8448644 1.5980211 30.509174 0.104908 1.9884068379225297 
Car -1 -1 0 423.30751600649717 169.91885414262455 514.3765622874407 206.9622708310562 1.6293249 1.637914 3.9194355 -6.3222103 1.5002247 32.74351 -0.09825768 1.0424712858364213 

