Car -1 -1 0 744.0287603132317 190.54455426491037 942.9401997176188 331.3306194754711 1.4500759 1.5617983 3.4453516 2.873094 1.7278461 9.5980625 1.5819099 84.85235343265867 
Car -1 -1 0 703.7844640604541 184.29766253067194 817.1237862608532 222.95122701003248 1.4131905 1.5785513 4.009916 5.807173 1.8728988 27.980053 -0.11029146 31.271304313690244 
Car -1 -1 0 637.2570870500415 179.29125187966343 669.1967487191224 206.41605504649607 1.5227253 1.6319492 4.1710205 2.59237 1.9303395 43.594124 1.559628 21.01215480951656 
Car -1 -1 0 725.1435124569371 186.13982140836512 854.1807505352009 229.7852471405806 1.428061 1.5989591 4.064596 6.215648 1.9082944 25.13318 -0.0741064 25.81465093653368 
Car -1 -1 0 88.17009180151881 183.54048353214952 384.84108388085923 284.8961813557582 1.5412191 1.6235731 4.150251 -6.0910144 1.7333188 12.066344 0.04483913 98.55020190733514 
Car -1 -1 0 286.7289901098059 181.16478869673267 450.4428364526548 241.7628677491293 1.539 1.6372752 3.8703263 -6.442362 1.7747437 19.525146 0.06466969 23.045887769031 
Car -1 -1 0 233.3579299697618 184.5179410612181 432.4852576903592 252.05992750978152 1.4835054 1.6135784 4.070083 -6.408466 1.7718755 16.989946 0.020726606 31.774883473937532 
Car -1 -1 0 341.33145913082893 177.85898554950435 474.32022559396177 229.78079100717835 1.6361241 1.665081 4.0138593 -6.600484 1.8091908 23.940578 -0.08991193 39.79221573772434 
Car -1 -1 0 813.1322951136569 174.628269782383 1044.8384000424824 261.00726519372347 1.6453696 1.6308066 4.0100064 6.3695498 1.6839299 14.732135 0.06766679 48.86747893212421 
Car -1 -1 0 0.0 182.31092363493661 318.98354775459796 315.92797112766664 1.5894316 1.5799888 3.777683 -6.082339 1.7276934 9.630977 0.06882939 60.81531881094308 
Car -1 -1 0 160.9828835218914 183.8878300042907 381.84048251371485 264.0470168258557 1.5155253 1.5979166 3.7391677 -6.7492204 1.7519727 14.662012 0.00058235845 25.59021155309788 
Car -1 -1 0 705.5574378936648 175.4960441305562 806.7801722656214 218.72254409656082 1.7409866 1.6674818 3.834933 6.08264 1.8550694 30.168571 -0.08161997 9.43324131865307 
Car -1 -1 0 455.2238563483716 178.0348075540454 532.9558433658634 209.78838946824 1.6142933 1.6488408 3.7871165 -6.013752 1.8922555 37.839325 0.025727013 5.250718642045675 
Car -1 -1 0 758.0903039736219 181.69515114613003 911.7500209376269 239.01067491042465 1.5084865 1.5997334 3.7706084 6.1940384 1.7649552 20.090115 -0.021724205 3.16179733677413 
Car -1 -1 0 366.78845543530997 175.09504435863295 487.7717759451703 221.907355311084 1.6572013 1.6061373 4.0685563 -6.624196 1.7423155 26.515997 -0.04203878 1.5205290876937216 
Car -1 -1 0 465.44173587486165 181.74347451475325 539.3698836865022 209.51328159503765 1.5022194 1.614426 3.8853974 -5.9598927 2.0102496 40.40095 0.014180926 1.3057320050863057 
Car -1 -1 0 788.010339121324 179.6260170298968 972.713100249249 248.13423278213983 1.5447465 1.582608 3.8167238 6.3633204 1.7139429 17.22749 0.0044964543 1.2188738670772845 

