Car -1 -1 0 419.69972532602344 183.16199904229012 508.9153223497236 240.79128132400103 1.5178106 1.6802766 3.96092 -4.2605386 1.8575792 21.755886 1.6306877 73.25742539995909 
Car -1 -1 0 780.8627532354637 179.55100966578445 964.0105853046981 296.1970431377339 1.5629474 1.5981238 3.4780152 4.020774 1.6872813 11.633054 1.5400914 96.89591283386176 
Car -1 -1 0 737.6358549072014 180.15500973516936 842.4676216647292 255.01464125948266 1.5025399 1.6466606 3.898085 4.0723476 1.6932101 16.856617 1.6194575 59.732934724260616 
Car -1 -1 0 715.4477155909624 177.83377220775103 784.1587030660536 231.5870691049787 1.4956608 1.5802511 3.7443495 4.2513924 1.6630342 22.340904 1.6224494 36.43082691934783 
Car -1 -1 0 472.9451053488142 182.11419188229252 534.608281751176 224.7255852912762 1.4518168 1.5846702 4.0361633 -3.9513988 1.8314717 27.52898 1.617779 31.335257869459554 
Car -1 -1 0 550.2526400442177 177.46907450539604 582.2197075870974 201.93670408357104 1.5678394 1.6154897 3.697314 -2.895397 1.8926966 48.873478 1.6642069 12.313156853928959 
Car -1 -1 0 502.28203055741864 181.6265639047288 549.2849513927749 216.60812415653075 1.444212 1.5515789 3.86443 -3.7382345 1.865968 32.730183 1.6069503 15.708935318398655 
Car -1 -1 0 692.7952103390228 178.25455642584015 752.181643174295 221.2434635270048 1.5017676 1.5760206 3.763351 4.241644 1.7225245 27.589375 1.5404444 25.891235600730397 
Car -1 -1 0 684.395777582923 177.643143758957 723.007219965331 207.6793412760108 1.4990373 1.5605986 3.3931131 4.947106 1.7643292 38.26196 1.5568807 2.2248574249981927 

