Car -1 -1 0 640.6044191387039 173.4536203647275 817.555037173053 237.23972737797934 1.4674729 1.6642586 3.9838262 2.9036157 1.4833051 17.837008 -0.20173325 133.1272416712068 
Car -1 -1 0 596.1021519571714 171.5374293709004 697.5467496528615 211.652873255018 1.5215223 1.6282701 3.7228756 1.4412824 1.4715865 28.517277 -0.18960235 52.96510427389919 
Car -1 -1 0 0.0 192.7992416843405 234.4945077842839 298.0405724042472 1.5113399 1.6128567 3.7618234 -8.480324 1.8710012 11.897488 -0.17033704 48.36692371286394 
Car -1 -1 0 108.26936263197251 180.61025111967282 314.5940711639774 253.01756754874177 1.6312208 1.6806248 4.1099157 -9.596746 1.8343004 17.70101 -0.17795448 85.33792485365498 
Car -1 -1 0 272.6329080696329 178.3688074553064 387.1108185341879 219.0911884600312 1.5055897 1.6126511 3.9101954 -10.802162 1.7288663 28.095968 -0.16514698 36.34588499138268 
Car -1 -1 0 162.51883973369772 184.2968528280906 338.91161515664106 242.8389878217908 1.5073771 1.631932 4.1146 -9.887362 1.8451327 20.16028 -0.16202621 18.48880638394908 
Car -1 -1 0 582.1925118843407 172.49864456573064 670.9592865000216 208.80392516813325 1.492794 1.6026365 3.5520387 0.69293547 1.4781824 30.733398 -0.15466024 7.9785254494737226 
Car -1 -1 0 210.25658942046235 183.00684557617902 357.0585205397801 231.01543603556613 1.457589 1.568819 3.9902017 -10.344611 1.793752 23.071583 0.01724526 6.182198291029804 
Car -1 -1 0 400.8514745714932 173.46584398322338 431.57688476417104 192.21554088439814 1.6370907 1.6368337 3.4352398 -17.438885 1.693806 65.00313 0.9745488 2.618913638801617 

