Car -1 -1 0 711.7775577179855 180.57362089556497 887.0782347310196 291.7911118010611 1.4239227 1.6369716 4.2572155 2.8174548 1.5718534 11.681263 1.549521 107.19363680017285 
Car -1 -1 0 670.4544612428894 172.57539614990037 723.531437466193 216.6568448419731 1.5251476 1.6161125 3.6249352 3.179647 1.5155082 26.795689 1.595191 28.741115259861918 
Car -1 -1 0 0.0 195.25523437656608 319.7019039565286 329.24370831910403 1.4325829 1.577781 4.027124 -5.911667 1.7380157 8.92831 0.060706913 87.46059189123136 
Car -1 -1 0 396.2401813402614 175.45389282936327 507.6572512759608 211.04303020653848 1.4450165 1.6221154 4.343465 -6.550017 1.557305 30.29325 -0.02717279 21.118848709712154 
Car -1 -1 0 41.87692817914549 192.38873406361873 344.7254179827146 292.6706769352234 1.4247557 1.5463558 3.9553185 -6.465167 1.7582806 11.453759 0.047066096 29.119674746571643 
Car -1 -1 0 361.36677645434867 178.8622329634125 496.2228276498941 227.35550773343823 1.4838603 1.6127741 3.9546137 -5.8557606 1.6894889 23.530586 0.18909144 27.966018644824675 
Car -1 -1 0 166.32720338675347 182.79668137686411 392.9714533327487 266.8572530601667 1.5145015 1.5933791 3.757852 -6.389736 1.7232875 14.189466 0.08985775 81.2857087754796 
Car -1 -1 0 663.956185288322 172.5767068188202 707.1996152403352 210.8334513632873 1.5940909 1.585297 3.6153011 3.3047743 1.5825365 31.885262 1.5867424 18.503860441501452 
Car -1 -1 0 499.4980131278177 176.47617408621542 533.9594632576707 206.9003696110084 1.4997693 1.6254493 3.9755495 -4.853416 1.7013342 38.10392 1.4884495 3.579209754564639 
Car -1 -1 0 441.9360870581585 174.11312835437292 522.5587509524645 207.18300122147568 1.5977086 1.6389073 3.6778107 -6.277931 1.6617634 35.81696 0.038424384 3.844454045091403 

