Car -1 -1 0 411.17744616101623 186.22296169582782 523.6020178352613 269.9475701335672 1.4721369 1.630641 3.7600968 -2.8423922 1.7880776 15.169767 1.5685066 94.88582872270248 
Car -1 -1 0 669.3649773233066 180.90448504024374 745.4896810218786 239.72593223669787 1.4707836 1.570415 4.2113404 2.701847 1.7257241 20.73488 1.5592637 71.7945063091838 
Car -1 -1 0 525.6036262326231 182.37191630947729 570.8029308837368 217.55089208038635 1.4813532 1.5933552 4.1011467 -2.7933123 1.9519236 33.591457 1.6121207 39.900517850130704 
Car -1 -1 0 641.2639880620062 173.3411126050649 683.1058077220792 212.73989528668872 1.8472652 1.5959452 3.8319468 2.5595105 1.8727793 35.835854 1.5154448 15.800822913743096 
Car -1 -1 0 646.6417327192254 180.64992832803486 694.0814731364717 217.83204492050612 1.4679646 1.5140742 3.7433586 2.5697184 1.8258164 31.205034 1.5083286 20.459365266847804 
Car -1 -1 0 458.54999632175605 184.26763703777692 535.5326150331296 242.87475167384247 1.4755533 1.6025789 3.8584688 -3.1492128 1.8360083 20.853167 1.5765147 17.903641254597133 
Car -1 -1 0 548.1095820804283 181.03157996631526 578.3305438348651 207.16056382060077 1.48263 1.6084071 4.2349014 -2.8065224 2.009787 44.39149 1.5656984 7.402561204729209 
Car -1 -1 0 630.3578902165755 177.26266666384288 652.0575509348165 199.36595042568712 1.5793049 1.5355483 3.559854 2.344417 1.9206047 54.064354 1.5895386 2.4351867242616456 
Car -1 -1 0 660.1558238693264 181.5076956802187 716.5918520858277 226.82723683985623 1.46823 1.5503712 3.826581 2.770085 1.8036495 26.03949 1.5520086 0.8377374763398312 

