Car -1 -1 0 669.0528020755874 191.98236139187006 828.9547184255179 305.61541059316147 1.4675378 1.5718256 3.9643304 2.1192508 1.8413935 12.05492 1.4767127 101.40695839767137 
Car -1 -1 0 742.2556414059677 198.12316822830746 1119.4579512739049 375.0 1.4998703 1.6535902 4.131098 2.7560282 1.8320451 7.3423715 1.4628985 121.88553927513023 
Car -1 -1 0 263.16434743611023 199.5469408579704 393.4613790087802 301.3601589253338 1.5342516 1.5665915 3.5153027 -5.1725416 2.109665 13.699694 1.4220521 80.79510644886811 
Car -1 -1 0 601.4053751836403 183.24448960762675 702.5110171659563 262.71099496454013 1.6255581 1.6260772 3.7294986 0.89403796 1.9023575 17.248589 1.4058237 93.49336474388784 
Car -1 -1 0 567.2042805168326 188.1764185400002 613.8772812064624 228.10667058332268 1.436081 1.5537962 4.1424847 -0.8476522 2.1133788 29.746265 1.453527 25.95756054113729 
Car -1 -1 0 446.968452045771 187.77930587981376 478.25611367238764 213.14598749834929 1.4772907 1.5912573 3.940541 -9.418288 2.480608 46.462833 1.4692246 9.74098464120644 
Car -1 -1 0 386.2999251378727 182.50185645925458 448.79586895005957 243.18266014017834 1.8509636 1.6525722 4.0181155 -6.5060124 2.2106893 24.79177 1.4184637 63.288770657373185 
Car -1 -1 0 567.7865152296407 187.76340002761327 601.8300780545778 221.29364313949225 1.464788 1.5276512 3.6297655 -1.2434859 2.2273495 35.04088 1.5019 0.6986597702481514 
Car -1 -1 0 543.2696463693198 184.09247639185548 577.270744431464 211.42681435847996 1.6058135 1.5925466 3.864134 -3.192317 2.3566122 46.1428 1.3477768 0.8838309529617164 

