Car -1 -1 0 698.3451236538781 178.7305191132898 821.4199444637361 264.4695245922984 1.540162 1.6774786 4.004709 3.010606 1.6809326 15.261415 1.5455765 116.05370763296654 
Car -1 -1 0 115.12453236339122 198.75037358956533 327.08188393255415 312.30011261855174 1.4525168 1.53616 3.4440157 -6.0840178 1.9372585 11.765049 1.5963469 96.49135912388546 
Car -1 -1 0 283.7123318763354 193.05061623217452 416.49407410554306 267.1179621613609 1.4540759 1.6187859 4.0300136 -6.045805 1.996079 17.321146 1.6060477 95.74656650950753 
Car -1 -1 0 400.6478327572395 178.5256010382465 477.78985484512884 232.51937253203928 1.7243401 1.7222664 4.297453 -5.9393234 1.9428147 25.644417 1.572062 61.91706546326608 
Car -1 -1 0 522.165856136987 180.4344956590536 550.3179058832998 199.5151305745805 1.4354542 1.6620915 3.8449929 -5.837715 2.0634646 57.81018 1.6268629 6.208608335159797 
Car -1 -1 0 558.5811100244433 180.79686655148768 585.908049620489 199.95637967874293 1.4518186 1.6624035 3.877079 -2.9823973 2.1162243 58.34742 1.6645961 4.399792485031865 
Car -1 -1 0 444.48667762494887 182.53382803323808 500.0313861870053 219.97408927166302 1.5130737 1.6070962 4.1561365 -6.07479 1.9750673 32.340435 1.594778 5.5574525645789 
Car -1 -1 0 635.465633304259 176.69364194085472 655.0017067329849 193.98703998119151 1.4732916 1.6857269 3.9873774 3.1562443 1.8267071 64.3909 1.6062202 2.419476458881001 
Car -1 -1 0 682.1285206801003 174.22178712224022 705.3003511584901 193.3517001162315 1.5037332 1.6897157 3.8668594 6.8478646 1.619313 58.98619 1.6367216 0.5549788941838991 
Car -1 -1 0 727.5617311382682 174.29945553791896 750.3804918598543 193.12871880245385 1.4628339 1.6062362 3.7800071 10.430983 1.5836433 58.332104 1.692129 0.26830652356147766 
Car -1 -1 0 1074.9496218590882 150.99657312053185 1153.416860545325 172.9629456770885 1.4680567 1.628033 4.136649 34.33708 0.0072807968 49.17073 0.06613177 0.2566874623298645 

