Car -1 -1 0 798.5755673610404 179.27901421067233 1093.3578766280302 375.0 1.5021026 1.5766506 3.3456 2.9753847 1.5810918 7.1399536 1.6510886 97.14984816787269 
Car -1 -1 0 97.53001168454833 200.83506934024425 326.89625414974677 326.6014221553145 1.5360905 1.6061578 3.778115 -6.058795 2.0573654 11.54858 1.5654175 91.52073800723468 
Car -1 -1 0 451.4156732330382 186.27249989586602 500.4672096825309 220.7895166726105 1.4851123 1.5701433 3.5921297 -6.2871776 2.15636 34.276165 1.5998033 36.65709538625322 
Car -1 -1 0 645.7785029752766 174.99661841049922 683.5363710743812 207.90102946691582 1.6260207 1.6364756 3.829563 2.8391714 1.7440838 37.83255 1.5570182 28.612256391182324 
Car -1 -1 0 211.0919860491121 196.2732628572472 274.17644158607305 226.1458432373726 1.4947721 1.6189203 3.8886101 -20.81535 2.8918872 41.09943 1.5697997 12.090522077052796 
Car -1 -1 0 474.1096554835826 185.4427224114107 515.9940329188222 215.3412037974164 1.5007594 1.6016991 3.8101902 -6.256611 2.22823 39.76836 1.5997818 12.601430942967779 
Car -1 -1 0 260.1350103951108 193.44602544633145 324.0320822615205 222.76658269631463 1.4679189 1.688607 4.251555 -18.074583 2.707623 41.290154 1.5989153 6.3176104635079495 
Car -1 -1 0 168.20150157333669 198.40657216082877 231.15070868249992 227.8058865185488 1.4758776 1.7033165 4.0305705 -23.738972 3.035552 41.9495 1.4686463 7.025510216987953 
Car -1 -1 0 530.4228858331335 181.8878543344116 554.0975729672532 199.81956244707035 1.4986866 1.577496 3.9632783 -6.048402 2.3331535 64.5396 1.3395811 1.659114297339962 
Car -1 -1 0 806.1644298071018 163.33135929255 834.0335858597208 181.471425976211 1.5304788 1.6119018 3.7275171 18.287271 0.72705257 62.799347 1.6522486 1.6815261887604247 
Car -1 -1 0 498.5777025306232 180.45687749285383 534.5763143460824 206.7660135771716 1.6377258 1.611162 4.1736383 -6.171828 2.169021 48.285694 1.6376228 0.6776589147240389 

