Car -1 -1 0 779.0772107157677 175.95842685516197 926.8711338473719 237.14538142056577 1.4256768 1.5392671 3.5390654 6.266508 1.5153472 18.92403 1.0477262 100.00461953881332 
Car -1 -1 0 629.050258395759 176.16037140409068 680.5071237774961 211.51070863413648 1.4230492 1.5730377 3.4314003 1.8979383 1.5742553 31.190557 1.4344926 72.33985889351733 
Car -1 -1 0 352.99917558323665 177.08155499815607 473.28456826778495 218.87081776860856 1.4777966 1.6365467 4.0390873 -7.175782 1.6394542 26.648687 -0.062215347 36.378357783928095 
Car -1 -1 0 610.4804378629306 173.85131629794378 649.4408854125232 201.63857597332307 1.4866993 1.5685751 4.1890182 1.104229 1.5462971 40.939323 1.4406672 12.785221257444455 
Car -1 -1 0 0.0 171.23404491494128 261.518581690903 298.81842507662736 1.6566665 1.6553197 3.4383588 -7.043252 1.6356316 10.210054 0.0077633383 93.0133281939338 
Car -1 -1 0 492.60357958724813 175.4698899598621 520.8311037874664 200.73158560909354 1.49652 1.6227399 3.9304795 -6.484772 1.6681018 45.250835 1.3959544 11.178111321208286 
Car -1 -1 0 287.80387784904974 176.3071378317572 433.6192751086535 228.65433639002492 1.5092249 1.627132 3.8505688 -7.4784613 1.6184967 21.880405 0.07315049 16.775741658791294 
Car -1 -1 0 57.97747709270483 181.0092205883198 339.01660713477855 275.4311311873041 1.4660659 1.6053998 3.8599982 -6.810235 1.613759 12.209291 0.028803386 28.541522867061975 
Car -1 -1 0 448.33723134894655 177.38670053705846 493.2606299178637 209.33582021695608 1.4302428 1.6501497 4.084276 -6.6632895 1.663178 34.98708 1.5038915 0.3248271644115448 

