Car -1 -1 0 675.6969590262896 181.09227659438574 751.1941567718119 239.53004988616647 1.4481398 1.5641798 3.9760199 2.837367 1.7040932 20.429123 1.5705476 110.9155581663967 
Car -1 -1 0 182.34540354512805 196.5189093199809 356.91016533181465 292.2351497616168 1.4557667 1.5866961 3.699416 -6.249499 1.9671378 13.740471 1.5690106 108.33151659728031 
Car -1 -1 0 920.4419875290736 164.01525636775284 1221.0049812377974 251.04067844148494 1.49371 1.6835225 4.485153 8.323065 1.3420012 13.279186 -0.023698501 124.06376809446382 
Car -1 -1 0 794.734132232255 164.3168723777002 956.0370066203458 214.43734925778008 1.5022919 1.6837119 4.434476 8.24187 1.2464032 22.589235 -0.05484839 82.88792281548018 
Car -1 -1 0 351.6903621462246 190.95081679484977 441.2422666706821 247.71891015875585 1.4354336 1.6041569 4.002639 -6.2419863 2.0269957 21.561033 1.5399204 37.27202183243284 
Car -1 -1 0 1106.7935447006505 146.4703254012277 1225.9584615448205 186.31729491054844 1.548686 1.5787816 3.588665 22.229479 0.52326214 28.884396 -0.029077504 19.222154600174996 
Car -1 -1 0 458.8018606064073 183.25243444617158 510.1363422793623 216.62372365417926 1.5123363 1.582919 4.172854 -6.198093 2.064351 36.167175 1.6407368 11.871360649985629 
Car -1 -1 0 861.3773231586076 151.2021755571598 1080.0732830504687 233.11967750803709 1.7670872 1.6856081 4.1527863 8.114546 1.3000238 16.45263 -0.021838313 54.83863217981295 
Car -1 -1 0 711.7325472211489 167.74523795919245 775.9068471204542 191.60097220904834 1.5656562 1.6672752 4.0230875 8.940901 1.230367 48.268238 0.040088523 4.610715568176481 
Car -1 -1 0 1048.5782079166502 149.0249224916187 1164.5478419367312 183.8593418369168 1.5005357 1.6312448 3.9647484 21.97758 0.47406855 32.015522 0.06070787 0.8986969971748217 

