Car -1 -1 0 290.6736211870598 184.49219134918482 465.64260820370095 292.23925843710305 1.4637032 1.6138347 3.7516537 -3.483557 1.4538746 11.647625 1.5788163 100.17705574182004 
Car -1 -1 0 241.51879651926956 184.6075405152515 367.68093661294915 248.13673340755997 1.4634662 1.6108373 3.6504233 -7.59008 1.4494566 18.406982 1.5991722 43.6831300964608 
Car -1 -1 0 0.0 176.11346256646792 246.7719973977977 297.919388061495 1.6411166 1.6305542 4.00887 -7.6761565 1.5184803 11.693211 1.566507 124.23264171847782 
Car -1 -1 0 582.6037960783032 177.12020605041104 620.4647392750646 212.4890816374945 1.5312967 1.639222 3.4964447 -0.24672526 1.1808021 32.87194 1.5697932 24.8900635682647 
Car -1 -1 0 115.61838122745917 186.02527932581893 264.680564905351 242.35277143230707 1.41082 1.6924778 4.2282076 -11.495657 1.4359521 20.190866 1.5836291 16.28204540855175 
Car -1 -1 0 438.8833876026265 179.74739404997126 484.4965816041699 210.3264072433216 1.5240936 1.6061758 3.5783372 -7.560699 1.251547 37.63176 1.5885434 23.1982056472648 
Car -1 -1 0 378.20658198805035 182.56408588423943 443.84974046314676 222.60703415729574 1.4332397 1.5362093 3.6143677 -7.4322987 1.3383317 27.538746 1.5683631 13.621035853262862 
Car -1 -1 0 472.706185711661 180.86523906275508 541.603810612542 229.53991449054968 1.4860713 1.6556377 4.277852 -3.251614 1.3532488 24.097918 1.585352 56.46955325278354 
Car -1 -1 0 492.2340901544604 177.21244646080518 518.4714476605545 196.00583123735913 1.4361672 1.6115624 4.1178126 -8.039383 0.8245686 57.015537 1.5417377 0.3535456955432892 

