Car -1 -1 0 711.7862227488444 187.405188188156 870.8812160986078 299.20438193304466 1.4441007 1.5911554 3.7437665 2.7403698 1.7178537 11.692178 1.5576429 102.0658730649527 
Car -1 -1 0 660.4614823364642 176.6384456790514 728.5834865671931 237.07864646291932 1.7033107 1.6848779 4.103749 2.5699604 1.8329052 22.650143 1.5783739 77.56740915888479 
Car -1 -1 0 0.0 186.9162053508028 319.85064836217424 305.81894105415194 1.4787588 1.6640408 4.2661667 -6.547433 1.6962035 10.180837 0.0686318 144.02063263031593 
Car -1 -1 0 636.9420809416741 177.9750873578241 676.1221356841996 211.98873450453266 1.6701638 1.5955057 3.4630666 2.4121044 1.950739 37.749054 1.5013063 32.993604674973284 
Car -1 -1 0 651.419786042626 181.16229514330135 703.1600767098025 223.34531236817458 1.5117784 1.5671678 3.9711897 2.6198592 1.8648989 28.658482 1.5404568 14.220986854203055 
Car -1 -1 0 301.439076828009 185.83764352808683 459.33451721949683 241.9229794797094 1.4615742 1.5691811 3.9050074 -6.276 1.8378267 20.054255 -0.036421183 20.614032848067943 
Car -1 -1 0 330.4242591117149 179.65371370040165 476.6599948428471 233.42630738243037 1.6085141 1.6859155 4.157934 -6.402629 1.8317872 22.756226 -0.045165025 27.40083362368521 
Car -1 -1 0 174.3440639641056 168.97709625247023 410.71456135652414 263.0785452648951 1.8523153 1.7374241 4.181132 -6.4911103 1.7760013 15.090202 0.008899399 76.72349703201084 
Car -1 -1 0 243.97157315630707 184.2303150554826 432.60098798462326 251.04286505979573 1.5180146 1.5919087 3.9965994 -6.4865956 1.8084352 17.55415 -0.035134163 3.608665353597502 
Car -1 -1 0 404.54002270302743 182.23513879492575 498.3718900047567 218.18458704517928 1.5178235 1.6248516 3.8475208 -6.925431 1.9444563 31.882143 -0.06291235 1.0488932498102785 
Car -1 -1 0 485.1923089093373 180.55303734247397 549.1891578047578 203.59085212166272 1.5127459 1.6316488 4.0661077 -6.241164 2.0456772 48.98343 0.072937 0.6075098676114226 

