Car -1 -1 0 713.8755074543877 180.7185540891734 808.9284514436313 252.07811212028923 1.493541 1.6081328 3.652953 3.5308414 1.7028582 17.3564 1.5978112 53.452334269897 
Car -1 -1 0 199.51332945667613 183.05159954419946 439.2155957914439 266.84228195728133 1.5007372 1.634929 4.0644736 -5.5889635 1.7148851 14.158583 0.08835344 78.04874160734586 
Car -1 -1 0 311.35315464202034 182.09569900695604 480.10975667554834 234.05187970862642 1.4296916 1.6649921 4.432954 -6.1318264 1.7102551 21.034546 -0.017077684 57.55765402112229 
Car -1 -1 0 698.0555063367052 177.40270862505974 769.9774754864738 233.42133888886002 1.5688648 1.6512983 3.810214 3.775042 1.7224491 22.440895 1.5909847 58.72010971539464 
Car -1 -1 0 389.61934716656907 179.9539975382824 507.53256802963836 224.64754407889663 1.5769374 1.6584781 3.966986 -5.8603663 1.8466218 26.566029 0.0057714344 21.95547040130085 
Car -1 -1 0 435.0022958307206 179.21190884781402 531.5166623261813 217.04910883939962 1.5685459 1.6317999 3.8938093 -5.3798532 1.849874 31.064198 -0.024215374 8.725905774257791 
Car -1 -1 0 677.3640321071359 181.28183788088677 717.4485099788401 213.52904162219187 1.4849283 1.4817189 3.3142362 4.311469 1.9225407 35.78485 1.5376651 12.375185359220177 
Car -1 -1 0 423.24449797979685 182.3827350594414 532.9573756435743 222.05558802270906 1.5063283 1.6298664 4.049528 -5.1534796 1.8952264 28.620811 0.0061906716 6.53355027489292 
Car -1 -1 0 508.0084961893 180.57492135504918 556.519523398871 214.7792007751041 1.498008 1.5973115 3.834025 -3.6310523 1.8880656 34.472813 1.6575067 0.7527097969225356 

