Car -1 -1 0 401.1869290756827 179.0157054319265 485.76655793698916 240.3168280264482 1.5172589 1.5610304 3.4092002 -4.341843 1.3638034 19.50752 1.5570388 91.54929439935682 
Car -1 -1 0 665.8952540239871 181.46170843132384 732.1170132997073 229.35869697878613 1.3720541 1.5313648 3.4997919 2.7762403 1.2645175 22.360693 1.545935 64.48664088118782 
Car -1 -1 0 249.4146001372454 183.8993243006781 361.8667131512373 238.27537662267784 1.4012345 1.5984745 3.8579736 -8.430519 1.3673124 20.45756 1.5655913 70.5137183652789 
Car -1 -1 0 481.9308743770843 179.72837274065108 528.425446256246 213.8863665110845 1.4470223 1.5940557 3.6599283 -4.5227547 1.2145648 32.288353 1.5635083 33.70185834904679 
Car -1 -1 0 354.72613964844595 169.35094837863008 422.64605653753756 216.44584130195122 1.7699257 1.6254504 4.0435 -8.737049 1.1736948 29.061544 1.5405354 36.534677999238895 
Car -1 -1 0 585.2933118805768 176.8150650714885 614.9312923838776 204.12882704832003 1.4733957 1.599454 3.837035 -0.44010186 1.0202374 40.719593 1.5401866 15.650823279633839 
Car -1 -1 0 621.5379588894232 175.74685024589405 648.6024124778601 197.67195836263565 1.5039078 1.5918907 3.8748646 1.9530997 0.8544116 51.283287 1.5207363 10.114746268395965 
Car -1 -1 0 516.8492114636002 175.91441933384522 545.4614553615633 201.84768967675714 1.4923244 1.5858865 3.8087864 -4.543534 0.9570843 43.322453 1.4995006 7.554808609452361 
Car -1 -1 0 569.8233237974197 177.03635801371706 597.8458723123175 199.71358258027757 1.4648833 1.547179 3.6117392 -1.6032677 0.93652153 48.3256 1.4433026 1.6097838763273953 
Car -1 -1 0 430.28114358219875 175.77666970236618 499.5761830929996 200.3188885766254 1.5204446 1.6613884 4.120774 -8.957583 0.935676 45.496643 -0.064578064 0.27733150124549866 

