Car -1 -1 0 738.9454239771376 182.32117519994108 866.2130798445398 268.18459674646533 1.40855 1.6140232 4.1348457 3.6676965 1.6251409 14.403885 1.6184614 92.12627250350789 
Car -1 -1 0 711.2691659670957 177.7714342351005 790.5630706079323 238.1429313033735 1.4772658 1.6311343 4.2702284 3.8360577 1.6297486 20.192493 1.632582 71.95517043569578 
Car -1 -1 0 479.68478266345977 179.26538116163482 537.0170069303603 221.70166034838144 1.624953 1.6479285 3.8012125 -4.1578426 1.9102988 30.165125 1.6324303 72.05535627693222 
Car -1 -1 0 508.8483671900172 179.04092211039213 550.8873445648513 212.93895682329355 1.5274718 1.591213 4.2003093 -3.8466291 1.848874 35.381527 1.5723653 18.328326812760466 
Car -1 -1 0 973.7702679483974 168.53045625924705 1156.5007098941019 231.23015961920143 1.5070937 1.6478606 3.962347 11.998431 1.4031699 19.15597 0.61200386 40.58200670958737 
Car -1 -1 0 249.16412699039415 180.76979537401473 353.19064945291774 213.96203059187218 1.542857 1.6581218 4.315465 -14.838955 1.9353251 34.871704 -0.03423165 10.201105693954391 
Car -1 -1 0 1061.9969677734457 170.4868049901166 1242.0 244.92488928111771 1.4475117 1.5401449 3.7316413 12.1178055 1.4014795 15.737486 0.6160171 17.378803979692563 
Car -1 -1 0 217.99409384338756 184.80820187331886 261.9846491026916 205.53009773635208 1.4678715 1.550255 3.6014233 -28.122501 2.4093308 55.013386 1.5563703 2.804958324181229 
Car -1 -1 0 598.7796584329982 177.23398086458317 620.4584620079164 192.67395288926477 1.4582008 1.5937376 4.125592 0.03495553 1.905417 71.51918 1.7095778 0.6745249594043483 

