Car -1 -1 0 709.9714307893274 187.01699076640307 849.8032807896852 283.1650322639779 1.4480159 1.5852854 3.4535904 2.9407663 1.7407441 13.149614 1.5218437 98.15451620941012 
Car -1 -1 0 697.1056810517537 174.9642699114748 812.6605591919459 218.6715470899389 1.8084188 1.7342012 4.5731344 6.1576877 1.9015112 30.887548 -0.03315603 45.88061290954256 
Car -1 -1 0 786.4720150580898 189.24377552823802 936.4652570958675 243.2430489210439 1.4228594 1.5909836 3.71942 7.04795 1.9078689 20.45445 0.055506293 62.06771543202202 
Car -1 -1 0 245.59608658112796 176.07736695220336 431.3158236912372 246.01780656925425 1.6146028 1.6806264 3.9766684 -6.5444975 1.6985047 17.765844 -0.08981954 59.24748965400047 
Car -1 -1 0 4.287957139213542 185.33571144159745 353.22240388022976 299.591473868463 1.5049865 1.6226208 4.1166887 -6.079523 1.7009624 10.506382 0.0054503414 61.36182587465662 
Car -1 -1 0 143.10291660698414 169.23699210887543 399.4559065336569 274.15119214155396 1.7580757 1.6183788 3.8273637 -5.908345 1.6974645 12.9064865 0.0032911445 80.84249529979331 
Car -1 -1 0 741.8960546823819 180.2300350690073 874.1160657934618 233.39430669420162 1.6191877 1.6372675 3.8214095 6.279687 1.8649654 23.13484 0.047061812 17.210014639512938 
Car -1 -1 0 457.40662011924474 171.8874514966039 535.9204898636176 203.7817950009863 1.79016 1.7433115 4.385145 -6.4722543 1.7359095 41.63482 -0.12416182 15.176773284200648 
Car -1 -1 0 438.669583029744 175.31181300468356 515.7738939720684 207.04085435814739 1.5588273 1.6469396 3.6412032 -6.644008 1.6861746 36.486603 -0.04172272 11.631295473822194 

