Car -1 -1 0 718.1209122480504 179.0821380753972 900.1650970021359 251.34358707549958 1.4639256 1.5703638 3.4971232 4.28029 1.6081666 15.747019 -0.10462147 128.32740126504106 
Car -1 -1 0 161.09085990840723 171.4341395878384 368.17373091401544 239.7770325155125 1.4900074 1.6226355 4.0023375 -7.837007 1.4590516 16.67827 -0.06899621 100.47302693425245 
Car -1 -1 0 686.6450968940907 179.4532507938225 850.7775259481227 241.85357084568867 1.462245 1.571072 3.7101457 3.914301 1.6361485 18.061699 -0.09179453 25.451372123798595 
Car -1 -1 0 0.0 171.19303607794782 271.5159727452702 272.56442696927195 1.4966626 1.6130874 4.1198273 -7.833048 1.4721398 11.53095 0.034963086 62.808384188405505 
Car -1 -1 0 233.74005020043822 164.30797657309589 383.30923921794573 223.4867454347013 1.673126 1.6549621 3.9135098 -8.899483 1.4315093 21.638605 -0.22257127 29.437297891201105 
Car -1 -1 0 202.84956551803486 167.93603204252827 369.1418506756375 233.10930617938652 1.6215081 1.6168532 3.7229583 -8.420278 1.4991492 19.062353 -0.169308 5.648434599062604 
Car -1 -1 0 1004.1067623866086 181.82826356066963 1050.9044675695375 214.87438135330075 1.491643 1.5583977 3.8489766 20.694286 1.9602149 35.66634 2.2140918 0.8488809065592393 
Car -1 -1 0 954.3566286496076 182.4777954776408 1012.8341333081827 204.388301328433 1.4438027 1.6743588 3.8051956 26.557287 2.1559813 51.363125 1.3684734 0.25655248761177063 
Car -1 -1 0 457.26537358286043 170.07667160222405 491.0875906276371 193.32990899942283 1.6828719 1.7198532 3.5934527 -10.201791 1.4818722 54.209805 1.1541231 0.25233325362205505 

