Car -1 -1 0 678.8481172067677 178.90205937737986 779.2203099004574 253.2401115630833 1.4787369 1.6076252 4.2659636 2.640399 1.6378156 16.839542 1.563649 118.0732345627536 
Car -1 -1 0 761.235894213568 183.7519636591449 970.428137340198 333.0365971459779 1.5071573 1.4714414 3.2708035 3.0194798 1.6703997 9.166149 1.561898 97.61578643301087 
Car -1 -1 0 426.15040212092185 181.06843550030283 500.92008236719084 232.6394409619082 1.4859985 1.6839719 3.986086 -4.6392064 1.7756708 23.437185 1.5538896 87.62156281174535 
Car -1 -1 0 143.67676850345993 180.12243704892225 331.95997266232075 239.59913225580462 1.4576294 1.595505 4.079811 -9.554306 1.6548643 18.734583 0.023236115 79.94066826764642 
Car -1 -1 0 465.73619640802127 172.56944371994334 518.2170543868858 220.32492868303785 1.7910929 1.5833272 3.727766 -4.6483345 1.7804203 28.94432 1.5463266 38.2720720206869 
Car -1 -1 0 668.8240441295609 176.32981798981913 730.1722040302853 231.01716418112804 1.5937145 1.5643767 3.5793161 2.7974868 1.7134621 23.057192 1.5855403 35.492099906672976 
Car -1 -1 0 648.0909825795884 176.81190499455528 697.5850970687706 214.4823027934698 1.5267987 1.5535126 3.7572722 2.7079518 1.71067 31.58556 1.4907252 11.488005323406396 
Car -1 -1 0 604.6894219672008 172.82000742769597 625.0208099328428 187.78896132922551 1.4884282 1.4905512 3.4677057 0.51771986 1.4850478 73.57979 1.4025893 1.758411616284495 
Car -1 -1 0 535.5374016868446 176.23259639015637 554.2205951934475 192.37141153543422 1.4920635 1.5797706 3.6878345 -6.2486463 1.8263922 69.45977 1.4232564 0.7351618396095597 

