Car -1 -1 0 55.921862916647925 203.59864780774757 301.8024518113816 336.643584530784 1.4494665 1.5148232 3.5688982 -5.958628 1.9735638 10.496992 1.5456824 124.21587880579719 
Car -1 -1 0 266.0219861189797 195.29690025211772 405.7602160484061 273.70452540557915 1.4302082 1.6446711 4.143531 -6.0308104 2.005979 16.431414 1.5611724 93.14840561857652 
Car -1 -1 0 690.7062849500644 176.28842158684742 789.245938327839 241.64577393813667 1.4551215 1.6422886 4.1050735 3.1804907 1.5524101 18.361094 1.5380832 62.583408058929756 
Car -1 -1 0 385.63084079901773 189.75419849696604 473.4759677257805 240.78778347927312 1.443271 1.6849928 4.3857837 -5.8819447 2.0599468 24.103737 1.610555 76.75947463909843 
Car -1 -1 0 674.0633272855212 175.13518958435054 741.020117522943 226.45771641101052 1.5393422 1.6406674 4.0080414 3.143291 1.6210353 23.8298 1.5638087 57.691635466722445 
Car -1 -1 0 819.6729325440198 156.0148549593216 994.9388835783169 213.97085719943823 1.5332587 1.6649827 4.2511253 8.246645 1.0877695 20.15683 -0.11363606 54.45116556470548 
Car -1 -1 0 660.2430525946265 176.48034276476062 705.5458532447047 211.98236499169263 1.5456036 1.5962472 3.6774917 3.3649647 1.7241973 33.66485 1.529432 27.664729111739632 
Car -1 -1 0 1001.8216428037318 136.92390386654205 1242.0 231.81591267255968 1.5122836 1.6308578 4.05178 9.198912 0.9396695 12.408406 -0.046812806 108.24919599231748 
Car -1 -1 0 963.8283436162453 138.75997712162587 1184.6420804228685 222.83122032374308 1.6319271 1.5859109 3.5676587 9.47195 0.9701198 14.87724 -0.044370167 46.84723290418594 
Car -1 -1 0 893.2913869241729 153.25528291747037 1081.2972932397217 218.40496473084204 1.4758956 1.5929394 3.7415757 8.9926605 1.0319078 17.327532 -0.10146903 59.85470273313762 
Car -1 -1 0 478.09365309074815 182.13598093601843 526.1999711363266 213.84670115032694 1.5635688 1.5841432 4.1670837 -5.7383285 2.09289 38.992607 1.6745325 9.00657956539583 
Car -1 -1 0 436.6739033124236 188.61313814467522 497.10374378503826 228.87196512510263 1.4762603 1.6278965 3.8210254 -5.8360806 2.1719308 29.91351 1.6060549 16.170904664084105 
Car -1 -1 0 518.9895080229383 180.28085056692797 544.7880366810247 201.1518460623196 1.4679127 1.4991833 3.6930737 -5.77133 2.0419855 53.919594 1.5796415 1.8856914371908404 
Car -1 -1 0 591.3596156457784 175.93153764082584 617.5676782785426 190.88115647348096 1.4899237 1.5884991 3.6766844 -0.5543438 1.8171976 74.73192 1.2268995 0.3318805396556854 

