Car -1 -1 0 721.4245714916984 173.15161801542382 910.7754086980382 316.93804217964225 1.6796608 1.6555309 4.1388307 2.7386966 1.6848623 10.523916 1.5920466 124.14020270983774 
Car -1 -1 0 681.5047483227573 181.59409438380692 788.6107019846564 257.2473275863565 1.4659855 1.6358192 4.133766 2.7272367 1.691778 16.552238 1.5440174 73.9191884069025 
Car -1 -1 0 655.5433051872803 175.02118724776977 715.8714837105425 224.8096056275951 1.6320266 1.6397588 3.5945413 2.6317573 1.7145128 25.636627 1.5340364 75.09147751530007 
Car -1 -1 0 640.9268231772662 177.99910816204158 673.0654329099665 206.2849080470056 1.4493709 1.477004 3.3942435 2.5462976 1.7418009 39.301468 1.5554478 18.853743908839974 
Car -1 -1 0 0.0 185.95053589591632 343.1952514951884 304.5088913744127 1.556703 1.6716301 4.0886045 -6.2746954 1.7675033 10.650316 -0.06330694 74.02081981898698 
Car -1 -1 0 356.55820396421854 183.50474551415473 488.9430663704168 231.9056971352657 1.5257704 1.594789 3.9807303 -6.1842656 1.8957293 24.113207 0.07784825 19.677092335777818 
Car -1 -1 0 113.52085463415023 190.91195721669328 376.52976105211064 275.3562600671834 1.4310405 1.5746708 4.0750484 -6.6090016 1.7856865 13.370192 -0.0063808276 12.874722670611566 
Car -1 -1 0 620.2060175085779 174.89386904974745 642.2288712700057 190.42541218658042 1.516192 1.6582464 3.8379831 2.162821 1.7281599 72.97034 1.4471238 1.6299793119677795 
Car -1 -1 0 445.66459890603653 179.1992320472599 531.4995177878908 209.1899384843217 1.4806468 1.6177022 4.091045 -6.131545 1.8121457 36.840202 0.022996787 4.232427435568397 
Car -1 -1 0 423.5970313441593 180.9898070278461 520.1064912390702 212.41133368124412 1.4456675 1.6346018 4.2865553 -6.5356464 1.8446032 34.51321 0.023335151 0.5606337537126326 

