Car -1 -1 0 1056.9120336432259 151.97735111454153 1242.0 265.28574949017485 1.6014118 1.6260574 4.054449 9.185131 1.3063576 12.37584 1.8781376 139.31105668720315 
Car -1 -1 0 1016.6170416170706 159.49650840178077 1127.326429405584 231.96544608921255 1.5891469 1.6328913 4.06037 11.374513 1.2962348 18.010464 1.9625595 68.30835945415375 
Car -1 -1 0 60.605248828446776 215.95278503984366 375.26019033299707 375.0 1.4766943 1.5825796 3.5353014 -4.7574186 2.0873556 8.743302 0.4489538 131.7685768296006 
Car -1 -1 0 778.1694073642964 171.79166573169215 869.5445868389487 255.3577398780457 1.5536574 1.6652436 4.2100344 4.760612 1.5339065 15.677329 1.9151889 72.48997509839187 
Car -1 -1 0 984.4712360165053 152.78338552042806 1048.9100066173592 208.60430862458128 1.986392 1.5780212 3.8749833 15.574352 1.2721775 27.767105 1.9288487 57.3044739842324 
Car -1 -1 0 968.9881904071885 158.0821876742492 1010.8731673691044 197.639878143728 1.9500992 1.5910107 3.7560024 19.767344 1.2218841 37.60955 1.9633999 12.833384618288013 
Car -1 -1 0 796.5270447265503 165.21775749208552 871.3202426788031 234.31810009276484 1.6965147 1.6371099 3.9255877 6.247978 1.5090337 19.841366 1.957135 3.6013889920231597 
Car -1 -1 0 647.4695144135574 171.02970111508643 711.0795134465386 194.82149367481014 1.5782714 1.6065804 4.044931 4.768751 1.457253 49.352173 0.37463987 1.0974299147974138 
Car -1 -1 0 854.9705588535052 171.49065387110332 896.7961295535137 208.94447514220116 1.5567921 1.5895522 3.7722778 11.763506 1.5001236 32.030376 1.883657 0.5872009787652575 
Car -1 -1 0 846.7158509179492 172.53932922004805 890.7512040794257 213.880551056319 1.5213833 1.539706 3.169563 10.139868 1.509803 28.302582 1.9045718 0.8234641239177087 
Car -1 -1 0 943.1310648369957 166.04738029752306 972.1243215577349 184.95499291268024 1.518156 1.5671853 4.1039762 28.960648 0.97162926 60.126022 1.8668133 0.2725624740123749 

