Car -1 -1 0 190.618901807638 185.32190340847734 407.96233965989626 259.2090820252071 1.4672124 1.6129448 3.994031 -6.5703063 1.7510701 15.529166 0.046354145 72.17367575751075 
Car -1 -1 0 663.0903612772776 174.48250931878417 749.8561728252741 244.0238483790656 1.7813122 1.7268158 4.439457 2.6685839 1.8334471 20.843605 1.5266643 96.94102611654559 
Car -1 -1 0 306.1974898940862 186.4021472718023 459.965438006172 241.65821323752039 1.4446554 1.5739032 3.8085005 -6.294487 1.8428664 20.266733 0.0823459 30.528274606289283 
Car -1 -1 0 650.4507014377203 181.88983574584964 693.7431150207445 219.14487261285487 1.4938165 1.6082628 3.7473204 2.6931753 1.9146392 31.723747 1.5789886 15.814377270550864 
Car -1 -1 0 254.29794026751463 185.2242688490232 445.9816470848411 249.66355176775187 1.4856948 1.616836 4.1568384 -6.3155994 1.8065037 17.84115 0.030350845 24.731087242715667 
Car -1 -1 0 634.2518663320955 180.11372049564375 668.094350575718 205.86558126085163 1.4525309 1.5469315 3.5683064 2.4733822 1.909577 43.581654 1.4850864 6.348490461512454 
Car -1 -1 0 361.65849536397616 170.65654934597032 482.6046948099747 221.03911985369825 1.8448652 1.6807432 4.204991 -7.035053 1.7644007 27.398117 -0.06613204 5.257935032639475 
Car -1 -1 0 428.3955179493841 178.81001109843578 514.2783969896435 213.41533520295005 1.5834657 1.6359965 3.7060254 -6.5397415 1.8750402 34.33869 0.09154078 5.400250667238176 
Car -1 -1 0 352.8545487414056 179.88228481884022 475.602012126291 229.92520212820705 1.6619992 1.6297965 3.8415327 -6.7139053 1.9146628 25.072798 -0.026847614 5.050300439184996 
Car -1 -1 0 329.394141274879 183.52593773820277 463.49950010472685 234.22929086173298 1.5156951 1.5883293 3.7743328 -6.730197 1.8700832 22.972727 0.10508317 2.5511427651868512 
Car -1 -1 0 453.37040962827047 180.61305758071597 528.1467842936632 207.95628184862815 1.5383067 1.6477407 4.117878 -6.8683996 1.9995561 41.997215 -0.035164725 0.6426824340963416 
Car -1 -1 0 446.0360180907248 175.30203358934997 500.13253331439097 220.55988213602564 1.792191 1.61373 4.0445995 -5.7548614 1.9036977 30.829308 1.5528862 0.27722156047821045 

