Car -1 -1 0 119.38913255797806 179.4582853319546 391.9311610959443 347.57896124166 1.7164483 1.634681 4.142891 -4.320772 1.8234525 9.610295 1.5598936 134.93820058956382 
Car -1 -1 0 719.5276335043501 170.37592867662383 878.9288155175415 276.34176039139476 1.5554459 1.6456627 4.1627693 3.1064742 1.5190709 12.686279 1.5538771 103.38403302118007 
Car -1 -1 0 791.0790114095983 174.38010032189644 1191.3016140294753 375.0 1.5078979 1.6439111 3.8492627 2.965981 1.5259715 6.6181602 1.5737697 101.9569774460339 
Car -1 -1 0 498.31338870406665 177.9695837624087 526.8589878784907 204.4399072316639 1.5312685 1.6715033 3.894783 -5.9603596 1.8616047 44.559418 1.4506094 10.129074430601987 
Car -1 -1 0 625.7011110420577 173.06940967460247 664.6136605065332 201.01058133013902 1.5530212 1.5241134 3.345941 2.0274208 1.5660675 41.91627 1.3863 10.274448719529595 
Car -1 -1 0 579.0371733741044 176.1600848177067 604.3094268242374 194.8009146019268 1.5031116 1.5694515 3.8290293 -1.540759 1.7915249 60.92201 1.393437 4.202044846713588 
Car -1 -1 0 601.4568177209692 172.15483117395965 634.7126994296018 195.35084101450425 1.5042026 1.5155232 3.705586 0.53758514 1.458863 48.75473 1.3749467 2.986547765443832 
Car -1 -1 0 558.5200980538622 176.7533290369055 582.2433936814678 193.87261540219535 1.6148572 1.6346769 3.637973 -3.8765626 2.0087748 70.92471 1.3154274 0.6670841563126958 
Car -1 -1 0 649.6753629443901 171.46466570519382 695.1558573446312 208.2167181827061 1.5623877 1.6138223 3.957088 2.7846327 1.5033247 32.673035 1.5441657 0.5168731607424726 

