Car -1 -1 0 357.5401194985742 185.2422122068603 496.64006196073035 275.58906120235395 1.4694932 1.6281141 4.1972747 -3.2527766 1.4700794 13.794317 1.5680342 110.62242411224194 
Car -1 -1 0 235.42817982678054 180.4356795689187 361.13967216537196 243.93400526375393 1.45213 1.5835059 3.9138904 -7.7379947 1.3428167 18.407387 1.5565596 105.00822424895513 
Car -1 -1 0 35.70839208704841 200.21978431447866 420.18885919361793 375.0 1.3546402 1.6341568 4.257901 -3.1653833 1.5474725 7.0894485 1.5450552 95.09651943203066 
Car -1 -1 0 555.5160724010735 177.6085292285026 621.0833650285738 238.0980394336686 1.555325 1.6864407 3.2943058 -0.5066265 1.3597271 20.141243 1.5580165 55.961097648743255 
Car -1 -1 0 510.3053861356197 178.3068227680635 549.411600970745 216.04321153568972 1.5508507 1.5939704 3.8147674 -3.3360505 1.266917 31.50655 1.4926898 28.62340005338605 
Car -1 -1 0 332.29768202515663 181.30754121779623 386.8612972854594 210.44193652766026 1.4182153 1.6027653 3.6975086 -12.625957 1.2279725 36.860725 1.5461046 33.43887132026787 
Car -1 -1 0 448.1586110108465 174.23415839174072 528.468106195211 235.12103487151828 1.6078844 1.6498564 4.110656 -3.3654335 1.3178868 21.043234 1.5763478 43.64904191821265 
Car -1 -1 0 380.00042550739886 175.2768792340444 447.8649681178633 214.12312504312507 1.5302842 1.6517847 3.7326455 -8.042209 1.1387607 30.2321 1.632847 9.847210608502483 
Car -1 -1 0 441.29824597580597 176.55098021339944 483.8823967165997 203.07771114875382 1.5326273 1.6179866 3.7706852 -8.688467 1.0320084 43.46273 1.6295478 2.4427575483136184 
Car -1 -1 0 424.41605387784176 175.85719556275862 446.31853027103836 195.52264167981002 1.4793024 1.6081537 4.190321 -13.467993 0.7753237 56.3013 1.3299417 0.6870609669557654 

