Car -1 -1 0 821.0002515430418 198.20843571854357 1115.2845541485299 290.07579203917226 1.466864 1.6985462 4.418831 6.241603 1.9532664 12.932523 0.027425947 96.5329339861529 
Car -1 -1 0 179.29306039421223 188.94880378032914 415.6052317016162 266.35143363407303 1.4743105 1.6679394 4.2504363 -6.397402 1.8352244 15.171363 -0.08363096 77.88763448103118 
Car -1 -1 0 777.689876761392 196.88204009474518 924.8156510313438 251.88583296143878 1.4294388 1.5494542 3.6319845 6.7734227 2.1391292 20.420458 -0.06487537 65.1636303787247 
Car -1 -1 0 269.65939549002354 191.06424228968538 461.10873852085564 255.50546278593725 1.4415923 1.6089565 4.143111 -5.82977 1.9088817 17.589777 -0.059114087 41.514555819764986 
Car -1 -1 0 699.0020024856002 191.43904067250241 794.9596141484607 228.18868060826648 1.5637826 1.7427895 3.9836588 6.1249537 2.4224644 32.46244 -0.0016417628 34.277986836648545 
Car -1 -1 0 356.20666142102175 188.43675504027664 498.11068280609146 242.56520762255613 1.5534983 1.6183087 3.9386847 -5.5856104 2.0577128 22.322536 0.11212269 58.668667751560285 
Car -1 -1 0 750.9606637498136 193.17769430464733 884.2837901204286 245.28975051367954 1.5164627 1.6016376 3.7013717 6.484907 2.1825736 22.69462 -0.08432461 32.84295075954179 
Car -1 -1 0 643.0639184262386 190.71100118182306 668.42912871735 215.621919612035 1.4578571 1.5805854 3.8058481 2.9807231 2.667841 46.95015 1.6221635 15.482328384002514 
Car -1 -1 0 462.35371322266576 190.02026931617337 544.6858391177296 219.37448062121794 1.5574336 1.6494293 4.309807 -5.9720936 2.556248 40.81508 0.16496472 11.88995737246524 
Car -1 -1 0 971.1096399057324 197.86656757169155 1242.0 350.45863621591576 1.5564783 1.628792 3.8227277 6.648819 1.888905 8.631699 0.076353505 27.10669905790759 
Car -1 -1 0 386.3618371619534 182.9555308832129 504.6439452752864 229.07602528550683 1.6701822 1.6511651 4.1178994 -6.1495953 2.0650468 27.353424 -0.012468802 20.39984004645132 
Car -1 -1 0 377.1066741570996 191.4207387452397 505.17487002867216 237.93553730452126 1.4715565 1.5935527 3.9810762 -5.7488046 2.1382813 24.808294 0.15898766 3.1849933388412954 
Car -1 -1 0 680.1256937061967 189.14685892437822 707.031444043819 211.40589092253177 1.5979668 1.5447636 3.5780098 6.5208855 2.9099097 56.281002 1.5299025 0.31825485825538635 
Car -1 -1 0 470.78569856397326 185.02767957149425 534.9059965997103 210.1179648607699 1.6074353 1.5861906 3.995458 -7.0516586 2.4299424 47.900475 0.0285424 0.2657196521759033 

