Car -1 -1 0 691.6706125102593 185.64650988575394 791.5331447405068 256.2650385519696 1.4299902 1.5735581 3.431416 2.9946766 1.7624147 16.99768 1.5219014 73.26070981217711 
Car -1 -1 0 759.9857020442913 185.5880579271084 885.8069084200172 229.61272022310064 1.3956115 1.6004372 3.7937856 7.1039925 1.8401849 24.291777 0.052505683 47.98699966402141 
Car -1 -1 0 0.0 184.80943654886264 323.1937750123658 314.12463020583044 1.5012493 1.6322728 4.152988 -6.1677384 1.674499 9.504249 -0.0662279 68.12102032219994 
Car -1 -1 0 254.4700570913976 171.78123777434948 445.5183770597124 251.8725025674361 1.7694365 1.6290731 3.8566556 -5.9232416 1.7457361 16.770905 -0.0081110615 65.36578084767994 
Car -1 -1 0 176.24437899398959 183.10175219560278 418.24858124412634 265.99136325622356 1.5292912 1.6181161 4.107811 -6.06836 1.7446251 14.338595 -0.006765996 41.58194069136929 
Car -1 -1 0 318.6958708095912 175.6211255907988 464.4310196608544 233.61291997819532 1.6484627 1.6744022 3.933367 -6.4328356 1.7353716 21.635056 -0.098627344 30.78065619336869 
Car -1 -1 0 693.4277139395122 176.9275995596459 789.4452657142785 211.83094204326798 1.6225094 1.6612977 4.2764597 6.2911234 1.8235828 34.68662 -0.046246797 19.00337190766445 
Car -1 -1 0 78.72427855254911 180.7666469682742 359.8144600566446 281.2032195910003 1.5183756 1.5922326 3.767653 -6.2771664 1.6586683 11.919344 -0.041536704 39.16719504066505 
Car -1 -1 0 452.5812423184715 174.52612209750646 527.4488667551323 205.50798770519987 1.6914682 1.6932889 3.945448 -6.6460567 1.7871908 40.39798 -0.030996181 13.49262503918671 
Car -1 -1 0 725.768945282536 179.04303863299756 841.5800384997837 223.2288603054015 1.5864441 1.6485589 3.9514225 6.4484935 1.8255115 27.00936 0.019110199 10.901714391289 
Car -1 -1 0 476.6378592988543 172.25586396575017 546.5641192561143 200.7224832051588 1.7514344 1.7271118 4.2891474 -6.1585712 1.7146333 45.518593 -0.12556489 2.0517992949262776 

