Car -1 -1 0 742.9241752860303 177.2384035390445 971.477755786101 322.35957396530296 1.5424795 1.6674659 3.9460857 3.047626 1.614016 9.78111 1.5479032 118.397339325354 
Car -1 -1 0 103.8583869705611 197.5011753585506 340.48122783954824 312.10449742713047 1.435914 1.6496849 4.085294 -6.1088295 1.9161909 11.994421 1.5995581 120.32463889202045 
Car -1 -1 0 340.5833601141077 176.17962071819707 444.83954865600515 245.1738209851919 1.7080832 1.6910796 4.2899704 -5.9235325 1.8112621 20.228558 1.5556782 98.89433046801896 
Car -1 -1 0 546.682081768833 178.18048344107808 576.8275110055862 200.95768226117795 1.4542968 1.6710008 4.060534 -3.2099965 1.8317858 49.082542 1.5990002 13.620397384224844 
Car -1 -1 0 406.6299591940893 177.0317217442457 477.95069203795424 227.31267084298233 1.6988965 1.6631545 4.254395 -6.122038 1.8667487 26.861486 1.5722743 16.392614558895943 
Car -1 -1 0 513.647090781018 178.99884459457445 542.4431954615136 199.9566840690983 1.4282383 1.6221778 3.7752147 -5.8571796 1.8887417 52.177948 1.5802076 6.770109175214057 
Car -1 -1 0 465.55892821915376 182.56887271551176 510.74605236600286 213.28275598426444 1.4197837 1.6054779 4.3468657 -6.142363 1.9460783 36.91031 1.5645924 4.714992484734167 
Car -1 -1 0 638.99144166141 174.1561853600106 659.8205641532398 193.3958935090503 1.5126549 1.643686 3.605063 3.2514594 1.6221504 58.82486 1.6279335 3.8323907987062995 
Car -1 -1 0 527.5826873994143 178.62229313258456 549.5276941027589 197.52825225506695 1.4847817 1.4993631 3.738842 -5.845624 1.9770252 59.693233 1.5564349 2.5406678101683906 
Car -1 -1 0 685.8009926687971 172.9311418901468 721.1177931629106 193.9571716039351 1.4911597 1.6112363 3.7510757 6.8757286 1.497054 53.1601 1.4217486 3.926971265874372 
Car -1 -1 0 905.2143969169587 150.61999032998344 1020.5318654243188 191.95761821697536 1.5174897 1.619916 3.8184896 13.532925 0.7012869 27.861135 0.3227745 1.3394744694422809 

