Car -1 -1 0 695.4318496947268 189.90857496070535 850.3269667864996 251.23452644863713 1.4714756 1.5980821 3.6219883 4.191805 1.9390361 18.815649 -0.09412247 111.11043503480228 
Car -1 -1 0 828.7418198138114 196.56882036106657 1242.0 354.1881658097413 1.4798207 1.6478566 3.7905054 4.604331 1.776659 8.05045 -0.084548496 126.65487040467586 
Car -1 -1 0 227.0586613730785 179.341648087143 398.9266826769282 238.30562779965746 1.5107678 1.6460898 4.03098 -7.9774666 1.6967723 19.696049 -0.08483082 83.43829732955375 
Car -1 -1 0 671.6530611669147 188.48143242497403 806.3673181228899 242.75834724211634 1.4734099 1.5555061 3.5867631 3.7396321 1.9524841 21.136288 -0.11781659 23.862067811166963 
Car -1 -1 0 85.32909675804451 179.05624837827656 333.6026302621066 258.7332246008802 1.4982166 1.5886247 4.11069 -7.903567 1.6297421 14.496868 0.0047881543 53.73171384258967 
Car -1 -1 0 0.0 179.58876489792567 284.7936030549966 279.1362696022762 1.4681008 1.600193 4.0885944 -7.690131 1.5867107 11.739712 -0.083455 50.11021737765949 
Car -1 -1 0 459.60893614716537 178.77714143938252 493.26247447303047 201.98964852636237 1.7461878 1.657404 3.472124 -10.576696 2.231371 57.18143 1.0836353 6.629918531848426 
Car -1 -1 0 282.028189087696 170.8582079070739 405.52884817304147 223.04890876712122 1.6859062 1.6188984 3.7821765 -8.934427 1.6214364 24.541767 -0.23897123 10.844062432464346 
Car -1 -1 0 367.187263888457 170.44594826600576 408.34729471571944 212.23743669250527 1.8782966 1.5932579 3.73527 -10.633432 1.7700678 34.458828 1.1947238 2.042967556219998 
Car -1 -1 0 255.76925838375544 173.6354681062627 398.5441414928889 228.70478550243078 1.6067894 1.5921538 3.7940233 -8.548523 1.6318246 22.09851 -0.11970815 2.536887536256658 

