Car -1 -1 0 789.4166901724858 184.1764157670673 1033.9929252871168 268.0787295319862 1.4646612 1.6519005 3.9947672 5.658208 1.6959993 13.796653 -0.06075903 123.7535091636509 
Car -1 -1 0 639.9582057759914 181.76161396443726 692.2859714425143 221.2945267929403 1.3893051 1.5591795 3.9579377 2.1464899 1.7632768 28.278599 1.522931 42.84025201230065 
Car -1 -1 0 312.9903497397285 181.30918695218284 469.71973065147506 233.57483229943912 1.5001526 1.6239494 4.248849 -6.5261984 1.7663544 21.853079 0.02447345 79.49552770630078 
Car -1 -1 0 123.93991216908283 185.63952945756188 382.01935165876324 268.2073040174256 1.4198222 1.5788287 4.043555 -6.52723 1.6742411 13.513415 -0.027368845 38.18374072996144 
Car -1 -1 0 0.0 189.88027147683084 331.71767141754304 297.1724750894233 1.4522271 1.6139934 4.195368 -6.6302786 1.7327476 10.972322 -0.052298415 29.60856451688781 
Car -1 -1 0 549.6037512825114 178.77590356630677 577.6993094282957 199.98885114212268 1.450187 1.5658062 3.7842588 -3.2947974 1.8957258 52.347183 1.634735 4.617694339882274 
Car -1 -1 0 377.2088496901607 175.52846916108768 490.3407294883561 219.28734025051455 1.7078023 1.6265209 4.1571813 -7.0377955 1.8189961 29.132242 0.025729442 8.490528723861791 
Car -1 -1 0 635.7213627090675 178.82275058222078 673.3430573375382 209.38649803786723 1.4670662 1.5825689 4.19298 2.2882433 1.7954539 37.579357 1.5423986 4.29409707672377 
Car -1 -1 0 618.2666327232803 176.8514200147038 643.9356111648908 197.78618289996183 1.5462923 1.5642354 3.5813446 1.6371989 1.8660251 55.85745 1.4792922 5.410734689816888 
Car -1 -1 0 189.4343021990619 183.2197308378709 393.931577474481 252.57282013531454 1.4572184 1.5790339 3.8940086 -7.022127 1.7013335 16.195599 -0.0037285804 3.1269519386349236 

