Car -1 -1 0 384.02998052935436 174.83468008243565 498.00830160818094 216.20270906777554 1.5962003 1.7264062 4.142854 -6.6580462 1.6776276 28.79353 0.0030301656 63.797695890384944 
Car -1 -1 0 817.7212576379178 179.4636443250011 1044.6609265066797 262.3378726538285 1.6060457 1.6858265 4.0458827 6.612143 1.7549931 15.20542 0.10710482 60.55959116361372 
Car -1 -1 0 0.0 181.04275748612136 311.363232806613 305.92492974328184 1.5460658 1.6542486 3.7376332 -6.3535385 1.6715366 10.059525 -0.092446595 112.91111115643776 
Car -1 -1 0 845.446296526662 190.7072511395988 1124.789355617275 280.6573798085055 1.4219476 1.5833143 4.0495667 6.4066873 1.7563975 12.636248 0.044285797 108.30154666050107 
Car -1 -1 0 423.02522220708164 170.22347657117032 520.1551387676744 209.53536693944488 1.776655 1.7639396 4.3584814 -6.412621 1.6577713 33.815857 -0.15449183 28.025928672676507 
Car -1 -1 0 730.0137771912783 171.25245458547832 888.6212907022615 230.63094780515087 1.8176318 1.7501417 4.5719604 6.3112226 1.7686069 23.09139 -0.0572502 79.56215865905139 
Car -1 -1 0 300.8256232721605 181.14475348239262 440.9990580895567 233.73086048525983 1.4984981 1.5724857 3.6811774 -7.070597 1.756017 21.612358 -0.0071144635 12.543871793180235 
Car -1 -1 0 276.0733354761285 170.29051101257681 442.54535349263097 238.24126987383917 1.7222614 1.6211548 3.862209 -6.584929 1.6572878 19.215708 0.06154058 4.21897089117185 
Car -1 -1 0 517.0554591480591 176.02648366329854 541.1833636537099 197.29809290455228 1.4798925 1.6032498 3.8463225 -5.918716 1.7210369 52.823204 1.4198422 0.9630982661670523 

