Car -1 -1 0 646.7818082549969 176.9204503662441 691.1624602259883 211.34606242325034 1.5303801 1.5759821 3.8012173 2.7826314 1.7356949 34.4831 1.506493 49.45071597861737 
Car -1 -1 0 433.5261523992669 187.46182165456682 490.44079103538957 226.16698096343524 1.4906152 1.5699054 3.4889154 -6.255645 2.1525455 30.913944 1.6206381 44.7519874723571 
Car -1 -1 0 461.85766438752023 186.98467017599626 507.42155401581067 219.22127721466228 1.4693952 1.5509151 3.7005298 -6.24525 2.2190604 36.405437 1.6024008 16.33959654068017 
Car -1 -1 0 86.28559256805612 201.56581214585287 163.98527485465365 233.9635636729843 1.4905969 1.6406877 3.8794067 -25.836458 3.1063085 38.640224 1.5411484 19.85721426981179 
Car -1 -1 0 131.71158037482473 199.32063412764197 205.62742892065262 230.8202179881859 1.4546807 1.6472394 3.9302745 -23.516336 2.945436 38.65235 1.5409105 17.182825794417514 
Car -1 -1 0 160.34796763498397 197.99430584444517 250.72122454243672 228.51557802676055 1.456765 1.629925 3.7518716 -20.627956 2.7756312 36.91619 0.06541528 11.946855009509775 
Car -1 -1 0 0.0 204.69298155445756 88.40567564040944 240.09640117053425 1.609132 1.7066854 4.320993 -30.467085 3.4261863 38.971294 1.5119418 3.021455908219498 
Car -1 -1 0 816.982878599293 160.29514715869485 845.7480299840034 178.926288814624 1.4863178 1.6409631 4.02982 18.300526 0.48442253 59.668434 1.7058756 0.30051344633102417 
Car -1 -1 0 229.90522201846565 195.7678571298068 291.38861632613083 227.89462638394258 1.4659394 1.70988 3.9534404 -18.253546 2.7359767 37.92941 1.4538325 0.2759608781663949 

