Car -1 -1 0 719.6315281727897 177.2456921804155 842.5627810671879 265.6024346673623 1.5701612 1.6309265 3.8090189 3.3843117 1.6725562 14.917387 1.569318 81.01656915074102 
Car -1 -1 0 675.9806853000692 183.27170732612814 729.4877419764442 223.06958986135737 1.4191008 1.5182426 3.275559 3.5926793 1.8515893 28.279795 1.5193079 58.26434293139047 
Car -1 -1 0 122.33606000016681 183.87362793696087 397.91339639830994 266.3639789301016 1.4008918 1.6275223 4.308012 -6.308797 1.6187104 13.3762245 -0.03375849 141.5502626273904 
Car -1 -1 0 762.8765684196657 182.95593339324054 967.8279141967786 322.618581363712 1.5053228 1.6051803 3.632802 3.2418284 1.669394 9.880867 1.5986371 87.14297877362254 
Car -1 -1 0 278.0104570835443 180.2750631265679 450.8974009621567 242.03650026134858 1.5232077 1.6635556 3.9832296 -6.318351 1.7271218 18.919619 -0.03789232 52.899703090061514 
Car -1 -1 0 365.31069275319317 178.99071322306906 492.12117057375735 229.24682579622998 1.5632478 1.6137066 3.717919 -5.806499 1.7695806 23.450787 -0.0012990537 12.33308149093556 
Car -1 -1 0 328.64046298824337 181.2995389672576 488.6471536619904 234.9717182639391 1.4731855 1.6183279 4.2416043 -5.7505307 1.7300339 21.019554 -0.054786775 13.26348711383028 
Car -1 -1 0 418.8841110750828 173.87554043269506 525.602283568992 218.36372794514287 1.680788 1.6153029 3.8049803 -5.3651752 1.7225167 28.391893 0.14955826 12.919322650331779 
Car -1 -1 0 433.9651271441324 174.2741893190125 526.1690774170165 212.64333278423356 1.707613 1.6608164 4.00619 -5.886387 1.774726 33.140083 -0.064241864 2.5762397372534043 
Car -1 -1 0 539.6545339736433 177.71928145890618 564.390774764785 199.855098027919 1.5477369 1.5836854 3.5427632 -4.197027 1.9172382 53.015907 1.5566068 2.0789133973551825 
Car -1 -1 0 395.2887272406591 181.1698343924291 516.4159031974718 224.14391025913787 1.470478 1.5826312 3.98305 -5.4716177 1.780022 25.949589 0.059602585 4.593952755714592 
Car -1 -1 0 722.5851534470124 180.2020288474576 809.2655243205112 211.8824809116472 1.4977365 1.6376135 4.0210357 7.6539016 1.8706367 35.600098 0.1006925 2.7939474367630885 

