Car -1 -1 0 427.79630169279386 180.35929527281377 474.3348281039103 222.7690911113329 1.4587599 1.617971 3.7401903 -5.97883 1.765574 27.509077 1.385407 32.69061126626611 
Car -1 -1 0 638.7973362024917 172.71137161754277 704.372917626775 220.31223160243346 1.528019 1.5301006 3.240512 2.0712724 1.5234404 24.879723 1.417872 67.47238633343939 
Car -1 -1 0 0.0 194.65774176454067 100.33155953006894 260.92891728630855 1.4365228 1.584216 3.7491934 -14.827262 2.0725942 19.014235 1.1571335 79.45938289271871 
Car -1 -1 0 568.9885745313981 175.94279217366858 604.2052833879138 201.21086062548707 1.450465 1.5494273 3.6694748 -1.4355597 1.6465238 43.8474 1.3716301 24.47506882326172 
Car -1 -1 0 726.1337988549882 148.85709443852704 928.0317693213022 296.4375761827086 1.7490385 1.696905 4.3660383 2.930977 1.464641 10.736234 1.5731217 106.453141937914 
Car -1 -1 0 693.2384695209655 173.0475327114001 807.6269894221124 250.23974511644383 1.4906409 1.5670623 3.79635 2.955219 1.4954228 15.885941 1.5092833 49.744244182343074 
Car -1 -1 0 605.2897029417559 171.4642269072101 657.2586676030313 211.63843908867742 1.6617086 1.5281113 3.3878324 0.8987216 1.6042238 31.65919 1.3644229 40.80325121253278 
Car -1 -1 0 549.8384715695562 175.86614154816172 574.2189944760976 197.35961516807072 1.5353086 1.5552409 3.5322583 -3.5795746 1.768158 53.919388 1.4293013 11.14440505873522 
Car -1 -1 0 528.5839641327337 177.606633297207 550.3769791551225 193.87881496065003 1.4908903 1.5458195 3.592402 -6.7413826 1.9592192 69.16916 1.3197342 0.251179039478302 

