Car -1 -1 0 749.8038986196444 182.98455176411915 945.5180691464647 248.70073500171873 1.493005 1.7096806 4.208607 5.714711 1.7538321 17.63076 -0.043904793 98.78563092625906 
Car -1 -1 0 636.1961836409545 180.77721478674047 680.5966948831723 215.4539882869758 1.4002951 1.5250833 3.8163695 2.1063554 1.7726945 31.969036 1.520658 49.6276808239755 
Car -1 -1 0 355.9862483953527 178.86475952402301 488.16718400310435 225.0567821910598 1.5703013 1.6434293 4.259254 -6.5687866 1.7902282 25.572248 -0.0029648668 66.22461785432057 
Car -1 -1 0 78.3795675211201 174.10914131532738 364.3905034282833 283.1911126591677 1.6903074 1.6703433 3.9350483 -6.3813467 1.7134169 12.24482 -0.10678256 64.46597568531662 
Car -1 -1 0 238.834345181434 182.93024935101064 427.28741358373617 247.28341690679193 1.4401076 1.5786617 3.90174 -6.498556 1.6925588 17.242785 -0.02336223 30.92678170326005 
Car -1 -1 0 0.0 190.6760851034246 332.16579857288554 312.0934838414572 1.4378061 1.587238 4.1247125 -6.052372 1.6944289 9.585022 0.0052846572 57.87248319194006 
Car -1 -1 0 147.3137614557667 182.4760132880149 392.0583212090868 260.5690986967362 1.46401 1.609944 4.2109947 -6.7613926 1.6723615 14.690317 -0.06186146 15.730090663983919 
Car -1 -1 0 381.32121333282305 173.0503864475164 481.91208598304615 211.3610986764348 1.7006046 1.6558433 4.160802 -8.093633 1.7098538 33.010902 0.070309505 5.238176253018893 
Car -1 -1 0 398.6711069116912 176.72563751749283 505.0874596311675 219.1385427240243 1.6029694 1.621218 3.9235625 -6.1407075 1.7607911 28.43087 -0.088906124 8.76652467617961 
Car -1 -1 0 552.9358323380515 178.0984729854366 576.638302125369 198.05315469588504 1.4681833 1.5494478 3.9240127 -3.4487815 1.8902498 56.09626 1.583852 1.444607549129801 
Car -1 -1 0 629.2286765960245 178.9260184883242 661.8743503687759 205.3264639109243 1.4037044 1.6139379 4.057103 2.016583 1.7687707 41.341454 1.5571336 3.5723927356390854 
Car -1 -1 0 472.8298594748661 176.41775596705463 536.3514606667657 201.44765540012946 1.5978159 1.6581843 3.989147 -6.8354373 1.8359449 47.27078 -0.057419874 0.2965237498283386 
Car -1 -1 0 617.4056801859563 175.6646637670656 641.5420312219679 194.05450860985775 1.4546427 1.6410418 4.044248 1.6830621 1.6958709 59.82204 1.6890261 0.27962419390678406 

