Car -1 -1 0 778.3723519693388 177.1407018929311 1012.9334072973297 347.9443214854938 1.5246266 1.5684032 3.3558488 2.9934647 1.5839889 8.259702 1.6461039 108.61193900906379 
Car -1 -1 0 149.20446625073797 198.21769679303583 349.5285685926767 310.2264872554162 1.5390496 1.6247523 3.789359 -6.060477 2.0509362 12.667175 1.5709455 85.91116820696924 
Car -1 -1 0 455.67675153432486 186.3949936388762 503.957496106975 219.9660923499868 1.4918859 1.5632901 3.6048875 -6.3037257 2.1904404 35.385067 1.618583 33.15790580216703 
Car -1 -1 0 643.7759174853408 175.52591622049673 680.2872170700456 206.83386191457672 1.5910041 1.6245294 3.8191502 2.7824037 1.7422512 38.919506 1.5525693 31.68068718915785 
Car -1 -1 0 183.57999369959143 198.17520943034782 237.36247361349783 226.6182201297106 1.4694827 1.5834084 3.8873854 -23.68803 3.0490518 42.96498 1.4098133 10.470776139721245 
Car -1 -1 0 220.68664749173521 196.64108130212423 282.32882811923025 226.4710878305671 1.5331752 1.6683209 3.8999665 -20.831396 2.986952 42.146896 1.5698409 9.553024300594542 
Car -1 -1 0 479.3881709355701 185.61269724084826 519.8220889942874 214.6734548076895 1.4951768 1.58583 4.1241136 -6.1948724 2.2574158 41.02763 1.5927856 9.881678692535525 
Car -1 -1 0 804.0438444627794 163.16959175858622 830.0404354438178 180.58165672067182 1.4958084 1.6252617 3.8776124 18.369417 0.6638551 64.00783 1.6924576 3.8612142083994945 
Car -1 -1 0 504.64527829285976 181.3753387381837 528.7205663708012 205.8127846742074 1.5441217 1.5620928 4.115387 -6.3622375 2.1509495 49.23577 1.4300393 0.6564655053095979 
Car -1 -1 0 538.302540150397 182.46211886544177 565.3931335496292 199.92960505440078 1.480141 1.5622443 3.8776617 -5.1994066 2.3785124 65.42485 1.7337537 0.7894048596848724 

