Car -1 -1 0 287.4748982059167 194.07242783874526 449.12763386203017 297.531050058223 1.4222976 1.5566335 3.4247818 -3.9427469 1.8366232 12.359124 1.594178 102.61678710582245 
Car -1 -1 0 652.5749332832409 181.14056623744128 705.1482098843475 222.92591495182705 1.4226973 1.6002359 4.0985723 2.559989 1.7612677 27.430166 1.5695934 57.87364800287924 
Car -1 -1 0 804.6427876422493 163.76470122151107 992.9714346206174 224.33634414886873 1.6284037 1.728798 4.603728 8.02316 1.3840475 20.287235 -0.010913065 89.52738394979873 
Car -1 -1 0 430.6748344556991 182.2581282079058 487.8780863525927 224.74161205333354 1.6945274 1.649126 4.055703 -6.524786 2.1343305 31.71186 1.5762618 30.57846321969544 
Car -1 -1 0 742.6922162269385 165.3911286797056 859.065485228351 206.2637624776656 1.6240861 1.6831605 4.309621 7.7928276 1.3275466 29.61404 -0.047774836 40.703965665397845 
Car -1 -1 0 477.42301369622953 184.35871339099447 518.2438185191496 212.21765582204011 1.5178921 1.6072245 3.9099388 -6.599062 2.2348483 42.96501 1.6315142 7.96633627448557 
Car -1 -1 0 781.698713721326 160.8818761904699 927.9741319204521 215.02265457918864 1.6893368 1.6694565 4.181245 7.900182 1.3157744 23.456287 -0.05205947 25.911663951308437 
Car -1 -1 0 944.1681999802901 156.51238210528447 1013.8489463524397 184.8948260220893 1.5109696 1.6692351 3.6766639 20.575262 0.641006 40.344997 1.4371197 4.550231620606592 
Car -1 -1 0 674.6393420798578 163.28643996825375 697.8105624299209 182.4810378454289 1.7851377 1.6337218 4.240491 7.324648 0.89533424 69.251785 1.5361457 3.297475223501184 

