Car -1 -1 0 765.3254737150269 177.81437480440673 901.4404363129361 233.99833397295166 1.4158454 1.5979593 3.5436387 6.2391577 1.5697867 20.458368 1.0475397 86.81803369892339 
Car -1 -1 0 625.4240596810548 177.42740139845557 674.6424394206423 211.71069325987617 1.4454501 1.5233471 3.3613548 1.780938 1.6638966 32.680595 1.4049406 61.0469045844072 
Car -1 -1 0 27.8814351887346 180.84744215572826 299.5148527602721 283.4323165651023 1.5248201 1.5999163 3.4250462 -7.081154 1.6636142 11.691858 0.021483587 103.32606657662613 
Car -1 -1 0 609.470137101311 175.87764205156049 640.5129232943174 202.51367309228493 1.4703474 1.5089085 3.9396648 0.8633001 1.6560216 42.297142 1.5120711 12.591076550469039 
Car -1 -1 0 360.2794654944381 178.36033646056163 476.6639730172197 218.60785034657104 1.4999772 1.6541698 4.1460743 -7.3694587 1.7219478 28.120817 -0.06784381 32.47061870959774 
Car -1 -1 0 491.58275783564784 177.53595126651135 523.4675570365484 201.74472713839157 1.478382 1.6548156 4.216236 -6.6036997 1.7974678 47.032883 1.5279454 15.240484877706015 
Car -1 -1 0 115.30310757767735 181.85106970330412 365.9674011836624 266.5197033717574 1.4854734 1.614606 3.9142015 -6.836582 1.6658242 13.647992 -0.0042431997 17.61436771788869 
Car -1 -1 0 418.20676410034577 177.9476371366378 499.7916047803807 206.37856085391115 1.5334151 1.6118901 4.1770267 -8.324654 1.8226006 40.09587 0.030206067 3.99724073165919 
Car -1 -1 0 338.51568818592307 177.42119401396357 451.6154478765989 227.46272647847468 1.5002601 1.6847942 4.009277 -7.1650543 1.6640154 23.92847 0.70643497 1.028920632593689 
Car -1 -1 0 410.1609292030176 179.79984536806083 495.0312819503737 210.4172894293789 1.4403067 1.5782217 3.7794604 -7.594971 1.7861935 35.120583 0.011253036 0.25359904766082764 

