Car -1 -1 0 752.0208060948814 177.43897541057407 876.215608388319 230.04373460517823 1.4375739 1.5682118 3.5595396 6.134694 1.5895933 21.989258 1.0504646 91.64186432123832 
Car -1 -1 0 624.3148302555562 178.00808975418815 671.1507018354848 210.8201126260433 1.4493245 1.5388669 3.4041176 1.7608466 1.7067757 34.239178 1.4120828 70.58358292067605 
Car -1 -1 0 96.46611552381799 178.93402706177508 332.86087250863375 271.39528333970736 1.569682 1.6297096 3.4370778 -7.095238 1.6879964 13.200305 0.014964102 120.82724014709814 
Car -1 -1 0 610.2651440338718 175.773484886072 641.8361967968906 202.36907253779438 1.5211475 1.5498989 3.9683447 0.9578209 1.7063949 43.74919 1.5001147 7.768294814848872 
Car -1 -1 0 369.3352585182309 178.2568290341446 482.23162627197854 216.08293285184547 1.4970386 1.6690404 4.249297 -7.499747 1.7264179 29.724493 -0.03516656 21.580611887416637 
Car -1 -1 0 495.133161899331 178.2365383443326 522.8151451592959 201.70659402661138 1.47896 1.6327235 3.9284499 -6.7115602 1.8553082 48.42357 1.4856628 15.046335969009592 
Car -1 -1 0 164.98372799243725 181.4636330492417 384.79454709072587 256.3886112229566 1.4720383 1.5966759 3.8782487 -6.9107537 1.6625433 15.162907 -0.0021672663 19.60996670281382 
Car -1 -1 0 415.2510000063243 180.30259491553005 497.70795690604155 210.23568858031493 1.468673 1.5892136 3.8375819 -7.730192 1.8554674 36.641228 0.017032534 6.693950009309193 
Car -1 -1 0 428.1885661293229 179.43227164082467 503.89596178337337 206.7496361111843 1.5172967 1.5899254 3.9882512 -8.213112 1.9038492 41.46318 0.071744874 1.9415849087589068 
Car -1 -1 0 317.7746731684077 177.9657209180024 450.9551184989335 223.55507110052858 1.5047889 1.633497 4.1021194 -7.762804 1.6894498 25.054245 0.09688487 0.2969353199005127 

