Car -1 -1 0 667.486578160794 181.691498127902 807.8001874254626 285.1169953218759 1.5983913 1.6258576 3.7662823 2.1894648 1.5439265 13.044917 1.5008621 139.02312635468004 
Car -1 -1 0 389.1042643332548 187.1885531967324 463.54951121034554 236.616020573867 1.3911656 1.5465199 3.91268 -5.5300703 1.4581003 22.390701 1.5117995 62.693997866267765 
Car -1 -1 0 537.7152461274727 180.61081904032622 581.141831753061 220.87262503713782 1.5495644 1.6400468 3.4472394 -2.0071135 1.3723354 29.467619 1.4645512 47.34755672749699 
Car -1 -1 0 300.1575170907404 190.3186649933232 415.04079810113404 262.5985334823982 1.3873949 1.5484262 3.4947462 -5.360368 1.5127089 15.852739 1.4961116 91.87634081489819 
Car -1 -1 0 527.4734964181324 183.5925343313469 560.8030199894847 212.17908512220694 1.4748182 1.5569257 3.3156655 -3.3608387 1.391077 38.75675 1.5548849 7.389572453633412 
Car -1 -1 0 462.7074166831357 182.53303636881728 497.44802959546087 208.12198480231342 1.4532319 1.5820401 4.024726 -7.5327587 1.3008798 42.879753 1.5126646 7.412836789503775 
Car -1 -1 0 576.9161632645618 181.27272002065158 603.247708647758 201.04575684992318 1.4771352 1.6272423 3.8525248 -1.35926 1.1825769 55.719387 1.4369758 8.577083313651833 
Car -1 -1 0 418.60116158760013 183.81470885530632 475.2122803805242 221.95978035225883 1.4919335 1.6761632 4.3801813 -6.6802573 1.4371378 30.355274 1.5066447 9.112678689337779 
Car -1 -1 0 324.3177507643601 182.53973310960598 393.3707463161487 222.2601037118289 1.5060375 1.6574035 3.55106 -9.95185 1.4045756 29.056347 1.5400014 4.045699972542558 
Car -1 -1 0 173.19738974016204 168.37620253005753 308.99236776147006 248.3558608087603 1.9365346 1.780156 4.5908084 -9.84815 1.5288026 19.777332 1.4723299 9.441186612556752 
Car -1 -1 0 435.09619197784014 176.22895512330174 457.76428448458864 193.78316935557572 1.5295004 1.6102723 3.885482 -14.42824 0.7464846 64.65921 1.450687 0.8633502043550008 

