Car -1 -1 0 276.9468331291269 192.0815091119541 455.06744534805637 323.97245244534764 1.5317929 1.551621 3.4110022 -3.368374 1.8605621 10.6105175 1.5422022 115.1037638656731 
Car -1 -1 0 819.123717432203 191.59290042411152 1137.9027732644056 375.0 1.4449846 1.5858159 3.9039743 3.6312785 1.7026399 7.952031 1.592775 144.28407083025328 
Car -1 -1 0 716.8979429040097 175.62505087785874 860.1823687498483 277.44842865553363 1.602216 1.6322299 3.7313786 3.127166 1.6607138 13.344121 1.5428088 98.1348469167508 
Car -1 -1 0 667.4481338958827 179.7504298206396 727.1362932790961 225.5877225481492 1.4747005 1.6366014 4.248803 3.0708532 1.7433141 25.978428 1.5718312 39.09174390480533 
Car -1 -1 0 537.2248009175693 178.16264382375036 571.1803568583583 204.52341276337128 1.4951701 1.6223083 3.95119 -3.3095584 1.8316787 43.734688 1.6057909 12.702838245429296 
Car -1 -1 0 654.030874217559 177.01456976075252 690.1781405699712 209.0756889963483 1.5933218 1.5394163 3.2991552 3.2495165 1.8218162 37.958424 1.5465457 13.057884657536615 
Car -1 -1 0 464.804730179995 170.02320728809812 536.6794384505465 239.06708877098882 1.8923736 1.69071 4.3369527 -3.20459 1.8147863 21.974949 1.5330333 20.879378476341145 
Car -1 -1 0 693.0555940017056 182.10100943258325 774.4554203438555 241.60899327566395 1.4477823 1.5697385 3.763201 3.342671 1.7287569 20.033207 1.5585681 2.9048928032583152 
Car -1 -1 0 664.1553109339134 177.93098934972517 710.0027859311568 216.6435677033 1.5446119 1.617835 3.6821187 3.2850287 1.776617 31.12321 1.5809767 0.5704074530744282 

