Car -1 -1 0 748.5435557981476 185.73393990829177 942.2120048888892 249.8942957056095 1.4275684 1.6136478 4.1497316 5.6173277 1.7565668 17.441046 -0.08974462 55.96439785436195 
Car -1 -1 0 907.0682937083188 189.43360307667356 1242.0 314.8849373660078 1.4707183 1.5770155 3.771473 6.129672 1.7081275 9.504746 -0.020614658 87.48908230539354 
Car -1 -1 0 796.1716382413576 186.7771982273517 1016.3871144871408 265.0968799633669 1.4415224 1.5606023 3.8087344 5.881734 1.7398994 14.536232 -0.07808551 84.74378913877221 
Car -1 -1 0 631.4702682387366 179.53593618996368 678.8208780471818 213.68793585070316 1.4191539 1.612674 4.219889 2.0171027 1.744683 32.99019 1.5002276 40.53089777302885 
Car -1 -1 0 0.0 183.35370896385393 261.34211394630483 320.45811425180466 1.4946865 1.6022803 3.913907 -6.616814 1.6363692 8.867763 0.034750793 42.555229294245535 
Car -1 -1 0 85.58360227398634 178.8989039296594 362.07019419954355 274.1466064273908 1.6132154 1.6978254 4.1807218 -6.9432993 1.7333856 13.34565 -0.07255986 77.52985975946996 
Car -1 -1 0 861.164834348521 185.2872515400696 1127.7063233069728 283.13242560344617 1.4723547 1.5685351 3.691257 6.3336563 1.6972241 12.077278 -0.10452816 27.679308745661842 
Car -1 -1 0 390.4718382955886 179.10555752907757 500.27273525991166 215.97045175969188 1.4575105 1.6157806 4.1599917 -6.685236 1.7218583 29.662489 -0.019275784 27.249954494417857 
Car -1 -1 0 742.3358700522434 170.44885407356415 904.1697609687427 239.0662555528299 1.7923973 1.6684062 3.9285123 5.7984514 1.7295709 19.834606 -0.07913755 29.219073706455617 
Car -1 -1 0 360.87492426023346 177.21856700103115 480.1009302254096 221.50847861938175 1.6026825 1.6214361 4.0575376 -7.0327997 1.7716067 27.099361 -0.007905352 23.012174523025973 
Car -1 -1 0 398.05543449770056 154.11683666940806 433.9903937255878 177.17913787014464 1.7112601 1.6194692 3.647327 -14.816053 0.32093194 55.402073 1.6221251 4.10597051075141 
Car -1 -1 0 174.26077639364598 163.76205447792273 402.2230666200292 252.17872261699978 1.8404323 1.684768 4.2880416 -6.959546 1.6511793 15.96285 -0.047730498 1.6339849423851704 

