Car -1 -1 0 668.4423712496088 178.83918243559788 748.848530218375 248.26071558778943 1.6600046 1.6438831 3.9558387 2.5777278 1.838788 19.573862 1.5723685 93.49053517083115 
Car -1 -1 0 743.0407554557706 190.21059760494987 990.0460754682239 353.97873722673353 1.4493512 1.6048183 3.6704152 2.7585387 1.7011468 8.622135 1.5579551 117.20779950908317 
Car -1 -1 0 657.0948922537542 181.61314479834243 717.6539167240055 230.35675269339873 1.5334284 1.6276731 4.183116 2.6693776 1.8692693 25.560196 1.5541365 22.133747236851196 
Car -1 -1 0 253.94670920791071 187.60579195645315 434.7359857839893 254.49556688985106 1.4772658 1.5657768 3.7038536 -6.1773376 1.8425472 17.075397 -0.0044926507 38.03759052375333 
Car -1 -1 0 288.7646889679409 178.87026737268684 457.10672157933163 243.00462591562803 1.6564302 1.6754256 4.0641365 -6.358803 1.828357 19.712519 -0.03427774 33.776509660756005 
Car -1 -1 0 641.273851795259 178.36433143642648 683.1537856708906 214.93677138572176 1.6435109 1.6343849 3.4724197 2.4845223 1.9221811 34.72348 1.5322994 23.601101943947622 
Car -1 -1 0 72.17103365196213 166.15117082266113 366.2661937955545 282.4818248367042 1.806561 1.6921517 4.0083647 -6.360463 1.7024691 12.069151 0.008963188 87.52591247437259 
Car -1 -1 0 630.4011814461072 180.19803826726584 656.3510465317831 204.07658467015318 1.5062294 1.5580815 3.7687573 2.2421093 2.0197053 48.5612 1.5676084 2.776050007653935 
Car -1 -1 0 509.13734001083225 181.10817173130843 535.6495870021046 206.4765946852634 1.4581817 1.5375087 3.5948758 -5.4177933 1.9899368 44.593605 1.4256201 3.549085690069213 
Car -1 -1 0 374.4855325128887 181.86897586122052 483.70122773532825 222.2848282345267 1.5507206 1.6155717 4.006832 -7.1772146 1.9236407 28.963451 -0.038461696 2.87002268189725 
Car -1 -1 0 171.00731975398864 186.24463556247673 399.52551568451105 266.41657688878 1.4991523 1.5435257 3.924997 -6.429619 1.785438 14.597563 -0.029125817 1.1548682100102332 

