Car -1 -1 0 213.44196083987495 176.73930747191784 460.12857703351585 335.394182944744 1.6219742 1.6848371 4.2402763 -3.1995206 1.5353177 9.475696 1.5630203 107.3410433298135 
Car -1 -1 0 141.77641362942168 186.8116684454092 307.4469710846616 264.46238554864544 1.4589689 1.6281774 3.7277749 -8.012164 1.4974629 15.461052 1.5538816 54.349133896576454 
Car -1 -1 0 448.7421038451165 183.00539163680327 517.6330229375052 232.29872839573972 1.4671001 1.585951 3.6399221 -3.9180474 1.4013156 23.217648 1.5741246 70.9771231162286 
Car -1 -1 0 0.0 190.78889750962705 135.67870825487924 265.83261934034516 1.4190701 1.6192765 4.063228 -12.615136 1.5584661 15.938327 1.5833056 77.44425792821406 
Car -1 -1 0 565.9291452598791 180.11990220220795 607.6070596479334 218.976088652925 1.4926968 1.6021438 3.126464 -0.8402482 1.296937 29.206276 1.535202 28.267420036397187 
Car -1 -1 0 414.870603330458 183.85922590428362 458.24717895307185 215.6772616779382 1.4501796 1.5258985 3.7424724 -8.177625 1.3883553 34.69689 1.4788413 20.23664204670014 
Car -1 -1 0 504.32532937329177 182.21796436356786 544.4070953669438 212.82290920374123 1.4201276 1.6205621 4.0537205 -4.0223255 1.2810271 35.40588 1.5416751 12.062538112112598 
Car -1 -1 0 353.85117918746107 178.747714463311 426.60905386287425 219.16352904840664 1.4545524 1.6193248 3.7946486 -8.289087 1.2217717 27.780138 1.585133 7.7601161394924185 
Car -1 -1 0 252.85530191635758 183.16384952007613 327.02129515056 221.42244332617162 1.4514507 1.4770333 3.6752722 -12.760616 1.3736079 29.131165 1.5403343 0.2533438503742218 

