Car -1 -1 0 652.9720229150797 177.01839476475857 747.8177894508916 241.4682974890692 1.4274404 1.6266284 4.294335 2.186515 1.5466497 18.45949 1.5062572 109.49825931711139 
Car -1 -1 0 199.7394180244584 184.03099573185185 416.0388363773158 256.49081022196077 1.4223266 1.5957135 3.9812603 -6.3571787 1.6762995 15.428437 0.08654874 58.381719523225655 
Car -1 -1 0 83.82135932869618 186.435173418819 360.993693954364 273.6706723197648 1.4178123 1.5858524 4.0578814 -6.7083116 1.6739259 12.793459 -0.010056883 72.39097485426552 
Car -1 -1 0 288.12245445151785 177.99013356422284 436.24690699705286 234.38804818230622 1.5219405 1.5834596 3.6626956 -6.9754333 1.6746721 20.546543 0.06534429 37.32914605288439 
Car -1 -1 0 632.7868666933625 172.57287383946132 673.9873787709888 206.2512089457646 1.4810505 1.5617421 3.8865123 1.9922519 1.4686874 33.699005 1.537178 18.70360958693663 
Car -1 -1 0 391.163273627182 175.88550503673943 495.2484383236414 213.8871425711041 1.5083653 1.6097145 3.8802042 -6.8489175 1.6383408 29.87247 0.13764411 10.63197060605116 
Car -1 -1 0 629.6671887912026 170.69527131526678 665.2891219303021 201.68519692149988 1.5780342 1.5947655 3.6919441 1.9842979 1.4681096 38.612488 1.5379605 6.719411912175504 
Car -1 -1 0 511.9226584716023 175.0889999665719 535.7587367470475 197.3153395633254 1.4786342 1.585472 3.548606 -5.9959736 1.6400384 50.241714 1.4348165 0.2632773518562317 
Car -1 -1 0 413.6063956250031 173.21013884421885 500.44695602656844 203.5842402076784 1.5037187 1.621798 4.130599 -7.698703 1.5222919 36.686337 -0.06499691 0.5070095875884 
Car -1 -1 0 462.60158680165137 173.03366755139126 528.125531984224 197.7200797575339 1.5653462 1.6358303 3.8977761 -7.385419 1.5772696 46.826073 0.12718938 0.25836002826690674 

