Car -1 -1 0 305.39157905467334 180.47721858372464 388.82824592533075 226.21614441645104 1.427605 1.5944828 3.8308473 -8.709902 1.2797074 24.386433 1.5256219 25.604580525886323 
Car -1 -1 0 0.0 192.62180872511348 344.8958041929249 375.0 1.4583564 1.5711434 3.5701504 -4.1948643 1.5542567 7.514989 1.581445 89.37154278601348 
Car -1 -1 0 350.02169259763986 184.05568460508312 462.7300004810694 249.7972240999762 1.3951862 1.5816348 4.074169 -4.67153 1.370568 17.294632 1.5685458 110.34398329994431 
Car -1 -1 0 451.56539872885446 180.11282735196076 510.01051229946285 220.98778316554862 1.408228 1.5453466 3.7094116 -4.6066294 1.2324234 26.628044 1.5613192 69.20736444231427 
Car -1 -1 0 127.09889275931657 176.2410870827566 292.7195442058746 254.1546248255817 1.4828913 1.6097617 3.6850364 -8.375256 1.3120818 15.542248 1.5477157 45.05091065806618 
Car -1 -1 0 575.4408518509988 174.91365759921098 609.6565685054503 206.20192338838754 1.5014908 1.6426346 3.5639179 -0.7473996 1.0071068 36.29915 1.5457003 21.801163364238604 
Car -1 -1 0 216.2010836036957 177.48117543725414 306.1956108490411 224.81003535608392 1.5639328 1.5945835 3.602603 -12.200939 1.3083535 25.587814 1.5277154 33.05514484419312 
Car -1 -1 0 20.358871909615466 176.72226208744755 130.83911384148493 215.22079777233444 1.4710641 1.5456355 3.961729 -21.637089 1.1465222 29.463364 1.5898389 0.8476715360867396 
Car -1 -1 0 438.5982062278669 171.37491983784383 504.70703388020127 200.21012586614822 1.7539562 1.69572 3.854262 -8.381378 0.91206455 44.685947 -0.059077222 0.25443747639656067 

