Car -1 -1 0 29.12097840966413 203.49119113803383 301.8491680690088 347.5454500054042 1.546627 1.6061422 3.775823 -6.0726714 2.0705175 10.44507 1.5773036 94.44363531799945 
Car -1 -1 0 830.8447664101163 181.71086347392043 1217.3700898353081 375.0 1.4713418 1.5532355 3.421102 2.9850006 1.5672188 6.027072 1.6777662 76.57899944468625 
Car -1 -1 0 445.58450716026334 187.41518357459753 498.1901623146266 222.7067177379715 1.4568015 1.5700223 3.6747417 -6.268847 2.1645346 33.19892 1.6157193 47.10407142949521 
Car -1 -1 0 644.6799605816577 175.7624804556762 685.2064741199632 209.18157325325902 1.5955653 1.6240659 3.751287 2.7644904 1.7511461 36.688934 1.5293304 38.710781663313846 
Car -1 -1 0 201.23303286705493 196.23824015588292 264.62248815537424 226.75728271113013 1.4809134 1.6219059 3.896068 -20.808754 2.8425255 40.031487 1.5264767 12.365485759085407 
Car -1 -1 0 470.0985640127357 186.1726840765273 512.7481719647753 215.9613736376682 1.4462639 1.5408909 3.5436177 -6.244437 2.1893759 38.45205 1.6176398 10.744609286693468 
Car -1 -1 0 251.50477726762995 193.57899131223812 314.4699056184841 224.04994791060903 1.4854664 1.7068644 4.2291656 -18.113632 2.702404 40.22713 1.5393194 6.052647748931227 
Car -1 -1 0 497.5121949528787 181.63718365138087 531.2066428345996 208.18503685530902 1.5964787 1.5730896 4.328666 -6.151235 2.1950974 47.002617 1.5831432 3.2284582290599566 
Car -1 -1 0 125.25148835793546 201.5519135616201 218.23205120009862 230.03659208905393 1.4587748 1.6231216 4.1395473 -23.959257 3.0669227 39.56587 0.026939707 3.583608550572291 
Car -1 -1 0 535.8622912891733 182.36723502035426 564.0770952936135 200.57031693477842 1.4856364 1.6020188 4.1539965 -5.191305 2.3490572 63.31984 1.7077779 0.25485265254974365 

