Car -1 -1 0 422.60117353353104 184.01948696666054 495.2932811147396 231.558370253343 1.3671966 1.5581813 3.607528 -4.5452924 1.3327941 22.484398 1.5621572 75.29950611573155 
Car -1 -1 0 0.0 182.77102839227805 202.0145414504365 296.1779967749724 1.5457892 1.5582138 3.593732 -8.307391 1.5124673 11.611288 1.5496353 100.99273402343493 
Car -1 -1 0 261.6744765948923 187.16964337873395 428.2470176854982 278.32862594550375 1.4114298 1.5976993 4.004077 -4.590416 1.4528061 13.219196 1.5721967 106.40111163253667 
Car -1 -1 0 238.4320620982524 184.13551363272612 350.9637030237318 239.98589678465294 1.4304116 1.6027069 3.7764432 -8.682242 1.4027464 20.31531 1.5501865 20.520273777013905 
Car -1 -1 0 132.26360722252593 178.08898918429165 259.6588138461256 235.4825318295007 1.5588884 1.61043 3.784399 -12.088361 1.3653171 21.423288 1.5782633 69.73234925066747 
Car -1 -1 0 574.502575185398 175.66346403429023 610.3206040574638 207.80137263673748 1.5088956 1.653172 3.4838037 -0.6868924 1.060412 35.503136 1.5836468 20.292210899370914 
Car -1 -1 0 359.6899525824493 179.53794385943516 421.4184937967642 216.4908313803722 1.4732453 1.5553163 3.5649319 -9.0986185 1.2468834 30.44577 1.5658746 27.99161564895993 
Car -1 -1 0 451.9219036527683 177.95268962770578 501.082491881129 215.7320339774104 1.5085104 1.5407091 3.732199 -5.4978137 1.218502 30.596407 1.5344718 16.4575782098022 
Car -1 -1 0 431.4216112045502 174.29149441280137 476.5097695566935 206.17933569501568 1.7485704 1.688706 4.16732 -8.782437 1.1495415 41.50798 1.5777678 3.618659671088281 

