Car -1 -1 0 769.460616890786 192.11829209755714 1049.2170286434987 375.0 1.4183416 1.5605779 3.4782965 2.8506255 1.6699388 7.676369 1.5811342 84.01962951566888 
Car -1 -1 0 637.6587966243898 175.0794936380777 670.2833407645101 202.68094737895441 1.5007205 1.622044 3.9318116 2.5110483 1.6348462 41.516922 1.5673625 15.605975065266525 
Car -1 -1 0 734.8956546844623 178.54143489615268 869.3026019221307 227.2955992292403 1.4865217 1.5977383 3.8574107 6.119584 1.6765008 23.160568 -0.07502484 44.33314639601983 
Car -1 -1 0 171.70005456543436 179.43645193891282 408.414900318121 256.73681602808847 1.4941212 1.6365026 4.185289 -6.488207 1.638828 14.979432 -0.030974776 51.40720099591678 
Car -1 -1 0 708.7663375631926 179.61731250371392 832.4468965219953 221.3377385847023 1.4313419 1.5977149 4.063258 5.754945 1.6843035 26.026447 -0.08096194 31.216827987762485 
Car -1 -1 0 312.74124366203455 171.6867431516539 463.88133911099663 228.10528611721017 1.6554741 1.6886959 4.1167903 -6.672849 1.6212234 22.06752 -0.025046691 43.95697788816562 
Car -1 -1 0 241.91731985463335 175.94423499486814 428.71999007915383 242.90531447163482 1.5372446 1.6271163 3.9058409 -6.542149 1.6157063 17.481009 0.01307417 30.050802107291574 
Car -1 -1 0 840.107193704643 173.84358966693935 1111.7306501607532 273.16586250457266 1.6304344 1.6347289 3.9756804 6.3243885 1.6492875 12.804796 0.06334547 84.056199893609 
Car -1 -1 0 0.0 181.88399928523543 345.4944117359979 300.200084742583 1.4910064 1.6056435 4.077993 -6.043097 1.6292466 10.138634 0.05183562 77.2077493809206 
Car -1 -1 0 711.9629262406537 170.89761161541637 824.368242926236 217.66909191302037 1.7726951 1.7111251 3.9898257 6.177841 1.6985455 28.352715 -0.076525636 14.336491329245012 
Car -1 -1 0 775.4020147405603 179.50294141691603 940.7363428039488 242.79549244246735 1.5001233 1.5727168 3.6119695 6.1837153 1.6758633 18.179945 -0.05885605 28.108355967992814 
Car -1 -1 0 88.24674734885018 177.56843494195192 346.74315997354097 268.5709667208689 1.4930695 1.5695784 3.7027204 -6.7676907 1.5812953 12.711512 0.0035322977 27.871454480042765 
Car -1 -1 0 805.9738588510464 176.81852691767946 1024.9986187514414 253.8681869486862 1.521296 1.5857093 3.9381838 6.3220606 1.6093166 15.17635 -0.025740307 16.347546437067837 
Car -1 -1 0 440.39557211962983 172.68913432819667 523.3364118908877 205.5926153994847 1.5970376 1.6261588 3.8089433 -6.310012 1.5890353 35.89811 0.03370986 18.81207662722873 
Car -1 -1 0 340.67224561160845 168.0578107654203 479.70436875312384 221.21075534764955 1.7510672 1.6649752 4.280487 -6.719517 1.5930617 24.60715 0.0020424796 2.3210678329121324 
Car -1 -1 0 452.29991157784275 176.2262452692555 530.7420665088652 204.7796596448457 1.4819167 1.6220038 3.9223628 -6.2478437 1.665535 38.46485 -0.0060372404 0.5944923404158399 

