Car -1 -1 0 0.0 182.5216249901853 253.49445406173695 370.5691711216937 1.7138412 1.6916854 4.3238053 -6.2422113 1.8643112 9.016914 1.5042912 121.16741536121391 
Car -1 -1 0 491.15350865910386 181.0087778159254 541.7924913213446 217.07266453816717 1.420602 1.7246653 4.268934 -3.9937499 1.8013424 31.54073 1.555585 58.47530983771914 
Car -1 -1 0 211.35014364985338 183.96323888958244 373.1545287054837 273.8274851297944 1.6012775 1.6612592 4.1173444 -6.553678 1.8705635 15.428328 1.5672213 74.14675256015784 
Car -1 -1 0 384.8420051489883 186.38814814180944 455.54863152962025 229.6604847434341 1.3947513 1.5611832 3.756139 -6.8163333 1.9238436 26.321613 1.5805163 49.81460036510148 
Car -1 -1 0 627.3162528089644 174.64240384898127 654.8188967738145 198.1492001441015 1.4900055 1.5699831 4.001044 2.0609097 1.6141274 48.060005 1.5485132 28.279355868557126 
Car -1 -1 0 526.5394643772694 178.68409619400597 553.2929700227926 204.98118489020746 1.4862862 1.5341738 3.7736304 -4.1704597 1.8540967 43.580673 1.4943321 10.493252266383651 
Car -1 -1 0 700.0454597746664 167.8745944866011 780.1672571890578 196.28979673692697 1.586189 1.7151022 4.253994 7.397415 1.3082292 41.145668 -0.0049649337 16.878118311914715 
Car -1 -1 0 466.31748805208343 182.37141599064444 508.9678287186167 209.6725315336402 1.4258279 1.5562812 3.989917 -6.893095 1.9952719 41.136265 1.6256917 5.0025006665488245 
Car -1 -1 0 1088.2798061619078 149.74527314879555 1222.1734769311213 205.82175837075843 1.7077364 1.6288157 4.0310335 17.990553 1.00399 24.042854 1.6435175 12.557377187094398 
Car -1 -1 0 699.88871133299 163.37963581294892 772.0000264181142 192.56421976685849 1.742224 1.6391579 4.0805535 7.6606207 1.1766353 43.951694 -0.028932624 1.8600426599117368 

