Car -1 -1 0 629.0628046995819 180.8499643192353 691.0921272182597 225.24414320335364 1.430261 1.6454737 4.3616123 1.7496147 1.7463462 26.2871 1.4966992 62.243118200290624 
Car -1 -1 0 938.5183869139668 188.36438973672057 1242.0 349.19998505092576 1.4745803 1.5715644 3.7526164 5.7503853 1.6613643 7.7433853 -0.08694396 102.29844862082683 
Car -1 -1 0 827.8024316911002 188.84580359904584 1160.890197271226 297.5494252698948 1.4250364 1.58816 4.1745234 5.574316 1.6841017 10.716857 -0.08676602 63.172120404758566 
Car -1 -1 0 803.1397211539149 167.62160664783036 1060.434775507566 273.7477547202343 1.7842793 1.657965 3.9544325 5.732024 1.696308 13.106052 -0.07508775 47.59927296208223 
Car -1 -1 0 309.8867345269074 182.41747916295537 457.934875167455 230.15431294180027 1.4361708 1.6286789 4.2061324 -7.081439 1.7516603 22.930046 -0.02793592 21.76705208776767 
Car -1 -1 0 614.2256724906658 177.6059263708513 644.8542973576232 205.06253112779535 1.473903 1.499523 3.8664734 1.105325 1.7592965 41.3732 1.5313311 8.412196237608155 
Car -1 -1 0 276.0734436661278 183.1363502425067 440.30450330295986 237.40837808057375 1.4446986 1.6226305 4.076409 -7.001731 1.7471117 20.374454 -0.017383728 59.36436490066783 
Car -1 -1 0 354.8204080138228 178.40432239917763 462.27276796663904 220.52666322615246 1.5771691 1.5972035 3.7231688 -7.78584 1.8004284 28.136751 0.04789558 3.4111680665841333 
Car -1 -1 0 610.0846341949814 175.3837724839135 639.9354029649169 202.8047462101144 1.6841328 1.599558 3.8921313 0.96043587 1.8547784 46.67723 1.5054884 2.7752134776245705 
Car -1 -1 0 500.5405735247653 178.19784466813164 528.6531061326463 200.31184940655427 1.6345072 1.6312475 3.6943533 -7.346942 2.0637467 56.09404 1.5904772 1.0125247599781735 

