Car -1 -1 0 850.3074095690906 191.17145379981616 1217.777993447859 375.0 1.4501603 1.6063474 3.8105295 3.8160677 1.685251 7.324501 1.6108451 98.86141882986342 
Car -1 -1 0 220.4029210424067 190.74698274730903 412.8002698235213 301.76270197536775 1.4652138 1.7110462 3.9666376 -4.6746817 1.816694 12.171023 1.5477793 111.64714161261674 
Car -1 -1 0 365.9063811708212 185.90976731418536 475.014840657134 256.58249865014 1.4953182 1.6063185 3.7673872 -4.5460224 1.8534231 17.881504 1.6041999 75.7907377120688 
Car -1 -1 0 715.3295566647157 178.79923713961668 817.8679837351385 246.68678553225286 1.468379 1.62289 4.1422033 3.782092 1.6342461 18.050564 1.5599995 64.5835821648412 
Car -1 -1 0 518.6993418550878 179.28181098160323 556.589137326315 208.60397541639813 1.4895303 1.5127387 3.3046145 -3.855011 1.8529859 39.09871 1.6391366 28.889525307697806 
Car -1 -1 0 427.9124016359821 184.84498704782294 508.18963784174383 235.52651231380827 1.413117 1.6067519 4.2744966 -4.4543133 1.8364846 23.309286 1.6087016 49.69104239994513 
Car -1 -1 0 759.5525431060722 181.0090766543637 909.2301234142981 280.86358565818335 1.4801536 1.6134303 3.7100577 3.8187943 1.6469655 12.880646 1.6008098 78.53138607043935 
Car -1 -1 0 693.3927859930885 178.90816692332973 743.369604153507 219.64648644501963 1.4874833 1.5473002 3.5620575 4.2637 1.7432886 28.684208 1.5998968 21.668916284779744 
Car -1 -1 0 699.4530322397115 179.18413704606243 768.6189229033162 229.92670822965871 1.4696841 1.6170158 3.731691 3.9193344 1.6900007 23.239204 1.5803545 11.741792179979008 
Car -1 -1 0 562.2146147665353 176.64472453588743 604.518269119516 190.15827242713846 1.4348344 1.6558783 4.425118 -2.817497 1.8505958 78.15091 0.072689086 9.005954850921283 
Car -1 -1 0 532.8414880182642 177.968426368692 571.578915928318 204.68494009846796 1.5139945 1.6571674 4.101885 -3.430306 1.8396404 43.821217 1.6662731 2.6357892637260747 

