Car -1 -1 0 725.8878180766453 185.65268904540554 896.9335428269675 299.3028131776562 1.4268322 1.56138 3.5061414 2.9416323 1.657911 11.243795 1.5299574 89.01647287941557 
Car -1 -1 0 418.0573458582821 172.04762028108192 509.78262825136466 205.80573043544717 1.5775609 1.7001001 4.0705957 -6.92807 1.5398775 34.601753 -0.016416429 34.51914705049016 
Car -1 -1 0 702.2580559425612 169.64472271631726 825.1529299085325 216.69510646130698 1.8274941 1.7465959 4.5358872 6.131057 1.7028418 29.004032 -0.046883866 48.867656123131326 
Car -1 -1 0 47.69373041234133 165.66760606024994 360.6787979996717 291.44490325863444 1.7633874 1.6170195 3.8333266 -5.9685674 1.6626347 10.942936 -0.009685817 102.61666666069279 
Car -1 -1 0 0.0 185.47796144485855 294.7646849813764 324.6774166023071 1.4764127 1.5955179 3.9973865 -6.098073 1.6408585 8.598626 0.0013612629 73.05115390920693 
Car -1 -1 0 196.3348710206315 173.02708387380946 407.53913703791744 252.45670436248045 1.6225734 1.69177 3.9395854 -6.584946 1.6266223 15.811686 -0.11568352 67.46876651565745 
Car -1 -1 0 785.6462871773482 185.11293000540348 966.5915951642097 244.46271048290592 1.4261937 1.6367092 4.067295 6.7590733 1.7573237 18.59835 0.0361651 49.48148863280472 
Car -1 -1 0 754.383924389876 176.25176971196223 908.4931979046619 233.24996580591576 1.5869774 1.6450801 4.047248 6.4033585 1.6910671 21.153477 0.06419214 22.74155562687555 
Car -1 -1 0 448.48585940240247 166.86694052529126 528.6892950996122 200.3126021545598 1.782598 1.7426912 4.248373 -6.5834126 1.4634975 39.5816 -0.12273176 19.93154322654838 
Car -1 -1 0 523.5712598209378 174.2045002324485 544.6049032385217 193.57837509495667 1.5103983 1.5722352 3.7985907 -6.146682 1.6236482 58.51774 1.4336061 1.0718842828440507 
Car -1 -1 0 353.282184607809 175.87923021456473 470.41147873688556 217.11369631078398 1.5111469 1.6031832 4.0339193 -7.4480686 1.6298299 27.438404 -0.03331042 0.5249206161198727 

