Car -1 -1 0 572.133529097278 176.51822569365885 654.8564600329928 255.2357548500287 1.5932751 1.6755176 3.2758355 0.14781979 1.4172347 16.198355 1.5834831 76.87769124791164 
Car -1 -1 0 155.43425781049723 186.02174627607295 311.68599959383164 257.09162300335277 1.428926 1.6287541 3.7023122 -8.2950325 1.4493308 16.34642 1.5708022 54.44590262946737 
Car -1 -1 0 230.55340398295 191.91551864027923 408.84650234536053 292.539377646329 1.3753895 1.5369282 3.5249586 -4.5109468 1.5020766 11.826907 1.5662303 79.04981193959156 
Car -1 -1 0 401.1891583126223 183.72888491964147 491.3330534035239 239.98157009085546 1.415133 1.609753 4.1460705 -4.382971 1.3777297 20.15921 1.5681584 72.69691929743742 
Car -1 -1 0 0.0 188.5647416046159 138.80755869246622 261.27646504533305 1.4636188 1.6035466 3.7976403 -12.790577 1.5497818 16.570793 1.5385417 33.46474691204164 
Car -1 -1 0 365.39353478443894 180.31299290385522 424.6276261485139 217.2120602881381 1.4041463 1.5672296 3.6755524 -8.554369 1.2175802 29.245342 1.4975321 16.20176130182019 
Car -1 -1 0 257.16012563692755 178.22909683334976 341.22474991864436 216.94118507287004 1.4482998 1.6525434 4.329199 -12.332345 1.1869165 29.081566 1.5417718 13.021587420796182 
Car -1 -1 0 648.7646473161553 181.7318915287571 677.0871270696802 201.1912523923511 1.5268729 1.6042188 3.7644815 4.5618315 1.253517 58.432827 1.840833 7.293905224140118 
Car -1 -1 0 709.361248882563 184.6807527689139 731.3233438926915 198.72182169960726 1.5057489 1.555621 3.6179125 12.464767 1.4483819 79.058395 1.9716811 1.3485123758289563 

