Car -1 -1 0 436.4949969625772 183.08857986061892 539.3598759344511 249.75723617781532 1.4414773 1.6716791 4.477881 -2.9762225 1.7373981 18.581703 1.6246978 125.39617896459485 
Car -1 -1 0 718.5438342241644 176.18028833019264 885.959822058052 294.0314259225819 1.5754166 1.6956545 4.111727 2.9192533 1.6394774 11.829081 1.5841379 114.92328815666029 
Car -1 -1 0 680.4991822180363 182.1629088090428 764.5728043692541 245.44459324102334 1.430057 1.5620719 3.6826377 2.8213112 1.6951908 18.700272 1.5590411 57.66792416366567 
Car -1 -1 0 523.6875248348 178.8597589764519 560.157854553723 213.1579852392881 1.483253 1.4795841 3.3513362 -3.0969815 1.7761898 33.49589 1.5397229 23.4732428956951 
Car -1 -1 0 664.8397695385806 181.94642441047648 726.3381813519095 229.85550010002015 1.4047544 1.5971304 4.031563 2.7690797 1.7320263 23.947678 1.5803261 14.988407343979901 
Car -1 -1 0 644.7552323814609 174.66861719730602 665.7696718064517 195.2654081651797 1.5951586 1.6226407 3.7686036 3.654601 1.7461983 58.1382 1.6161463 2.450285618802108 
Car -1 -1 0 653.4093664442578 178.01730899205398 689.8948690341427 208.80411767455794 1.5142064 1.5036765 3.7643025 3.2253828 1.7999319 38.026913 1.5444105 3.2396500847323133 
Car -1 -1 0 481.34752613470647 180.47221130881263 545.0760749141455 230.3143767495374 1.5346957 1.6249568 3.5842934 -3.203484 1.8132857 24.577782 1.5908859 2.3415906162284794 
Car -1 -1 0 541.4577101607147 178.0771876126419 575.6258705306365 206.41153739466498 1.5014856 1.5632188 3.602374 -2.8381193 1.8095694 40.733795 1.6028588 0.3039874732494354 

