Car -1 -1 0 0.0 203.2216001638543 276.0200580604484 350.63355990227217 1.467003 1.5259038 3.49647 -6.081712 1.948715 9.677303 1.5978467 124.53613497109149 
Car -1 -1 0 713.2779783765768 179.21839414472507 868.1308612639316 282.11543435105267 1.5402277 1.6759939 4.1280985 3.0818481 1.6746083 13.146809 1.5410308 123.7514604014509 
Car -1 -1 0 229.710879839452 195.04951630820852 394.1840982276333 280.7990444756672 1.4332472 1.6325724 4.139658 -6.057466 1.9669307 15.248348 1.6107479 102.2557950181994 
Car -1 -1 0 384.1644009875035 179.1147159425582 467.7374538604193 237.09603241351897 1.681932 1.7028499 4.281876 -5.86811 1.9049766 23.550703 1.5540956 90.9292391338499 
Car -1 -1 0 521.2056869432043 181.0476724880786 549.1504248151246 201.77029272097107 1.4979992 1.6867695 3.8527935 -5.6984773 2.1518612 55.636982 1.5901608 8.201810556697597 
Car -1 -1 0 555.0771081307455 180.25082736480852 581.405296550998 201.0056916867462 1.4712484 1.707931 4.014124 -3.090527 2.0517302 54.605404 1.5848128 6.065176928910484 
Car -1 -1 0 432.1457674565098 184.1061049342689 491.644698760223 223.91883539844773 1.4896953 1.6152955 4.0160074 -6.08957 1.9914801 30.158047 1.5843408 3.4605952767758783 
Car -1 -1 0 683.8769140054916 173.5020430371498 709.0658524913281 193.37677586161996 1.5091413 1.6896286 3.8696213 6.8180003 1.5620053 56.88823 1.6165054 3.7873384260426315 
Car -1 -1 0 638.9989561576787 176.011163127631 658.7402254700041 194.04383735090133 1.490165 1.5970954 3.590034 3.357202 1.7697346 62.077175 1.5975231 3.1591078843501146 

