Car -1 -1 0 704.7358378425428 186.33532915000384 797.4487647128083 255.56481070683245 1.428216 1.5875638 3.8898392 3.3288677 1.7940018 17.613758 1.5950079 86.65748834264208 
Car -1 -1 0 481.4542637702916 183.91789057279254 531.9642088396032 222.44917847291723 1.6159613 1.6684178 3.8148966 -4.681785 2.1563296 33.305946 1.6045105 56.31954469454203 
Car -1 -1 0 686.0776476318788 182.14103401741826 750.881553070757 233.83018614956555 1.4766603 1.6100825 4.19178 3.4517064 1.8063974 23.496792 1.6040497 53.28819047446222 
Car -1 -1 0 1022.7230841227351 161.88050454175843 1218.8302090424804 241.7690245349332 1.6296315 1.611834 3.5220938 11.582743 1.4057851 16.460827 0.689736 49.56676094548819 
Car -1 -1 0 898.9289973137597 177.53099425570215 1049.2109523680765 231.20630650570723 1.5295444 1.6348696 4.0190625 11.423466 1.6886976 22.717136 0.6227263 24.391986058750913 
Car -1 -1 0 506.9129882983791 183.6344993884582 545.578398018541 214.40608650886867 1.5024354 1.594205 3.9252622 -4.401573 2.1081595 38.57427 1.576058 12.047316549233157 
Car -1 -1 0 973.3827323537178 176.92067143298314 1141.5054346977583 238.0922655404993 1.4563589 1.5402648 3.6556063 11.815631 1.5738666 19.128048 0.65179276 5.18809962299671 
Car -1 -1 0 528.3469346040771 182.44849409658872 566.3280630755166 210.18889672021496 1.5530386 1.6230292 3.914389 -3.7295868 2.1626568 43.82052 1.6649277 1.738438356391651 
Car -1 -1 0 222.79235346275814 189.92451127190077 266.5413328912212 209.8359761803724 1.4591281 1.6596605 3.523507 -29.129442 2.8664384 57.705017 1.5924364 1.4209721211125446 
Car -1 -1 0 586.4574822853313 182.30719460247457 609.451646637776 197.30321734326168 1.4533534 1.6214833 4.070229 -1.1731706 2.4612532 74.78307 1.7506586 0.27566513419151306 

