Car -1 -1 0 719.246268062503 185.45064969694772 826.8906830164418 262.0073272447001 1.4136276 1.5919755 4.01311 3.4791164 1.728754 16.02084 1.600959 105.55557522580222 
Car -1 -1 0 697.9068956834747 180.57856911447877 771.1129471149494 235.43668668712144 1.453237 1.6083884 4.237754 3.6769311 1.7102097 21.860481 1.6019156 58.77742527984727 
Car -1 -1 0 481.49964053939857 182.44641246742947 536.0356401787687 222.052338199781 1.585402 1.6550409 3.7079122 -4.361643 2.032277 31.70948 1.6365356 63.84792772926091 
Car -1 -1 0 508.22824538099644 181.14205376125642 551.1765981536831 213.30590314096378 1.5133417 1.598077 4.056379 -4.043461 1.9628127 37.07021 1.6123838 12.043883926958598 
Car -1 -1 0 1023.6762294901675 171.41864157700536 1212.9557553312668 237.9660843694252 1.4555311 1.5259836 3.5989447 12.125473 1.4241368 17.415833 0.5892003 18.741391436755926 
Car -1 -1 0 1077.4050212526715 165.644413758721 1242.0 249.7125627014571 1.5087359 1.571454 3.4811552 11.697601 1.3793484 14.67813 0.70822316 31.219381512609143 
Car -1 -1 0 933.6744823520406 173.66862724955203 1097.0287281186577 231.63328797445286 1.5312985 1.6409882 3.9691517 11.721664 1.5570109 20.943577 0.6286632 29.963584838948915 
Car -1 -1 0 675.2372671395505 175.8383858562211 699.3484292208245 198.1363500288544 1.4692281 1.5810566 3.764461 5.354821 1.6840963 50.005848 1.6566749 13.495392072976466 
Car -1 -1 0 540.8128891657219 181.10006847229783 575.1729099987459 206.13583834551218 1.4902449 1.5969868 3.978043 -3.2669976 2.0433917 46.350395 1.6570702 1.5668634204308818 
Car -1 -1 0 255.5989334374234 183.16973005057838 351.2488449416014 213.98270898231033 1.4972788 1.599798 4.1501594 -15.405837 2.030047 36.439316 -0.012304598 0.534789491719426 

