Car -1 -1 0 710.2142014769543 180.60924078534535 931.5686585339316 261.08254267087 1.463243 1.6627235 3.9066854 4.137479 1.6299236 14.418679 -0.13630463 132.08826586404638 
Car -1 -1 0 654.8001909679698 175.76337692646666 762.67668818615 221.55907516380722 1.5238369 1.5809791 3.4328187 3.41003 1.6291304 25.123951 -0.11940251 55.038995876277134 
Car -1 -1 0 292.74781826755253 177.63402414239252 426.6905203603453 223.0819316868923 1.5385813 1.668717 4.247597 -8.805426 1.7159939 25.715458 -0.11112969 54.54981660340779 
Car -1 -1 0 92.48002196179385 174.46113010750835 333.83349530260165 259.5724554169263 1.6716024 1.682416 4.1561728 -8.221406 1.7080784 15.294165 -0.11909818 102.36198043718285 
Car -1 -1 0 167.70044323110616 183.36312566901546 365.3388373662315 248.5233491375999 1.4803728 1.6149244 4.076466 -8.285834 1.7529914 17.716497 -0.09697539 31.449634844563853 
Car -1 -1 0 220.36859424300098 182.385477171165 390.179156947093 236.61754348273377 1.4583328 1.5818725 4.1543264 -8.546717 1.7396603 20.491177 -0.007005078 18.28725228631845 
Car -1 -1 0 633.5420198317354 177.7528727680444 735.0022577374635 218.4329011815337 1.4831417 1.6135873 3.5804935 2.8182578 1.6775708 27.596815 -0.13475455 12.0224745013787 
Car -1 -1 0 454.3343166673132 175.25840689349576 483.7357892966066 194.1296021340532 1.5902994 1.6430899 3.7797344 -12.373013 1.8083959 63.389153 1.1259153 4.100169309461233 
Car -1 -1 0 326.57609942848393 171.37462953916435 427.49811868283757 212.6806056127915 1.6991949 1.6249795 3.8378682 -9.821536 1.6383382 30.697578 -0.10868185 0.3117370903491974 
Car -1 -1 0 311.9982475027128 174.78098514785225 421.2172752352073 219.59407775538335 1.6800561 1.607738 3.7681751 -9.393386 1.7577755 28.118214 -0.09725103 0.5787033287619102 
Car -1 -1 0 892.63548803878 177.16515570192612 940.6286144054587 201.7151403729882 1.4512266 1.6072748 3.956954 19.341885 1.734369 45.37402 2.2951977 0.28832027316093445 

