Car -1 -1 0 747.6283384489201 177.0705767965676 1010.7911006206785 270.63826902600323 1.4382145 1.6237184 3.8620312 4.4633794 1.5157137 12.222937 -0.12081896 151.59603781793763 
Car -1 -1 0 673.615701425896 170.7942461557767 796.2949229731282 219.46349874155536 1.4848509 1.5880568 3.5505805 3.9464018 1.4220097 22.998234 -0.11042455 87.02299805581812 
Car -1 -1 0 286.2971438435229 166.14646266106476 429.11406034818975 215.95881167879227 1.5753405 1.6692854 4.1533213 -8.20892 1.3632112 23.79434 -0.06875947 46.99067922017027 
Car -1 -1 0 34.41685199456281 161.91028048115942 313.538858775629 259.8676048342726 1.6739514 1.658221 4.106135 -7.85723 1.4869387 13.338582 -0.089110345 111.78254265599962 
Car -1 -1 0 131.3316630718232 172.07964841381602 356.9153460113196 244.48277443328683 1.4879961 1.6172712 4.09383 -7.842504 1.4720819 15.777555 -0.06950556 38.21010975972634 
Car -1 -1 0 197.36988621595955 171.1709448257953 387.13775130364627 230.54370970589287 1.4662066 1.5867369 4.1983237 -8.08209 1.4246435 18.614649 0.001407374 29.21299808303139 
Car -1 -1 0 652.7926504172061 172.12437200186378 768.6872077383626 214.98342132350476 1.44909 1.5876995 3.764594 3.5125065 1.4244207 25.385525 -0.10676102 22.272360327523064 
Car -1 -1 0 466.71269413643523 166.75321131614763 497.3002496063785 186.09476175327126 1.5923542 1.6590804 3.7438745 -10.891671 1.0900872 61.450058 1.136003 3.6608566258461988 
Car -1 -1 0 390.75798721753887 157.88481791576478 426.2610321597373 194.81339561135712 1.8730526 1.7120476 4.1269317 -10.859552 1.1138012 38.821968 1.2678066 4.082994177635572 
Car -1 -1 0 321.71123956600894 161.12592595813553 430.47741665859945 205.09977625157714 1.6815836 1.6238259 3.9145095 -9.203888 1.2330956 28.704266 -0.1593938 6.362579770153972 
Car -1 -1 0 332.8586069913742 157.99774502536903 429.53339024596295 200.4187002107813 1.7563137 1.5996002 3.821201 -9.746508 1.1412344 31.04266 -0.20356286 0.2563868761062622 

