Car -1 -1 0 723.2473589716493 178.80825457457837 894.1289359071653 291.1625845785523 1.5221117 1.6845964 4.0670867 3.0818553 1.6382914 12.035131 1.558732 118.69522463850866 
Car -1 -1 0 0.0 203.49473824581048 239.14047892019727 375.0 1.5096792 1.5278895 3.377534 -6.0679708 1.9466057 8.581865 1.595356 110.34098631251148 
Car -1 -1 0 199.0968969531834 195.92541970584173 381.44359925657506 291.04782035977814 1.4565371 1.6238775 4.135064 -6.0095043 1.9763978 14.161743 1.6081736 126.59970646262853 
Car -1 -1 0 370.55288144068544 180.9267527794339 462.2287132385272 238.8456388602994 1.5811168 1.7032624 4.2336116 -5.864415 1.8555208 22.406963 1.5735171 74.8667512507168 
Car -1 -1 0 552.9173965493551 179.62579087031114 578.5380403807069 201.2124729534601 1.4827918 1.661091 3.882601 -3.1686842 1.9959486 52.730495 1.5643086 15.340246173763246 
Car -1 -1 0 520.7976439245326 179.59014771290228 547.3256365373167 201.25629866009712 1.5384502 1.669049 3.9634385 -5.6633463 2.065693 54.476273 1.5495685 15.552911217044226 
Car -1 -1 0 474.7422503230797 182.70815750782472 518.105054249624 211.96292563596614 1.4428442 1.6032434 4.283661 -6.0821886 2.007633 39.197247 1.590939 4.483034727178693 
Car -1 -1 0 424.36875961203265 183.23398635699633 488.3129762754893 224.58062340720926 1.486464 1.6341802 4.0402575 -6.069426 1.9329605 29.000017 1.592047 7.3628385219715105 
Car -1 -1 0 861.790240376981 159.83762330230465 970.7620372584505 197.4549565732862 1.511705 1.5807784 4.075699 12.798854 0.9886236 30.349106 0.29754633 2.0504677720584668 
Car -1 -1 0 692.2318685322584 172.68119754652008 747.4016860296109 194.1917041522515 1.5840204 1.7063172 4.036931 8.262313 1.571295 54.245506 0.13227254 0.6094000354593221 
Car -1 -1 0 639.3241880912652 176.69622414586104 660.0439023927331 195.20387003249255 1.5004374 1.6163411 3.607328 3.424937 1.8359995 61.1444 1.6646024 0.583233868893731 

