Car -1 -1 0 664.4110569084733 178.26816175752086 708.2910734379632 211.3727646279356 1.4514709 1.5879004 4.1385894 3.5984397 1.7252061 34.39855 1.5547149 32.35482406361451 
Car -1 -1 0 0.0 193.3394470863101 305.0747007867084 324.32371176439784 1.4201857 1.6138666 4.0873647 -6.164935 1.6994625 8.966102 0.031342138 63.19954180200061 
Car -1 -1 0 30.89582500814181 188.82584797861998 328.6909883803912 291.9821020262751 1.468037 1.5607448 3.7490547 -6.5841866 1.7362893 11.317427 0.011046437 39.5728911811993 
Car -1 -1 0 309.8471001400838 181.1301329114397 484.41659378431495 242.93349978255137 1.5238273 1.6043072 4.0912004 -5.482052 1.7509543 18.914707 0.04178365 44.00924406076349 
Car -1 -1 0 417.0651754792894 178.78637760616286 534.8548273521302 218.41616088285224 1.5172262 1.6550844 4.366066 -5.277508 1.7618091 28.824263 0.04441704 31.514333020533716 
Car -1 -1 0 261.5844896835917 184.15790253073052 448.5388064447912 253.45444960407 1.4709209 1.5685396 3.726081 -5.751982 1.7445712 16.542397 0.07682302 41.37190461121889 
Car -1 -1 0 381.6537760401724 182.48741903872826 504.3637387431128 228.8063746414681 1.4551508 1.5375509 3.7008436 -5.544493 1.7923315 24.183893 0.17000304 11.984595412687579 
Car -1 -1 0 347.03162031042774 182.97338714626946 500.26728715470455 235.10525680782308 1.4422046 1.5667001 4.0978074 -5.4352617 1.7551982 21.330639 0.10133543 10.13984138486325 
Car -1 -1 0 501.68999116811284 175.6081547741856 561.5289943426465 204.4108455210882 1.6596766 1.6058191 3.2721043 -4.5855236 1.8262522 42.69826 0.086693645 1.1895262049458541 

