Car -1 -1 0 57.401079966372286 182.9701661871578 312.10663284179805 317.08475519747066 1.6242157 1.6676896 4.0800776 -6.1844735 1.8093073 11.126529 1.5262125 153.7709216942997 
Car -1 -1 0 479.05384316566557 180.83317245693402 510.5760189916775 208.54742698015474 1.5410256 1.6201242 3.945474 -6.846868 2.042803 43.334778 1.4772323 12.858417201745935 
Car -1 -1 0 269.67418030550914 183.53054254913746 403.55333300945 259.399906685887 1.5855584 1.690502 4.1688695 -6.525007 1.8792708 17.758568 1.578626 56.42813611079733 
Car -1 -1 0 504.5267946826174 180.98193234590963 551.6007264945944 213.77809579462578 1.4416127 1.7368765 4.321578 -3.8791842 1.8599645 34.96573 1.5844743 46.89757687634304 
Car -1 -1 0 406.0267683871697 185.6555151622212 468.13561387085565 226.19622808637396 1.4342369 1.5860969 3.7535973 -6.7548275 1.974987 28.596687 1.564349 33.153551519462056 
Car -1 -1 0 629.190781778593 175.7004892634928 654.4981942631908 197.75651162966827 1.4624228 1.5610247 3.4979777 2.2090876 1.6668158 50.052715 1.5596741 16.635068951374226 
Car -1 -1 0 702.7906406955609 170.25684638641962 777.1440171027358 196.77455239083224 1.5495046 1.7047614 4.2604733 7.7569203 1.3977454 43.220306 0.099028744 11.55306304818993 
Car -1 -1 0 534.578985053301 178.2412982129955 559.5331222867214 202.3973637608014 1.4951047 1.5537907 3.7221675 -4.141373 1.8638678 47.455444 1.4624381 3.9031334836227933 
Car -1 -1 0 1061.1444524563822 154.94131958526148 1167.2888971192012 200.60224191668962 1.5291017 1.6323822 3.8333838 18.16362 0.9292383 26.181892 1.7241979 5.962018546043949 
Car -1 -1 0 695.6283050445993 164.49814237474408 764.1510794781826 192.8171694933537 1.7764281 1.6321025 4.06889 7.668927 1.2522721 46.186012 -0.05395276 0.27631133794784546 

