Car -1 -1 0 188.69789931296023 194.2138190826348 368.2586613568084 295.67267245005627 1.469748 1.5470132 3.629156 -5.7604294 1.9098576 13.04352 1.5824221 106.40874496484678 
Car -1 -1 0 709.6917912135544 182.6248530373619 820.2079681678076 254.49911980889541 1.422492 1.5702513 3.6815715 3.4540777 1.673816 16.675793 1.5124089 97.91084142830448 
Car -1 -1 0 812.0745597926264 181.68961555345834 1211.0513268650202 375.0 1.5284684 1.6340058 3.9592247 3.257613 1.6366194 6.836913 1.5900428 132.52071026886043 
Car -1 -1 0 367.9934977907533 184.8884712520024 469.79070944615796 240.7186272430889 1.4687455 1.6391994 4.235243 -5.700489 1.8740652 22.113205 1.6695571 74.20506646574958 
Car -1 -1 0 661.738059173685 179.19802037542905 707.8578630761823 215.8218412406277 1.4491744 1.5379584 3.6959252 3.1798215 1.7385993 31.056614 1.5532467 36.70306363941516 
Car -1 -1 0 681.3070794477527 181.5771739370928 760.3799279297049 233.88984710978374 1.4236491 1.6203973 4.1069226 3.3492243 1.7201194 22.428513 1.5170059 26.868542969816062 
Car -1 -1 0 474.7050587275943 180.20853185056993 520.6496125980348 211.84572463450993 1.5106316 1.5538111 3.639701 -5.711817 1.9088652 37.19662 1.6463007 8.31469320704158 
Car -1 -1 0 655.6823718988618 178.04257201384905 695.5854160856804 210.014420693102 1.5106075 1.497897 3.3251505 3.2846646 1.7843201 36.354572 1.504214 7.790561939480579 
Car -1 -1 0 499.66729322425255 179.97404143180515 537.0975745591328 207.51758702182298 1.5081943 1.4942737 3.3561614 -5.2837744 1.9411978 42.143517 1.6577613 1.8184882333986943 

