Car -1 -1 0 440.47530596329847 185.9587628034969 508.2618456303002 231.17856472140457 1.4339296 1.5632184 3.600883 -4.4760733 1.4613233 24.678112 1.6008544 53.764141350558674 
Car -1 -1 0 305.2662506114605 193.08825351493974 452.61891731720556 282.78232194246203 1.3981518 1.5851364 3.9215174 -4.0923977 1.5678954 13.525794 1.5540187 107.9267066524408 
Car -1 -1 0 70.3857854161571 184.14976344016037 276.6426789648403 277.82328811078946 1.6000968 1.6580844 4.047109 -8.339339 1.5818889 14.304012 1.5722737 109.61239398582097 
Car -1 -1 0 578.6037510506982 181.01638591501487 609.5842933940044 209.06836294439978 1.4778252 1.6321149 3.6315725 -0.69231296 1.2565984 39.687336 1.5695571 19.15049656599276 
Car -1 -1 0 284.2063581946157 190.05339507706134 377.4534427025683 237.97949803724975 1.3449821 1.5645738 3.571097 -8.469138 1.507359 22.332329 1.5572097 26.260798909449647 
Car -1 -1 0 510.26690749097355 182.02081605855358 539.2691261462584 206.62919121447004 1.4418681 1.5378511 3.4647813 -4.996555 1.2546717 43.887817 1.5214761 17.310080874114615 
Car -1 -1 0 481.21781423219124 184.08552244641527 523.909546325988 215.70041509491548 1.4427748 1.5751977 3.8593676 -5.0001936 1.3911982 34.75073 1.5507661 14.909328079060169 
Car -1 -1 0 389.20398902447795 181.6821042290819 446.96199750392657 218.3288527159506 1.5917213 1.6827408 3.8797522 -8.648266 1.4382426 33.171967 1.559754 16.880596175154302 
Car -1 -1 0 369.35727337186694 180.518407275892 422.0255485920564 206.80982103657465 1.4934003 1.5983092 3.9518661 -12.549609 1.2265856 42.886898 1.6857626 7.749484171473975 
Car -1 -1 0 263.92843524752993 174.30682165144282 347.9139343436932 222.19209631270417 1.85905 1.7755146 4.392976 -12.496616 1.4355347 30.127129 1.5446078 7.485489844139214 
Car -1 -1 0 44.66293095890785 188.55377776153463 200.05395605861034 249.84065061831208 1.4840728 1.6115754 3.8600338 -12.978057 1.5838377 19.551113 1.5748721 2.3534779346846313 
Car -1 -1 0 430.9942966070887 182.51333323988956 468.3097680096959 209.06947637523035 1.4694636 1.5790062 3.851093 -9.099323 1.3199303 41.754185 1.4995787 1.228028213104446 

