Car -1 -1 0 674.6800659186262 180.05176735007848 754.0372330801589 240.88055363677952 1.5354185 1.6435943 3.8812494 2.890401 1.7607064 20.62961 1.5537993 94.37372232846624 
Car -1 -1 0 278.65399861795663 195.76256254865305 405.70102962755936 271.2865207224965 1.4796352 1.5835993 3.6454093 -6.176432 2.0808916 17.09547 1.5958341 89.92601250254035 
Car -1 -1 0 367.7098292010025 192.39087014673572 454.354809038139 246.9967740399698 1.4555868 1.5638311 3.911613 -6.1066923 2.1214023 22.617447 1.5927832 70.02057771197549 
Car -1 -1 0 439.1640622499778 184.60321789455506 491.6183231012705 224.48605800916698 1.521636 1.6156328 4.234417 -6.106939 2.0608466 30.956646 1.5176623 23.784634067418466 
Car -1 -1 0 527.559492293515 182.00626634207416 554.4035032370085 201.70806276252122 1.6125897 1.7052848 4.249546 -5.972929 2.4424195 63.24881 1.6314585 5.09512109465267 
Car -1 -1 0 501.9638285105833 185.0727929904046 527.744697411328 209.2259486230173 1.4483678 1.53422 4.217564 -6.2136617 2.2918272 47.63612 1.4769034 3.4145774982956123 
Car -1 -1 0 629.4779817184843 178.13823335794785 646.4816071841394 193.99974140271385 1.4622265 1.5350182 3.7067251 2.7659612 1.9864906 69.6846 1.638905 1.5125792883645364 
Car -1 -1 0 469.58781100110843 184.38941300437645 512.5153548666857 217.17398503219994 1.5638677 1.5817161 3.8068914 -6.131344 2.1967273 37.674194 1.5805341 3.3620330663133755 
Car -1 -1 0 562.6884364141935 181.49467010735196 583.2356347543634 198.19468869875493 1.4753778 1.7504832 4.338299 -3.4267383 2.3177948 68.170815 1.5639288 1.759369929144461 

