Car -1 -1 0 746.7819426154095 179.13849989520816 910.2470105068817 303.1169245806252 1.4688686 1.5394802 3.503387 2.9920113 1.5762856 10.53199 1.6401224 121.94014182648351 
Car -1 -1 0 224.10504768124497 195.88129745834163 384.9483827242261 289.8781466293008 1.5555763 1.6416774 3.8583703 -6.05444 2.0906298 14.827805 1.5811412 83.81083313533686 
Car -1 -1 0 465.76640935544435 185.42877932285532 509.36362792020196 217.06237567173898 1.4977767 1.6134994 3.919798 -6.311795 2.1886377 37.68142 1.5709527 20.723839414526413 
Car -1 -1 0 641.0068581206308 175.07991093531925 676.6272661468328 205.65561626455923 1.6485405 1.5764416 3.6103532 2.7570205 1.7807878 41.020294 1.5121558 25.506446838143713 
Car -1 -1 0 484.5527684261664 185.58598314938163 521.5191734868403 212.86830005982492 1.489064 1.5481497 3.7484922 -6.307932 2.282136 43.047943 1.600587 4.305345033429366 
Car -1 -1 0 240.16844202170338 195.57795042842005 291.9524296119099 223.53636349501338 1.5101397 1.7066255 3.9362373 -21.049156 2.972248 44.369812 1.4518013 10.573111016672195 
Car -1 -1 0 799.4055315408912 163.24352123927937 821.6240650171316 180.30893706085374 1.5164557 1.6253151 3.8746912 18.397282 0.6624553 66.16957 1.7535307 1.8234583695366477 
Car -1 -1 0 282.2846777993203 195.20301485020553 340.9733777108979 222.30077606433056 1.458555 1.6087759 3.9376574 -18.203936 2.8932934 44.270035 1.68995 1.601072268852595 
Car -1 -1 0 536.1333363331269 183.49470405650158 554.4319734183132 200.28539659480373 1.4660621 1.5908501 4.0215735 -6.05873 2.4958994 67.74151 1.4518406 0.25416916608810425 

