Car -1 -1 0 115.64836229124775 184.00093734496687 340.2668263770637 298.5262943397346 1.5531802 1.6787694 4.1157103 -6.1599874 1.7744709 12.256035 1.558467 145.3850484726719 
Car -1 -1 0 510.6454663800664 179.10195241130342 551.4084841811718 210.48928816640793 1.4612117 1.6664646 4.42487 -3.9319468 1.7983183 36.703735 1.5533155 40.13330288223242 
Car -1 -1 0 296.64332136866466 180.33950154816037 414.9247642325722 252.57372023226168 1.6379542 1.6960636 4.3004737 -6.498535 1.8574157 18.98277 1.5449582 55.84205004941236 
Car -1 -1 0 482.2991995232835 181.17238880592106 523.1424191327551 207.1839664250811 1.4830987 1.6346749 4.191262 -6.555556 2.0227542 44.661736 1.6413622 12.213802400607847 
Car -1 -1 0 632.823791977483 175.52085570322555 656.3042391167653 197.39485494477577 1.4823586 1.5900643 3.833497 2.5211205 1.6793997 51.34395 1.639923 13.269194664958661 
Car -1 -1 0 415.66995622444824 184.09694264806856 475.17741370896795 222.5741301848538 1.4286263 1.5806069 3.657854 -6.681511 1.9200708 29.701727 1.5820293 31.676564032110022 
Car -1 -1 0 698.615663164641 170.0181735464064 770.8972978815358 196.01106067755697 1.5603237 1.694162 4.252368 7.6430516 1.390092 44.346977 0.08957401 21.323279450749215 
Car -1 -1 0 535.2763850352673 178.20044549870875 565.6694449648032 201.1684940039769 1.4799721 1.5729941 3.9142363 -4.09365 1.8624746 49.541325 1.3556297 1.558662607083718 
Car -1 -1 0 1048.5123144693212 160.1703911209858 1144.2962877957225 202.34196625852366 1.4731557 1.5436666 3.7334712 18.20049 1.0300863 27.16742 1.7233617 0.8870822339919414 

