Car -1 -1 0 694.5679927968605 160.8102367964556 839.632985348929 267.54241416653826 1.5434221 1.5759251 3.7427294 2.5048823 1.3692608 12.324533 1.5456407 96.77909295796782 
Car -1 -1 0 316.0062660056745 167.56984337401587 469.244597386262 265.31999822105365 1.5277641 1.6886297 4.0043178 -3.7830071 1.4451765 13.295393 1.5512466 129.1356647225111 
Car -1 -1 0 405.17578595407497 164.85442971971244 500.6498889574954 227.57294683395162 1.4825189 1.6290255 4.0189495 -4.007436 1.2934277 19.06975 1.5767486 54.445656140305914 
Car -1 -1 0 771.6106887221098 167.151792236654 1065.6840627043327 350.06125993658367 1.527081 1.5998452 3.3213353 2.9776075 1.4794742 7.7215443 1.5222285 91.23203507955832 
Car -1 -1 0 663.0736821932154 159.76052057952575 761.0923206756097 226.1753014709221 1.4688933 1.602604 4.440982 2.4417264 1.1793052 18.221636 1.5124897 57.106050956439574 
Car -1 -1 0 617.4621884311972 157.44081852457234 650.0749564620868 179.28974425156156 1.5003567 1.6149629 3.9236813 1.6907828 0.44193962 51.61203 1.4130456 9.993305085469855 
Car -1 -1 0 472.96184547259367 161.3847695889853 523.5418890302428 200.5279001762458 1.4838979 1.5601925 3.879782 -4.4534135 1.0491046 29.314333 1.5425174 15.883493352090277 
Car -1 -1 0 645.9904462930114 155.36133718762431 695.552174751133 195.0284654175146 1.5453334 1.5894228 3.7262456 2.4827976 0.8638623 30.005478 1.5269732 12.16675857552363 
Car -1 -1 0 800.300106057157 138.48337201950133 881.7184832912253 168.1662450798447 1.4758303 1.5860808 3.7516575 11.869418 -0.24795926 37.17652 0.10723561 5.866127894007346 
Car -1 -1 0 653.6304318319071 156.19836859231316 721.1840385364344 204.97243120641724 1.487236 1.5960772 3.9825597 2.5025716 0.9793665 24.036905 1.5108392 4.444781230730601 

