Car -1 -1 0 280.0401633112644 197.16724733848181 453.71878370837237 315.76199343900197 1.5003917 1.5783072 3.8352215 -3.7504258 1.964074 11.838561 1.5651754 112.90746536205542 
Car -1 -1 0 0.0 206.03520152290744 345.8515217460369 375.0 1.5235097 1.5330184 3.393474 -3.9038982 1.9288365 7.08177 1.5218419 107.8151011265022 
Car -1 -1 0 727.2307473569128 181.15319456806705 873.8069000587068 287.6406097024142 1.5132682 1.5764587 3.670146 3.0902212 1.6769006 12.383579 1.5806372 92.9249629494624 
Car -1 -1 0 784.9394011527834 186.50660626254182 1214.6417750311523 375.0 1.4930185 1.650963 4.4433403 3.0751348 1.6658908 6.9017086 1.5548338 129.97431397177664 
Car -1 -1 0 638.8194956548517 180.57571323018925 693.5054405628688 216.30626096697713 1.539205 1.5411816 3.4500356 2.5908267 1.9202429 33.74572 1.3285202 26.5921822538445 
Car -1 -1 0 593.7802414580627 182.08063171229696 626.0661303607436 206.55427684701462 1.5332968 1.5983212 3.717917 -0.013643354 2.1804924 48.64854 1.4093711 12.624601781653213 
Car -1 -1 0 798.2777187268463 180.343122302099 848.7619341595629 227.15701487612142 1.5690011 1.6807106 3.6315134 7.937531 1.8676757 26.796011 1.8590486 7.391128569411887 
Car -1 -1 0 621.0373462921418 179.93646233687517 664.0683719934533 198.7841381220874 1.4836795 1.5433371 3.9145932 2.7874942 2.0951867 60.299744 2.264074 3.828732048318194 
Car -1 -1 0 548.5550336654923 181.39760844470067 596.4224192062138 200.6874444338262 1.6004627 1.5843627 4.1471906 -3.2407968 2.37697 63.598988 -0.73661625 13.612484254764379 

