Car -1 -1 0 698.4859801386426 168.96517597126328 768.1174368146438 195.06068743861354 1.4980628 1.6125576 3.7703712 7.2195506 1.2748172 42.302387 -0.040059615 52.90864151200806 
Car -1 -1 0 818.1487061669199 165.82817530647392 858.3885295723908 185.41900014916297 1.4758465 1.6470354 3.8702812 17.81063 0.94656587 56.353027 1.4873846 11.933661974067734 
Car -1 -1 0 784.4258410204382 165.77960973848093 825.8432187837511 186.03907152444137 1.4953825 1.6189862 4.1639338 14.9661045 0.97321045 55.422966 1.4485537 10.958508535405292 
Car -1 -1 0 993.1803471998113 163.96695435769757 1045.8914882593092 185.89275709173046 1.5934179 1.6421416 3.769682 30.828531 0.9475677 54.373833 1.5011793 8.110067510261244 
Car -1 -1 0 1061.7208903732123 162.4383221320941 1119.699376616864 182.14874382843237 1.4770813 1.592032 3.7487485 37.312965 0.69653946 56.057434 1.3920357 20.52193451745682 
Car -1 -1 0 201.48020103038954 172.68910180224307 300.8038027835419 205.94041543727738 1.5618248 1.6756303 4.1469874 -17.766222 1.5540793 35.8597 -0.6926571 4.979549707315671 
Car -1 -1 0 322.2392409338001 161.45576850119122 359.05720753357264 187.55566129856672 2.1655731 1.7346209 4.3846908 -23.088047 1.2198331 62.102436 1.5185406 2.828935118451964 
Car -1 -1 0 1025.841819583082 165.91574132581513 1073.119390564032 185.44390494675835 1.4538614 1.6767482 3.5646183 33.81472 0.9373114 55.560265 1.648724 1.3743073385925482 
Car -1 -1 0 695.4339321924341 164.1976475659781 743.531539071478 184.46379156497838 1.5176513 1.5649267 3.54418 8.486896 0.86941105 55.898506 0.88197607 3.8827439641066253 
Car -1 -1 0 861.7085803243991 165.6322515360127 905.2723975048951 185.39559485978327 1.4647106 1.6123499 3.7297196 20.985146 0.92948854 55.415646 1.4631358 1.800046542342353 

