Car -1 -1 0 736.8016086590862 190.10144730336503 954.8869011171276 278.2329092981117 1.497209 1.5912967 3.5697937 4.3630457 1.8456323 13.606649 -0.09976004 135.60452682143932 
Car -1 -1 0 98.4878431660263 188.42167045768463 340.2030864216523 268.43618916190917 1.4842464 1.6192243 4.0098963 -7.769379 1.8199133 14.647972 -0.050445046 120.09096718101726 
Car -1 -1 0 701.531269646377 190.67471574317884 894.1280367249187 263.1357614182184 1.459486 1.5484915 3.799656 4.042775 1.8722384 15.837433 -0.053311765 26.823666430058626 
Car -1 -1 0 157.00487473441174 182.75193661067672 345.2912801202736 257.83196232125886 1.6358342 1.5960591 3.6816807 -8.342958 1.8848344 17.077738 -0.15569721 11.692829264362762 
Car -1 -1 0 454.1547441458426 183.76109691179929 489.6731224722422 206.39659957775368 1.5128242 1.6735812 3.7577686 -10.003265 2.33393 52.262024 1.139761 12.267456855943454 
Car -1 -1 0 199.8169378280759 180.7050962282638 365.2736102603091 248.39342507091555 1.6991572 1.6402605 3.8268788 -8.739996 1.9253093 19.587097 -0.20761009 20.98263918248476 
Car -1 -1 0 972.9375380311266 190.15388934025725 1034.600604212484 214.10146822627073 1.4686053 1.613689 3.8751178 26.840153 2.6989708 49.264244 1.3891863 7.140522662349464 
Car -1 -1 0 235.93892609494767 176.63732251154573 380.0928684194658 239.07805302351534 1.7868701 1.598032 3.8320615 -9.070272 1.9084415 21.9894 -0.21897902 2.418549536699609 
Car -1 -1 0 1045.2807866040034 191.06389350763072 1094.45968246649 227.76957724181776 1.4777546 1.5869334 3.82565 21.112518 2.362101 33.038273 2.2216003 1.4454821382699883 
Car -1 -1 0 269.3062687965456 172.05020753433018 387.3143712009926 221.07839090049717 1.8160489 1.7043562 4.165985 -10.853794 1.7862755 28.142168 -0.2920096 2.297759355967533 

