Car -1 -1 0 204.63069391256195 197.62412729287638 381.8985502910665 291.5570375791216 1.4259127 1.6219616 4.2449737 -5.9627028 1.9861836 14.196685 1.5722275 105.16314952193251 
Car -1 -1 0 702.1126820069491 177.92379272826741 819.6197999184409 254.479965091655 1.4537505 1.659514 4.0985026 3.1995888 1.5810318 16.04522 1.5454897 77.55755280408493 
Car -1 -1 0 682.0445833775391 174.25308281025298 758.121226294372 234.14485991635956 1.607317 1.6368679 4.0547724 3.1846523 1.6529166 21.487745 1.5687892 57.44228908383727 
Car -1 -1 0 359.61207777181147 190.0572377920089 461.3520976384654 246.95845343398724 1.4369117 1.7121053 4.4018927 -5.862668 2.0099497 21.80238 1.6089121 77.75808652410808 
Car -1 -1 0 1033.7197331821028 132.85401580392772 1242.0 234.1965866996805 1.635529 1.5855626 3.5400913 9.570819 0.9899845 12.492017 -0.031075727 58.95430998773213 
Car -1 -1 0 937.9719649893797 151.39627664254468 1155.1629596863686 227.42689657295844 1.4833367 1.5680382 3.6322362 8.991823 1.0647023 15.004247 -0.08034118 66.68499011312146 
Car -1 -1 0 470.85591465105404 183.03502054111573 524.5836284593593 217.7557237020724 1.6033041 1.6530533 4.1367617 -5.620595 2.151947 36.73151 1.6887922 20.825865607119564 
Car -1 -1 0 665.3818492343249 179.52768107516997 715.7027631533161 215.6118445418621 1.4387612 1.5533626 3.803997 3.4633918 1.7474847 31.433506 1.5114197 27.460969792437446 
Car -1 -1 0 855.3819719816806 159.1801475353471 1054.2016361633423 221.2502263690043 1.4525924 1.6304364 4.1001034 8.36082 1.1325905 17.707127 -0.0030030431 43.37013424509235 
Car -1 -1 0 422.80466253375346 187.99525240392413 487.958739286271 231.15081266739756 1.4630332 1.5820668 3.8092868 -5.8433814 2.0856967 27.743435 1.6026007 18.24605326467553 
Car -1 -1 0 644.0316931732825 177.5227753194393 674.882756877387 202.62048986686753 1.4972357 1.5581036 3.8013809 3.1196206 1.8053437 45.68907 1.534577 2.194815372955518 
Car -1 -1 0 516.6667628349248 181.18594058858264 549.0196622522086 203.56458784907903 1.4989566 1.5469636 3.766179 -5.461033 2.1189961 51.740067 1.6775172 1.240201967476052 
Car -1 -1 0 0.0 183.58175707802843 129.91373308190916 262.47687805338404 1.5402422 1.5644146 3.2082028 -12.272572 1.8094257 16.336185 1.2503892 0.5626720643789291 

