Car -1 -1 0 732.9979918963573 182.76243606023084 865.731898576361 280.5840678308242 1.5407038 1.6210053 3.716708 3.4112992 1.7536299 13.625298 1.5985198 78.32031784398878 
Car -1 -1 0 709.0494517686641 178.3914682912516 797.8589890188956 247.61909282165138 1.5805786 1.6416043 3.7670736 3.6087866 1.738585 18.683514 1.5976524 73.04399132033946 
Car -1 -1 0 246.14184036217634 183.80448233630247 448.27256635045626 247.94388849942072 1.4287236 1.6442969 4.2297735 -6.142421 1.703152 17.223959 -0.017196737 86.68558191262179 
Car -1 -1 0 679.1428503437077 183.2199291706549 724.5208476466973 219.1850995648936 1.4632645 1.5332396 3.4974117 4.0538654 1.9500759 32.127426 1.5586305 46.76185603605557 
Car -1 -1 0 31.42102415019749 184.45967519821457 381.3063864085834 301.9743449461551 1.4931935 1.6460952 4.1955214 -5.645332 1.6763169 10.376208 0.090256795 102.71630816244794 
Car -1 -1 0 339.002447319406 180.71010023049865 483.3427142792388 233.90324440974763 1.5921178 1.6979047 4.102578 -6.1685376 1.8497622 22.762707 -0.025247345 36.73473557482603 
Car -1 -1 0 409.96793294200535 181.32781421425508 517.756186721053 224.24867296656012 1.5521848 1.6188185 3.7599745 -5.4425936 1.8822241 27.263699 -0.015720904 7.030125421118975 
Car -1 -1 0 447.49855558551997 175.36007102222416 544.1769991697902 215.42788153469883 1.7158289 1.6225556 3.9465067 -5.040138 1.8315251 32.175663 0.17096326 5.804385247721431 
Car -1 -1 0 379.53147088887135 183.08608584351848 515.4706052094054 228.22579466402354 1.4685168 1.6217899 4.2994146 -5.4679694 1.8307244 24.698814 -0.014998462 3.7411482611645357 
Car -1 -1 0 513.2825610152387 176.69305352884277 545.7296638613542 209.6820888363894 1.6326576 1.6214345 4.049959 -4.213422 1.847512 38.288887 1.4764681 2.5122397778278884 
Car -1 -1 0 711.0433430330904 178.73724389237907 787.1044807013991 206.80339639694066 1.5857255 1.6229353 4.0819798 8.099903 1.9363846 42.080235 -0.056591704 0.6023192495963624 
Car -1 -1 0 554.6630134168158 179.2204442653284 580.9568738620018 200.66266034132437 1.604668 1.6512848 3.6424081 -3.2645063 2.1238747 56.9756 1.6322254 0.2731548249721527 

