Car -1 -1 0 699.5235169772327 183.66593415809518 793.8686071673194 246.40366445828334 1.421302 1.5724452 3.6618953 3.4695964 1.732119 18.867464 1.5104809 109.26612441792419 
Car -1 -1 0 0.0 202.1539297577732 307.6017825578741 364.8918615290335 1.4477664 1.6720376 4.420805 -5.779648 1.9227532 9.460644 1.6032221 134.20661736290714 
Car -1 -1 0 253.7654587986713 192.58631516188044 397.533564427322 276.7797752503293 1.4634598 1.5845423 3.661172 -5.8123336 1.9302213 15.234459 1.5742147 94.74415387943912 
Car -1 -1 0 768.8639997658228 180.35917031139712 1025.7952956176266 340.7527918702132 1.5293844 1.6420543 4.007528 3.2617214 1.6446323 9.073769 1.5735692 118.5799383291519 
Car -1 -1 0 394.6932535030573 186.46016162103646 482.3853829925564 235.903998037848 1.4407585 1.6088908 4.001385 -5.6317616 1.9371805 24.247137 1.6830974 57.81636472226303 
Car -1 -1 0 679.0431826276028 180.3741385975389 744.43804459941 229.2780469697317 1.4879577 1.6101794 4.0438523 3.3940597 1.7656329 24.610365 1.558264 17.386534891477528 
Car -1 -1 0 658.5619478290621 179.99471189643634 701.911187393435 214.29445765017616 1.4581537 1.5226569 3.673779 3.2085595 1.8062406 33.310955 1.5367835 32.36419007287824 
Car -1 -1 0 481.484457773187 181.58290266728096 524.8179764337557 210.7930671929117 1.4725426 1.4959631 3.6394577 -5.756402 1.9718397 39.386696 1.6712983 5.535582497491874 
Car -1 -1 0 528.6784454617906 176.92869562021366 578.0773814812767 194.55361461576578 1.4940622 1.6120465 4.103348 -4.958165 1.8624575 63.581787 0.4734711 6.021386796098621 
Car -1 -1 0 651.8818341354354 181.18086394124163 694.8970377232195 211.16963392528407 1.4640898 1.552103 3.6165593 3.3253202 1.9262996 38.163143 1.450781 0.9152213000348348 
Car -1 -1 0 499.3768998162013 181.21267332959698 538.2391980941419 207.3994229637227 1.5040393 1.5484133 3.3998454 -5.5383625 2.0387926 44.372272 1.7059627 1.2249956053719038 

