Car -1 -1 0 308.62635341691225 189.89055564185122 444.50413572585893 265.63056186926815 1.4116049 1.6064416 4.477673 -4.8954654 1.529742 15.920457 1.562314 108.26898171691607 
Car -1 -1 0 175.7653349531981 189.96561677590867 310.4114947821352 255.23713798207143 1.3936841 1.5450168 3.4493263 -8.619646 1.5197325 17.33908 1.5543131 87.3179025592749 
Car -1 -1 0 0.0 192.36984989762826 194.20812603332786 321.38904643962 1.4544598 1.6060802 3.76826 -7.700279 1.5754 10.2343445 1.5264976 50.61482870308785 
Car -1 -1 0 236.358684423559 183.64645551520113 330.53086837353885 228.11916509317865 1.4747882 1.6447198 3.921502 -11.493583 1.4227495 25.806845 1.5613933 49.821390081347346 
Car -1 -1 0 571.1965625168694 180.00183290791404 601.5229530411791 207.07201947522015 1.4640975 1.6348284 3.9905093 -1.1425397 1.1821043 40.880066 1.5642453 14.196079346147865 
Car -1 -1 0 391.04285651607336 183.90515384882096 448.22282636444316 218.1325760035961 1.4766963 1.6337951 4.414809 -8.586186 1.4201546 33.248665 1.5358678 16.963286596127848 
Car -1 -1 0 502.35566605532114 182.99560590632956 538.7934668968896 210.09305488341258 1.4604058 1.5713055 3.694265 -4.845357 1.3407549 40.598774 1.5826634 6.414164737861737 
Car -1 -1 0 333.1759968791265 180.871954225492 386.18610891000156 211.06779775186328 1.5547385 1.6478658 3.9716268 -13.364085 1.3310857 39.029705 1.5311759 1.8804919378642044 
Car -1 -1 0 347.8955919309164 184.89591240784694 416.7275720011963 226.55692177680245 1.4497097 1.5665226 3.767261 -8.334124 1.4385818 26.93475 1.5211596 3.2684987438031436 

