Car -1 -1 0 718.2623652410043 175.11959861871196 896.6947516382324 298.15105606186074 1.5354476 1.6558473 4.253709 2.8136044 1.5773902 11.22065 1.5833299 133.69092818273643 
Car -1 -1 0 372.60600838954235 187.03958452481154 477.88306296943665 257.1838474669799 1.4762821 1.703346 3.9521768 -4.4498158 1.8692213 17.98992 1.5459898 125.79795776164073 
Car -1 -1 0 690.479308114146 173.04427765518284 785.6243850005094 247.77953922732075 1.6168971 1.6097076 3.6119692 2.986854 1.6219745 17.4368 1.5567881 69.95764681629015 
Car -1 -1 0 437.78066952092377 176.09485568871463 509.1704890250963 237.11810233665844 1.8061299 1.5804288 3.773961 -4.3297024 1.9199618 23.45004 1.5788643 80.13479585530953 
Car -1 -1 0 0.0 194.86487008851566 242.14217548679605 281.1650610496767 1.4351811 1.5927734 3.9574695 -9.186843 1.8720784 13.396589 0.06609171 98.63834702786576 
Car -1 -1 0 666.7053971783007 173.94831345812887 724.8344160953477 220.6527147621779 1.5502598 1.5846289 3.755065 3.0228338 1.5924495 25.928268 1.5551441 39.76753222606726 
Car -1 -1 0 474.6840469236297 177.59572489533016 532.6840702781502 223.91175976490945 1.6963339 1.6583973 4.2802567 -4.1720552 1.9011438 29.016033 1.5822182 12.844774449042564 
Car -1 -1 0 536.4576956665592 177.7050631886158 556.8936260065379 195.41716411085673 1.4924307 1.6019375 3.8608425 -5.5970135 1.9358394 63.928596 1.4309753 0.9699839014860787 
Car -1 -1 0 592.5672777918066 177.2679152452176 610.7741281428224 191.17143467237173 1.4853768 1.5254116 3.4621432 -0.8955287 1.9864352 80.07736 1.4114764 0.3527005612850189 

