Car -1 -1 0 432.5329900362271 182.45042140321277 501.56818190080054 227.383134127312 1.3775138 1.5563462 3.6430218 -4.5654507 1.292738 23.865538 1.5784105 69.5843622457616 
Car -1 -1 0 263.612835129929 182.16094710522296 365.5476510793212 235.44112449627428 1.4633762 1.6097339 3.9343815 -8.707988 1.3794754 21.740538 1.5323547 28.05677739927385 
Car -1 -1 0 16.71747008001223 183.0309183026209 237.0565328757121 280.0410156542486 1.495809 1.591467 3.6248817 -8.347611 1.4621216 12.913078 1.5495179 101.74538231275072 
Car -1 -1 0 297.70391760698794 186.59467746630023 440.8558759754446 267.7785221603818 1.4128392 1.5880096 4.006144 -4.626939 1.4446616 14.583625 1.5680062 115.74878702752075 
Car -1 -1 0 160.49022602397838 178.48492336093997 276.5275806718874 230.79802934792414 1.5184225 1.6036148 3.819032 -12.161527 1.3230573 22.776981 1.5735419 62.974482294306355 
Car -1 -1 0 575.6500355351142 175.11942866485063 609.8350433381803 207.101894107796 1.5155056 1.6199241 3.6229835 -0.69376516 1.0370886 35.878876 1.5658023 19.668084919232236 
Car -1 -1 0 457.77276450440615 176.69860790976875 509.0918037324642 212.1004474327139 1.487222 1.5639954 3.6174655 -5.4507656 1.1294212 32.03042 1.6009215 19.086934937643278 
Car -1 -1 0 368.2673088706462 179.29823719315516 428.344722758653 214.07653465581484 1.4503326 1.5732666 3.5081334 -9.152597 1.2035613 31.747368 1.5908225 13.162727099318268 
Car -1 -1 0 436.77771885619904 171.65375886934245 478.0868618614573 201.25615232419545 1.6833891 1.6225437 4.056911 -8.880768 0.91216695 42.907833 1.5702523 0.2780526578426361 
Car -1 -1 0 356.62985040657594 174.48372784572044 413.0581067528818 201.81348966080674 1.4546981 1.5634991 4.138169 -12.416792 0.8834609 40.3958 1.6639123 0.2678888738155365 

