Car -1 -1 0 794.1990434457423 189.81374223758948 1187.4698733088715 375.0 1.3934801 1.6038935 4.1588955 3.1334438 1.6069839 7.0004997 1.5665423 99.82882681342421 
Car -1 -1 0 671.7342574167503 170.829390021279 759.5191986488476 234.9655807214985 1.5214419 1.5539348 3.3946805 2.6746492 1.473414 18.86957 1.4920262 76.01606647060244 
Car -1 -1 0 449.375758127522 166.96178659248577 515.030021421409 215.19362484924392 1.4875712 1.6890064 4.106708 -4.20227 1.3058429 24.347687 1.519509 77.30551259217239 
Car -1 -1 0 721.3389736027074 175.53550149711967 877.327667533933 283.53473309367445 1.5528293 1.5966283 3.3786917 3.027864 1.6045499 12.188599 1.519027 96.87219171024437 
Car -1 -1 0 645.4704522869861 167.60951509708525 712.7634350696977 217.95186548833885 1.5059578 1.5718752 3.6625078 2.180277 1.3490725 23.470531 1.4939107 47.1573738638008 
Car -1 -1 0 131.57300998466508 174.80238901926555 414.7106753132827 363.1109243540335 1.612903 1.5996925 3.7748985 -3.4203691 1.6401043 8.146671 1.5185037 73.85299541733858 
Car -1 -1 0 632.8627299652543 167.40310423386478 686.8429558339471 205.91873704169726 1.4488589 1.5781139 4.2516527 1.9669921 1.24381 29.323593 1.4922216 21.351095040475432 
Car -1 -1 0 484.3686105927405 167.33982268774767 528.3310810457414 204.93994247228204 1.4686198 1.5343721 3.6381974 -4.241167 1.2532419 30.047138 1.5064604 1.360332327366187 
Car -1 -1 0 605.2873666846925 165.30199065606968 630.7720886510853 184.1002856345813 1.572937 1.637196 3.8351579 0.70091033 0.94102645 62.38813 1.4292995 0.8257361955627921 

