Car -1 -1 0 744.1747679240574 180.80518666268867 865.3726897678398 264.2758336216034 1.581806 1.6052065 3.512659 4.1278358 1.7754797 15.793953 1.538734 73.76179317397546 
Car -1 -1 0 802.183119222973 192.61330470867458 1035.4503302051253 331.0284186998721 1.4359558 1.6374553 4.0114346 3.997838 1.7678655 10.092268 1.5988173 98.23604383935827 
Car -1 -1 0 720.9433873460509 182.82065106835398 798.7945879216196 240.35424341581304 1.4615833 1.6112323 3.9497716 4.273598 1.7798917 21.035004 1.6156352 47.20501271418072 
Car -1 -1 0 458.9950297615124 186.30707541795846 531.4616222374623 231.79372377269462 1.4326757 1.6518693 4.0306983 -4.0285735 1.9569302 26.037178 1.6593812 53.55370739269103 
Car -1 -1 0 563.6471544955357 180.83382877346622 592.4898343885199 201.95082441159423 1.4562695 1.5578678 3.5870428 -2.2814832 2.06367 53.047905 1.689935 10.047680900590276 
Car -1 -1 0 703.8577983453913 182.4968152256247 762.885068473569 226.14375761710437 1.4411833 1.6152397 3.691239 4.473071 1.8204044 26.511934 1.5939833 21.697878481992106 
Car -1 -1 0 689.7054310746329 181.4913418943895 739.1886218345729 218.44384949518297 1.4726198 1.5658417 3.8650978 4.528041 1.8741645 31.602867 1.5598658 16.202432224899134 
Car -1 -1 0 521.7034922602234 182.79457506356025 564.2577614809051 214.24155022006275 1.4693785 1.5626723 3.8597188 -3.3541203 2.0056849 36.94718 1.642209 4.3114934276816195 
Car -1 -1 0 510.80389811915217 184.29944367331552 567.1132155917501 223.70765422948386 1.5545135 1.5871583 4.0286508 -3.0363638 2.0920582 31.785412 1.7046533 0.2768738269805908 

