Car -1 -1 0 750.7026021092797 190.28371140564326 991.9969988566116 286.984833839642 1.4964459 1.5966408 3.5901022 4.4301467 1.8217871 12.492766 -0.1010835 149.32354677317866 
Car -1 -1 0 59.166450972515506 188.17126214344358 325.9799935875079 274.1917413334963 1.4777199 1.6191523 4.073477 -7.7076106 1.7863157 13.627785 -0.049312208 137.33552498185193 
Car -1 -1 0 709.2905165768826 191.18180108182554 917.2214834407065 269.97714042111096 1.4755166 1.5618829 3.794019 4.0576477 1.8712862 14.741414 -0.031039342 28.819884703743064 
Car -1 -1 0 454.36072604030176 183.24166109563467 488.7224479429502 208.97626793494138 1.6968244 1.640593 3.7908738 -9.848184 2.465208 51.307484 1.170279 13.362386042734556 
Car -1 -1 0 983.1579267454363 191.0144640973998 1043.2674259995945 215.35410856726403 1.4619007 1.517746 3.6372032 26.8645 2.7221577 48.143257 1.3829503 28.816625811931715 
Car -1 -1 0 123.86094527319521 184.39187356669134 327.80314875192545 262.69583228730204 1.5838304 1.6143043 3.673976 -8.362208 1.8574815 16.015491 -0.16486092 11.325117583205374 
Car -1 -1 0 1056.9515948287037 193.31715922309797 1116.8585228799418 230.54994085536495 1.4291899 1.6218177 4.1911173 21.281815 2.3992667 32.105072 2.303517 8.385244246729329 
Car -1 -1 0 170.170070103082 178.93257707001217 350.5753095034336 250.28859147002441 1.6808577 1.6447643 3.88496 -8.773076 1.8467307 18.448662 -0.22836009 23.148796699561217 
Car -1 -1 0 222.78990595762608 184.19468673255312 375.28903668622564 240.49763940297183 1.5135355 1.5842582 3.8428555 -8.927623 1.8623937 21.030693 -0.2040254 6.955591259224718 
Car -1 -1 0 261.4472702404168 172.9261156120325 383.2247785920686 224.1768238429211 1.8237011 1.7005684 4.1353245 -10.672388 1.8265538 27.111298 -0.30510518 3.8627507669295875 

