Car -1 -1 0 738.8756160189234 184.18587349976846 913.6221642501617 243.84337551163568 1.5050583 1.7203866 4.1941605 5.7680445 1.8265014 19.515976 -0.043887503 125.84940767092952 
Car -1 -1 0 928.0605654256558 186.05359168787112 1242.0 310.5326499168995 1.4954821 1.547344 3.4714804 6.368264 1.6894349 9.728027 -0.05868384 59.583478723212515 
Car -1 -1 0 371.99033459064634 182.12681745689713 496.63381489984835 223.7457181001914 1.5134478 1.6391909 4.338973 -6.5945277 1.8767515 27.438927 0.0050439895 62.5070465048152 
Car -1 -1 0 636.243755267033 181.8771770856873 677.3471923975673 215.23798979240607 1.4247229 1.5506415 3.9614506 2.1637912 1.8737586 33.902832 1.5391195 32.179086348525395 
Car -1 -1 0 157.2821934334384 175.5212576104318 398.0622754904807 267.5931291864218 1.6714573 1.6760021 3.951266 -6.3403606 1.7273802 14.141951 -0.07629108 62.29038399506006 
Car -1 -1 0 0.0 184.68267176184318 339.08711098209557 323.08285076667084 1.5690886 1.586012 3.9202886 -5.7018414 1.7337891 9.186917 0.03424872 96.12838986012049 
Car -1 -1 0 273.8917246688884 184.68424177794364 443.6187875993808 242.1709839132506 1.4399965 1.5740671 3.9718535 -6.58127 1.7680081 19.204693 -0.0070707514 25.154292019950223 
Car -1 -1 0 70.96302745927044 189.73522431010724 376.3451517215054 291.1805034894319 1.4540981 1.5862668 4.0282693 -5.983544 1.7425687 11.477876 0.029374026 44.613771075147966 
Car -1 -1 0 205.65465746571158 184.11946871544527 413.88227550829635 252.35057982276658 1.4641204 1.6035607 4.1365643 -6.7901125 1.7376721 16.646156 -0.035389587 13.194517108897774 
Car -1 -1 0 553.6094297596574 179.53924547873132 575.399750669649 198.24391946816965 1.413241 1.5603988 3.917056 -3.6498897 1.9694797 58.002014 1.459992 0.6677829084136742 
Car -1 -1 0 619.8639222439515 176.863053721141 640.7850344009452 195.25294145896797 1.4950958 1.5732124 3.62459 1.7908144 1.846385 61.350857 1.6568495 0.8806457954806143 
Car -1 -1 0 400.8576477261302 176.47420793083577 492.0674119097512 211.4591057608374 1.6398978 1.6248156 4.0236034 -7.8313413 1.8191142 34.8595 0.023703633 0.32789146900177 

