Car -1 -1 0 0.0 198.47158225456764 347.30004877550607 375.0 1.400998 1.574318 4.147792 -4.0326834 1.5689828 7.0182137 1.5477694 114.18037764029128 
Car -1 -1 0 451.57326958948306 182.00132740022937 510.9876108246451 221.0584743821613 1.4163495 1.5775788 3.9658175 -4.833565 1.2997851 28.061096 1.5836041 41.652993192949495 
Car -1 -1 0 379.0758029892109 186.6245928976013 480.5084748397278 248.0957389972385 1.3828629 1.5769002 3.5830379 -4.3339205 1.4218265 18.067417 1.598727 81.3747364218055 
Car -1 -1 0 331.23065740357566 178.1896890683308 405.3916291112539 224.37861471758256 1.5765731 1.6481228 3.5984693 -8.667683 1.3367534 26.367432 1.5309714 36.37956988007297 
Car -1 -1 0 495.2602603170586 180.5313203062712 532.8985011139912 209.2565165973262 1.4248155 1.5439163 3.7597685 -4.814276 1.1924629 37.549973 1.5526694 12.004914953716279 
Car -1 -1 0 579.392522902961 177.11456351491245 608.4182721798542 205.26835591762924 1.443389 1.4881638 2.6321495 -0.6796489 1.02806 38.171303 1.5720162 14.787424007554597 
Car -1 -1 0 133.3582738934323 195.87658924468218 304.2566012100163 283.18402697074276 1.6360011 1.6845886 3.8654358 -8.34746 1.9001055 15.875323 1.5711781 61.336179061543035 
Car -1 -1 0 159.3913908977059 166.96089121371236 283.9028126450847 232.68467840914224 1.9354253 1.823586 4.4486146 -12.370356 1.3978602 23.429823 1.5282855 5.295328264204519 
Car -1 -1 0 323.7600999522405 180.72421405322402 387.6694259526641 213.280872633357 1.5321606 1.6012688 3.6666775 -12.42322 1.3207853 35.733833 1.6697899 0.5315071475985231 
Car -1 -1 0 613.4032389381373 178.5358722813217 636.6578389822124 199.56197526789117 1.5432154 1.5704237 4.071294 1.3276018 1.0529481 54.815514 1.5454134 0.27064135670661926 

