Car -1 -1 0 329.72677259668825 181.51647268727558 409.0679795681342 225.216134399503 1.4156299 1.5707839 3.790025 -8.228406 1.2957952 25.192348 1.5574205 67.72984712617999 
Car -1 -1 0 557.1060745858863 177.65398390512462 606.207435880685 223.14861174651367 1.547085 1.6708395 3.2598531 -0.92994547 1.2899423 26.105635 1.5330396 40.30321523817752 
Car -1 -1 0 399.43239691544017 175.2710250799757 509.1877108751563 257.4481182130317 1.6327422 1.6980907 4.1297665 -3.321394 1.4351556 16.364513 1.5502822 89.56981519685264 
Car -1 -1 0 94.72261845476926 176.95560150996175 295.01827612769733 271.53646206781127 1.5735068 1.6474636 3.8940248 -7.705878 1.4360867 13.907971 1.5688288 111.89396591056922 
Car -1 -1 0 292.7619019740771 179.78346232411036 355.056940367196 213.1576294786925 1.4374177 1.5924218 3.493741 -12.825594 1.2034526 32.741863 1.525825 19.180551674915673 
Car -1 -1 0 481.9574511189181 179.0945884174741 530.0911838541849 215.7715447746897 1.4337013 1.5831047 3.657708 -4.153027 1.1944273 29.949408 1.5440824 21.121213274096657 
Car -1 -1 0 205.79134529401105 181.46922505817963 297.4566210037703 224.1118215150358 1.447089 1.6091377 3.624838 -12.854147 1.3199513 26.223001 1.5504501 13.638480925435697 
Car -1 -1 0 416.12923288715825 176.0024140980427 460.4961410773018 205.5190474781793 1.4664181 1.5737748 3.5210533 -8.753662 1.0086923 37.494873 1.5435213 6.136086203205197 
Car -1 -1 0 311.052772005955 178.1885406750823 417.08375736741215 214.44296438241912 1.4936457 1.6098148 3.9505866 -10.2363205 1.2041339 30.4474 -0.013376291 1.0577456942633434 

