Car -1 -1 0 629.1333403829202 180.03192815203138 682.0803620009732 217.87069212494825 1.4717784 1.6201806 4.177395 1.907709 1.8020563 31.041946 1.4723965 47.96000091951931 
Car -1 -1 0 765.6999159604443 188.10260373692705 992.5147850633111 260.27046278877253 1.4165235 1.6142337 4.2895765 5.6980777 1.7649257 15.526772 -0.07186152 66.77881252997737 
Car -1 -1 0 819.9556727641053 189.26684490471024 1071.8140643998847 281.69628198742794 1.4537406 1.5472437 3.694197 5.752118 1.7605032 12.578282 -0.07370958 90.24700605260338 
Car -1 -1 0 909.5234195992582 188.50438951887807 1242.0 304.7831477073744 1.4346553 1.5500934 3.7995741 6.4049287 1.673541 10.08314 -0.08324408 42.96166285282245 
Car -1 -1 0 0.07579339627876486 177.93403441140947 318.7656498714518 292.2706597937368 1.6428814 1.6685416 3.9580755 -6.90672 1.7299504 11.409729 -0.06291317 106.18190521316254 
Car -1 -1 0 376.0291384159969 180.19458212661286 491.5989084971281 219.62441770669568 1.4579225 1.5939871 4.0590343 -6.707309 1.7489568 27.794298 0.0077742394 18.32792413782709 
Car -1 -1 0 758.0225115319714 172.94954223482955 936.178255816717 247.20783744939706 1.738821 1.6427197 3.850203 5.789623 1.7413094 17.845451 -0.06656721 27.714162237744183 
Car -1 -1 0 349.1810646173107 179.97998228790487 474.70297306741696 225.25841376877415 1.516266 1.6081758 3.9466457 -6.84044 1.7734388 25.228884 0.0035226424 30.84940142142714 
Car -1 -1 0 102.93146249623753 163.05570127996316 375.7260039130701 267.3512191332908 1.8868003 1.6934686 4.4031115 -7.003775 1.7095401 13.9973955 -0.04463524 61.893290369423916 
Car -1 -1 0 385.8850902163213 153.48379536039053 426.63110372115136 177.584906092931 1.7198869 1.6406088 3.7245011 -15.004023 0.3376034 53.42785 1.6757994 1.4832063483655884 

