Car -1 -1 0 821.5027952059122 194.34920835457743 1092.9640396133152 352.9154593539355 1.427935 1.6072733 3.9151206 3.9720454 1.7556083 9.017082 1.6025032 86.14681218460498 
Car -1 -1 0 724.7828218366684 182.86928936423817 808.3190475741663 244.70633549973638 1.4870098 1.6097721 3.82888 4.222683 1.79056 19.924793 1.6093955 56.36175319028394 
Car -1 -1 0 751.7818484239225 180.4196765121172 882.5577482964158 269.10192979630364 1.5603046 1.5888331 3.5271206 4.095265 1.733993 14.781902 1.5459523 80.03654436124764 
Car -1 -1 0 452.77617384171185 185.6380901404491 523.9827006691635 234.8662754319519 1.5010347 1.6415827 3.7102094 -4.090343 1.9755921 24.885487 1.6275525 58.64743771874887 
Car -1 -1 0 705.9672520274682 182.01242415934618 766.0268698766374 227.78296461805294 1.450722 1.5843539 3.7055433 4.389988 1.7981946 25.49805 1.6029267 30.342771065891633 
Car -1 -1 0 561.1677275858534 181.37279495843126 590.6051544942147 202.82726532994496 1.4477608 1.5273702 3.6245568 -2.396032 2.0850666 52.086357 1.6954161 12.71326310393645 
Car -1 -1 0 690.603629947337 180.51662315768093 737.2978292504115 219.13116628658068 1.4863687 1.5428572 3.9499242 4.3580265 1.8322699 30.56967 1.6069318 11.915654630265529 
Car -1 -1 0 494.86947505780444 184.6683088162489 547.6156551252557 223.8421105249638 1.4958974 1.5291036 3.8020623 -3.687749 2.0301526 30.678787 1.6408725 9.79326043575323 
Car -1 -1 0 516.414421134069 182.2314096628574 561.617206066028 216.16005232860795 1.5392888 1.5990299 4.0292177 -3.4525743 2.0332136 35.9404 1.6388183 2.3511861460045638 

