Car -1 -1 0 656.021638331845 177.69994273270217 707.6852006211892 219.95275208032436 1.5644935 1.5999975 3.9172876 2.8511386 1.7735445 29.148428 1.5454438 57.715343612143144 
Car -1 -1 0 395.26847245047946 191.63665204528291 466.1187948262544 238.5139451831702 1.4502325 1.5588121 3.5659566 -6.2502604 2.1625116 25.563074 1.59215 51.664782684203324 
Car -1 -1 0 436.06517270371813 190.1481885231885 492.5688726557511 228.66612718517493 1.4611045 1.570641 3.9287775 -6.1899576 2.254702 31.12937 1.5920545 36.2654874026981 
Car -1 -1 0 99.60539379833693 201.26135841694588 188.52789933462682 240.6220948617016 1.5141258 1.5709513 3.6763096 -20.70748 2.8574705 32.272236 1.5839003 44.98362437729876 
Car -1 -1 0 475.7673924906137 181.57520021178442 516.3499442221328 215.76687264310158 1.7242788 1.636174 4.1485395 -6.161007 2.2274232 39.53949 1.5542041 21.177754019140774 
Car -1 -1 0 51.50764680982762 205.62111064224956 143.8184140037123 242.59962985596292 1.4270154 1.5968635 3.8244731 -23.42696 3.022161 33.195244 1.5477138 19.427643099905676 
Car -1 -1 0 0.0 208.26812842332447 93.32866329334615 247.2105871987562 1.5030433 1.6708989 3.703741 -25.826477 3.2197037 33.10947 1.5532176 22.229177290949334 
Car -1 -1 0 626.9844471617037 176.62174220868818 642.4613368032503 191.38402543830773 1.5422196 1.6137872 3.511966 2.7417884 1.9593751 78.09142 1.6228806 1.7592241042136767 
Car -1 -1 0 513.4017864705742 181.82837635996523 544.423305902865 202.3874567787891 1.4689893 1.5460021 4.2886977 -6.278015 2.1916437 55.82288 1.254872 0.36693280935287476 
Car -1 -1 0 536.3608867871975 181.98957755136416 559.4169782761776 197.9147452332572 1.4816648 1.5829457 4.0462885 -6.0901136 2.4148626 71.616325 1.6650854 0.9045937112790883 
Car -1 -1 0 162.12400655363325 201.522216489057 244.57688916852877 238.9585006348348 1.4376309 1.5875579 3.6383352 -18.114323 2.7962933 32.35871 1.5936987 1.1318891969027884 

