Car -1 -1 0 684.0344795027081 181.02268268453673 808.8309127366774 265.0802997176546 1.4667592 1.6393518 4.3035913 2.7008095 1.6635996 15.20107 1.5267471 87.96649950058337 
Car -1 -1 0 668.2294170277528 177.8040693512357 728.1602171260776 221.17714022178646 1.4045315 1.5465732 4.1760206 3.1021125 1.5970235 25.952124 1.5465548 49.963935487302294 
Car -1 -1 0 0.0 195.34586779864472 263.22147003347476 337.64893343471715 1.4345247 1.5894134 3.9604094 -6.422959 1.728234 8.494538 0.06811569 62.70549249597017 
Car -1 -1 0 5.769964098649039 189.04051391914217 329.4522665984477 297.6256158609914 1.4833026 1.6054052 3.9122796 -6.514262 1.7475077 10.94147 -0.017012894 48.15987794112337 
Car -1 -1 0 124.40046375431783 181.00176161136707 373.9230492461762 273.62950468008785 1.5659696 1.5894451 3.862544 -6.549243 1.7273128 13.327656 0.08744499 48.57842289244708 
Car -1 -1 0 296.28740855074386 185.87775494639803 472.54747959886123 244.3524025669369 1.429427 1.6058688 4.133484 -5.8543167 1.7898655 19.015808 0.07377669 88.87246905772508 
Car -1 -1 0 317.6696057391595 180.95066186491428 466.28265570376715 234.56356903283816 1.5212232 1.6228472 3.9737816 -6.424964 1.7733635 21.60231 -0.028288268 17.90338692427721 
Car -1 -1 0 642.0991453677291 173.00982360631164 677.4610907934682 201.01228711696245 1.6785557 1.6850384 4.090325 3.1092014 1.6888062 45.370113 1.50582 10.119649529371404 
Car -1 -1 0 346.217442835371 167.95653470925816 473.44283809931625 222.38068929703786 1.74709 1.6403306 3.7735076 -6.5694413 1.5898745 23.99111 0.004559694 13.615633727785312 
Car -1 -1 0 98.09843656145283 168.98097726983448 181.87539415505398 204.62463028462858 1.5030074 1.6206611 3.520346 -20.873142 1.3396912 32.23474 1.5056022 4.323414879311908 

