Car -1 -1 0 785.4832220451362 192.2117868208103 1134.3487988586892 375.0 1.4294451 1.5534683 3.519444 2.8370295 1.6570566 6.720601 1.575475 105.31455518347016 
Car -1 -1 0 712.3069520250115 178.1740969509794 840.4444502380185 220.89010347898287 1.4099162 1.5851364 4.048937 5.763051 1.6029307 25.1274 -0.13098493 34.73069113213155 
Car -1 -1 0 212.64399754194304 173.53963889340616 420.41725903737586 244.54639479343518 1.5406783 1.6683481 4.085455 -6.601343 1.5572177 16.538961 0.015910791 31.789988767044747 
Car -1 -1 0 635.1568012865381 173.18567961884958 672.091187691148 201.51404830564857 1.5107148 1.6398307 4.2020206 2.4306655 1.5303895 40.664906 1.5251681 22.54452644226872 
Car -1 -1 0 138.98725377165553 177.08908387317052 394.4393964507795 259.74674250004875 1.4959661 1.6370952 4.1774235 -6.5061455 1.583331 14.016066 -0.024002776 43.9441851093319 
Car -1 -1 0 0.0 171.81773297644148 325.40999280863224 309.2714200259763 1.5739496 1.6191263 4.0764685 -5.9641876 1.5620835 9.165176 0.04629346 73.34146310410033 
Car -1 -1 0 293.8149771054078 169.41276000173852 453.50875314517486 229.20539449848334 1.6718037 1.695656 4.1321306 -6.7959523 1.5755864 21.100132 -0.038103294 54.65237140381288 
Car -1 -1 0 739.76197278287 178.7201562692361 878.2634205885767 228.5699256369541 1.4541194 1.5681276 3.7992566 6.073617 1.6420859 22.192703 -0.07663789 34.966821508589526 
Car -1 -1 0 857.4306647332005 171.22789130469388 1155.106604429534 282.80613186022856 1.6848282 1.6279485 3.9620056 6.3129196 1.6602739 11.834327 0.06406384 64.84242489506386 
Car -1 -1 0 784.3647772471668 180.31580220224467 958.8470030914492 245.9988838998377 1.4662995 1.5553827 3.5800452 6.153551 1.6528546 17.172 -0.0507049 38.69877079697449 
Car -1 -1 0 816.9465036663868 177.87117722928903 1050.8424981732185 259.61171290125884 1.5109141 1.5764691 3.9016984 6.2652245 1.6152892 14.222218 -5.6105837e-05 19.312098328502 
Car -1 -1 0 31.950252486498854 173.5607564567014 322.69399272899125 273.34540988228116 1.5102603 1.5875672 3.7741623 -6.8668327 1.5225354 11.73192 -0.0032821211 40.656042254420335 
Car -1 -1 0 713.9050806682875 170.4816264014679 827.9686046777549 218.43584754538315 1.7478845 1.67907 3.8866374 6.054095 1.6614137 27.304491 -0.08696283 13.184147453467242 
Car -1 -1 0 452.95177235982885 172.61417199699986 532.827730830222 202.40681281130455 1.5085012 1.5952487 3.810075 -6.042981 1.4963577 37.562325 0.124744534 7.422415232137164 
Car -1 -1 0 773.0272239362051 177.11103635119454 931.3533817052329 234.03657600809998 1.4832965 1.5861483 3.8146267 6.6071935 1.6059408 19.863266 -0.06976473 6.014544552678942 
Car -1 -1 0 326.71907494665226 159.94071688207364 472.7744207319696 218.73507546274203 1.8399742 1.6479673 4.306406 -6.7427654 1.4358518 23.51248 -0.05063052 19.286633580047084 
Car -1 -1 0 431.6005418636203 172.37244234054074 517.9858039686645 205.38186689759547 1.5571166 1.6190703 3.8506875 -6.474572 1.5344005 34.905067 0.03097584 6.509239765205796 

