Car -1 -1 0 195.7130804457039 196.20116894180768 390.74921556383447 293.3798049777623 1.428287 1.7195127 4.346775 -5.7889094 1.9481659 13.864785 1.6055238 131.82775331693946 
Car -1 -1 0 686.3855389128947 182.36435805621198 754.0937653320617 231.58629339216242 1.4186585 1.5397267 3.5990927 3.4939365 1.7500451 23.32075 1.5418115 71.5449242848381 
Car -1 -1 0 723.7233172931668 179.2708669057233 863.5642721410809 277.791955750443 1.5335703 1.6282876 4.0442414 3.2542179 1.6719248 13.526522 1.5813696 95.98502593818706 
Car -1 -1 0 344.6075711302034 190.85465640849563 443.30404512528287 253.71031023236802 1.4675057 1.5369519 3.6238103 -5.7714624 2.005264 19.724937 1.5958052 59.68525384733897 
Car -1 -1 0 783.2557525811038 182.71899554229464 1103.7375645564719 363.37197090919733 1.4600408 1.663965 3.9695005 3.2916613 1.59757 8.054718 1.5465552 88.27658385713924 
Car -1 -1 0 427.8619108279327 185.44111896690805 503.2480158439283 227.9880830317246 1.4854622 1.6665533 4.3332458 -5.6364756 2.0267851 28.7775 1.6947726 29.773060420694183 
Car -1 -1 0 651.8178894405678 178.60567855148258 692.2843474473101 209.44995908512024 1.5018787 1.5544418 3.759871 3.2209663 1.8184068 37.7801 1.5037181 12.246252552112646 
Car -1 -1 0 666.8478998556035 180.25458494563094 723.9799162590537 221.40783540958665 1.5059714 1.6298518 4.14827 3.4030995 1.8279103 29.276005 1.5208815 12.283577133832557 
Car -1 -1 0 646.7903873322144 180.67145000734683 682.9782979459175 207.41379922248876 1.5044141 1.5870241 3.3454566 3.285069 1.9931233 43.359703 1.4646693 0.9464116976743272 
Car -1 -1 0 497.4800080245472 180.8541944389524 532.5232704914654 207.22704219447968 1.4819373 1.5492314 3.6288366 -5.655912 1.9844816 43.49076 1.5965201 0.6176450389188215 

