Car -1 -1 0 629.9606622909314 180.04606190610292 680.4572486837745 216.7479559049141 1.474395 1.6153259 4.244136 1.9547815 1.8154094 32.02704 1.4825865 47.08484516215464 
Car -1 -1 0 759.7455255172782 187.88224865635243 969.2773620838481 256.2437781406878 1.4287696 1.6002185 4.2248993 5.729232 1.7919967 16.472359 -0.08028194 49.66198161599644 
Car -1 -1 0 806.2972406915724 186.11036174546024 1046.1303809115273 273.1580855826498 1.4908524 1.5751294 3.8369617 5.845111 1.7570336 13.563677 -0.07249272 79.72250530558962 
Car -1 -1 0 939.4767425145847 192.26318296666867 1242.0 333.7115081080208 1.4713275 1.5788662 3.7157612 6.1387534 1.724747 8.57868 -0.028582074 82.95499562691515 
Car -1 -1 0 883.7002244294304 187.59084100292475 1184.9442577769312 295.3934618317688 1.4673327 1.5671178 3.7872128 6.3884773 1.7130901 11.059839 -0.10228302 37.90663050825351 
Car -1 -1 0 44.58887471615272 178.3531851052469 344.0095436642213 283.3229684085092 1.6375008 1.6883355 4.1227965 -6.9098563 1.7394619 12.369793 -0.08107774 89.60151896452334 
Car -1 -1 0 387.93719133431557 180.07554073577634 497.9239209644748 218.18713732104095 1.4587197 1.58829 4.0029135 -6.6109858 1.7564902 28.854277 0.05214025 16.983416572929773 
Car -1 -1 0 750.0906181355011 173.49672793814383 918.5070578360799 244.6642217284446 1.7617553 1.6740984 3.8534331 5.7818637 1.7793792 18.831972 -0.061054207 23.414608901194796 
Car -1 -1 0 619.9439623338176 177.4466055939976 647.7107314420786 202.1468007503664 1.5238794 1.540075 3.720066 1.5492547 1.8357501 47.107822 1.5301613 3.7030893408128063 
Car -1 -1 0 141.31740835180398 160.38841735199546 391.7326595850279 258.532381491539 1.9056128 1.703687 4.3684063 -6.94524 1.6635747 14.952835 -0.04213608 33.05256248718584 
Car -1 -1 0 446.0970731117199 175.63391612494632 523.6167811264576 204.87614528675854 1.5700697 1.6239269 3.979011 -6.823824 1.7263398 39.729626 0.009555822 3.7024998528954858 
Car -1 -1 0 361.3329124830662 180.85752301189288 478.9027372241394 224.13108274354732 1.5031588 1.587276 3.8456414 -6.801957 1.8020988 26.154081 -0.0012907502 5.45539057798987 
Car -1 -1 0 391.14358474083855 154.62508928962367 431.62052823851997 178.51996541016456 1.7393975 1.6996984 3.848866 -14.922449 0.41244656 54.51834 1.6636004 2.560610252019249 

