Car -1 -1 0 711.0840101315001 186.27337626780238 878.5227738205461 305.5826654941984 1.4977196 1.6095409 4.062054 2.7312026 1.7504802 11.553228 1.5629332 111.86370026965108 
Car -1 -1 0 309.43367127000823 190.78686346562188 486.1241499588606 311.7878321679959 1.467524 1.5731893 4.2044077 -3.111384 1.8050385 11.477167 1.5716778 94.53039992710292 
Car -1 -1 0 495.05138735507717 187.455033828797 553.1733896027893 237.20410266572839 1.4655255 1.591721 4.010149 -2.8160255 2.0016174 24.46776 1.5459284 54.7475088932793 
Car -1 -1 0 0.7094144449356118 202.3945048427774 423.21127070226834 375.0 1.4219089 1.6461062 3.6336646 -2.8179362 1.7466409 6.0915284 1.5414853 63.52721684122964 
Car -1 -1 0 685.8222763137777 189.01738765281786 783.4327747352615 262.50614866468413 1.4380026 1.5797437 3.7392533 2.7909408 1.8570656 16.826551 1.5567583 53.223015606056876 
Car -1 -1 0 654.1111868260999 173.961952853785 712.8258348686893 228.47547360920697 1.8642755 1.6023624 3.7507267 2.6571393 1.9081644 26.667683 1.5188621 44.719562005281226 
Car -1 -1 0 660.748280141258 186.62849118832702 734.5575028049227 240.89947582918816 1.4352921 1.5394719 3.8307447 2.5963228 1.893609 22.043507 1.5014026 50.379782839222635 
Car -1 -1 0 633.303942054245 182.31177703358608 661.7088603019398 207.85853347080638 1.4813503 1.496742 3.6771984 2.334414 2.096425 45.06865 1.5472953 23.35700507280885 
Car -1 -1 0 531.2912793832604 183.9205935983435 566.9343063977866 218.2647825482079 1.5183196 1.5367291 3.9614272 -2.8990183 2.0889006 35.196243 1.5371608 22.6729669472626 
Car -1 -1 0 563.1538025987885 181.9067497028874 583.7584373935562 200.32907477728924 1.4802269 1.6364253 3.89342 -3.0673718 2.2809715 61.862087 1.5538973 6.243677348233157 

