Car -1 -1 0 241.6844437243785 194.15869164256458 432.87259207717534 317.891036616005 1.4764816 1.5680324 3.3911953 -3.8921256 1.8488834 10.90513 1.5858532 119.67144596463167 
Car -1 -1 0 657.1068191519618 182.48180211086128 709.6505481819522 224.81115220198828 1.3706133 1.5520784 3.7103086 2.5996406 1.743361 26.07262 1.5800697 66.87950841874525 
Car -1 -1 0 819.1991418372121 167.6335609348536 1023.164486198928 229.67153749092125 1.5669104 1.7205884 4.6629596 8.136 1.4350562 19.111052 -0.011467441 97.5650419852867 
Car -1 -1 0 749.588550347444 167.18232198293356 871.5780980098078 209.68172853146913 1.6181712 1.6765578 4.32281 7.8693748 1.4022211 28.455086 -0.06763141 40.27538551973362 
Car -1 -1 0 405.8467111109266 190.27543629658408 466.76122512205825 234.76881704418193 1.4460237 1.5958165 4.3778625 -6.4975605 2.1631365 27.454502 1.4904312 45.384214378689094 
Car -1 -1 0 794.4591779404112 163.2824270420006 946.2957391361832 220.41541110970243 1.6913638 1.6761023 4.072929 7.9609604 1.408007 22.251766 -0.02633111 48.15989010751125 
Car -1 -1 0 1019.2770207785962 154.1123643515742 1118.9398190279032 188.31483431050646 1.6071534 1.6287365 3.8130813 22.118746 0.7264951 34.80718 -0.0467392 15.427006859997906 
Car -1 -1 0 314.47293741819476 193.99923762042343 419.75224395520854 257.0677917615543 1.4154114 1.5310678 3.854464 -6.383263 2.0409105 19.415125 1.5727837 7.734104477276645 
Car -1 -1 0 1065.4739616588624 153.3145268259195 1188.6962650318208 188.94870441667084 1.51488 1.6654526 4.229887 22.568512 0.6842178 31.55812 -0.024417017 6.862060306044743 
Car -1 -1 0 985.0361565072852 157.07745156817182 1075.904865300516 186.9903710711476 1.544053 1.6243584 3.8410456 22.16129 0.7296947 38.079647 0.011977239 3.8525736769993473 
Car -1 -1 0 474.6058178410639 184.1536419075812 517.0385873005508 212.3825368013849 1.488429 1.581305 4.160274 -6.539854 2.177331 41.866955 1.6293528 1.2100176645651775 
Car -1 -1 0 936.2176224485895 161.0924046618988 988.573407670873 187.87791968106265 1.4734654 1.6308297 3.8695166 20.330471 0.8264624 41.726044 1.7198721 0.5721637751067261 
Car -1 -1 0 746.5862846052966 179.9574365414051 815.0391162015317 224.1308535598948 1.4185029 1.6377786 3.7535198 6.0047336 1.6899978 25.678999 1.5980036 0.32094799286393144 

